chrom	length	bases	mean	min	max
SCAF_1	5574741	1869205116	335.30	0	15035
SCAF_1_region	5574741	1869205116	335.30	0	15035
SCAF_2	4079479	1389459650	340.60	0	13679
SCAF_2_region	4079479	1389459650	340.60	0	13679
SCAF_3	3666439	1259368477	343.49	0	16265
SCAF_3_region	3666439	1259368477	343.49	0	16265
SCAF_4	2601389	1014485494	389.98	0	23208
SCAF_4_region	2601389	1014485494	389.98	0	23208
SCAF_5	2032088	708104155	348.46	0	22593
SCAF_5_region	2032088	708104155	348.46	0	22593
SCAF_6	1976889	746032179	377.38	0	13132
SCAF_6_region	1976889	746032179	377.38	0	13132
SCAF_7	1932263	672111617	347.84	0	18347
SCAF_7_region	1932263	672111617	347.84	0	18347
SCAF_8	1669080	520884429	312.08	0	11701
SCAF_8_region	1669080	520884429	312.08	0	11701
SCAF_9	1646134	559803733	340.07	0	14706
SCAF_9_region	1646134	559803733	340.07	0	14706
SCAF_10	1570817	557411522	354.85	0	16953
SCAF_10_region	1570817	557411522	354.85	0	16953
SCAF_11	1437752	530407437	368.91	0	10396
SCAF_11_region	1437752	530407437	368.91	0	10396
SCAF_12	978195	376439507	384.83	0	452685
SCAF_12_region	978195	376439507	384.83	0	452685
SCAF_13	598471	95387684	159.39	0	16484
SCAF_13_region	598471	95387684	159.39	0	16484
SCAF_14	247525	563730095	2277.47	0	31324
SCAF_14_region	247525	563730095	2277.47	0	31324
SCAF_15	224905	2771415	12.32	0	263
SCAF_15_region	224905	2771415	12.32	0	263
SCAF_16	181804	21527074	118.41	0	36153
SCAF_16_region	181804	21527074	118.41	0	36153
SCAF_17	176395	1550871	8.79	0	71
SCAF_17_region	176395	1550871	8.79	0	71
SCAF_18	160122	566400	3.54	0	276
SCAF_18_region	160122	566400	3.54	0	276
SCAF_19	139354	480288	3.45	0	103
SCAF_19_region	139354	480288	3.45	0	103
SCAF_20	131876	1375883	10.43	0	87
SCAF_20_region	131876	1375883	10.43	0	87
SCAF_21	130124	1813840	13.94	0	340
SCAF_21_region	130124	1813840	13.94	0	340
SCAF_22	121580	1584898	13.04	0	76
SCAF_22_region	121580	1584898	13.04	0	76
SCAF_23	117381	1135958	9.68	0	239
SCAF_23_region	117381	1135958	9.68	0	239
SCAF_24	115879	587441	5.07	0	76
SCAF_24_region	115879	587441	5.07	0	76
SCAF_25	115495	1036957	8.98	0	135
SCAF_25_region	115495	1036957	8.98	0	135
SCAF_26	113072	1156044	10.22	0	77
SCAF_26_region	113072	1156044	10.22	0	77
SCAF_27	110609	23933119	216.38	0	14362
SCAF_27_region	110609	23933119	216.38	0	14362
SCAF_28	109542	337669	3.08	0	145
SCAF_28_region	109542	337669	3.08	0	145
SCAF_29	108319	26618067	245.74	0	3679
SCAF_29_region	108319	26618067	245.74	0	3679
SCAF_30	107902	3379176	31.32	0	8376
SCAF_30_region	107902	3379176	31.32	0	8376
SCAF_31	106626	8007222	75.10	0	8483
SCAF_31_region	106626	8007222	75.10	0	8483
SCAF_32	102192	4976471	48.70	0	7227
SCAF_32_region	102192	4976471	48.70	0	7227
SCAF_33	98221	1530191	15.58	0	72
SCAF_33_region	98221	1530191	15.58	0	72
SCAF_34	97882	1346456	13.76	0	77
SCAF_34_region	97882	1346456	13.76	0	77
SCAF_35	95705	218119	2.28	0	275
SCAF_35_region	95705	218119	2.28	0	275
SCAF_36	94431	959297	10.16	0	163
SCAF_36_region	94431	959297	10.16	0	163
SCAF_37	92851	579433	6.24	0	84
SCAF_37_region	92851	579433	6.24	0	84
SCAF_38	89142	1340237	15.03	0	332
SCAF_38_region	89142	1340237	15.03	0	332
SCAF_39	88257	701614	7.95	0	60
SCAF_39_region	88257	701614	7.95	0	60
SCAF_40	85354	1183340	13.86	0	320
SCAF_40_region	85354	1183340	13.86	0	320
SCAF_41	82239	884460	10.75	0	87
SCAF_41_region	82239	884460	10.75	0	87
SCAF_42	77162	857176	11.11	0	85
SCAF_42_region	77162	857176	11.11	0	85
SCAF_43	76714	1002316	13.07	0	171
SCAF_43_region	76714	1002316	13.07	0	171
SCAF_44	76272	3068778	40.23	0	7352
SCAF_44_region	76272	3068778	40.23	0	7352
SCAF_45	73110	305298	4.18	0	46
SCAF_45_region	73110	305298	4.18	0	46
SCAF_46	72118	1331717	18.47	0	110
SCAF_46_region	72118	1331717	18.47	0	110
SCAF_47	70166	774164	11.03	0	67
SCAF_47_region	70166	774164	11.03	0	67
SCAF_48	69627	1292127	18.56	0	86
SCAF_48_region	69627	1292127	18.56	0	86
SCAF_49	69624	956030	13.73	0	703
SCAF_49_region	69624	956030	13.73	0	703
SCAF_50	68258	906622	13.28	0	89
SCAF_50_region	68258	906622	13.28	0	89
SCAF_51	66966	567058	8.47	0	106
SCAF_51_region	66966	567058	8.47	0	106
SCAF_52	66855	515156	7.71	0	83
SCAF_52_region	66855	515156	7.71	0	83
SCAF_53	65552	316987	4.84	0	198
SCAF_53_region	65552	316987	4.84	0	198
SCAF_54	65267	249879	3.83	0	59
SCAF_54_region	65267	249879	3.83	0	59
SCAF_55	65114	394152	6.05	0	84
SCAF_55_region	65114	394152	6.05	0	84
SCAF_56	62812	204171	3.25	0	185
SCAF_56_region	62812	204171	3.25	0	185
SCAF_57	62187	73200	1.18	0	38
SCAF_57_region	62187	73200	1.18	0	38
SCAF_58	61544	671275	10.91	0	484
SCAF_58_region	61544	671275	10.91	0	484
SCAF_59	61533	442173	7.19	0	87
SCAF_59_region	61533	442173	7.19	0	87
SCAF_60	61411	4773905	77.74	0	6125
SCAF_60_region	61411	4773905	77.74	0	6125
SCAF_61	61115	1172784	19.19	0	106
SCAF_61_region	61115	1172784	19.19	0	106
SCAF_62	59972	58619	0.98	0	220
SCAF_62_region	59972	58619	0.98	0	220
SCAF_63	59743	120656	2.02	0	247
SCAF_63_region	59743	120656	2.02	0	247
SCAF_64	58841	2263302	38.46	0	3587
SCAF_64_region	58841	2263302	38.46	0	3587
SCAF_65	58838	209221	3.56	0	52
SCAF_65_region	58838	209221	3.56	0	52
SCAF_66	58483	997887	17.06	0	671
SCAF_66_region	58483	997887	17.06	0	671
SCAF_67	57162	297430	5.20	0	123
SCAF_67_region	57162	297430	5.20	0	123
SCAF_68	56404	2139528	37.93	0	1163
SCAF_68_region	56404	2139528	37.93	0	1163
SCAF_69	55942	296526	5.30	0	34
SCAF_69_region	55942	296526	5.30	0	34
SCAF_70	55722	1006538	18.06	0	65
SCAF_70_region	55722	1006538	18.06	0	65
SCAF_71	55604	851239	15.31	0	73
SCAF_71_region	55604	851239	15.31	0	73
SCAF_72	54709	137293	2.51	0	26
SCAF_72_region	54709	137293	2.51	0	26
SCAF_73	52157	85678	1.64	0	25
SCAF_73_region	52157	85678	1.64	0	25
SCAF_74	52077	674141	12.95	0	71
SCAF_74_region	52077	674141	12.95	0	71
SCAF_75	51185	255112	4.98	0	180
SCAF_75_region	51185	255112	4.98	0	180
SCAF_76	50428	25961473	514.82	0	8400
SCAF_76_region	50428	25961473	514.82	0	8400
SCAF_77	50384	101015	2.00	0	96
SCAF_77_region	50384	101015	2.00	0	96
SCAF_78	49366	1017065	20.60	0	120
SCAF_78_region	49366	1017065	20.60	0	120
SCAF_79	49160	400973	8.16	0	184
SCAF_79_region	49160	400973	8.16	0	184
SCAF_80	48966	788144	16.10	0	72
SCAF_80_region	48966	788144	16.10	0	72
SCAF_81	48848	75572	1.55	0	37
SCAF_81_region	48848	75572	1.55	0	37
SCAF_82	48542	212178	4.37	0	72
SCAF_82_region	48542	212178	4.37	0	72
SCAF_83	48542	144812	2.98	0	39
SCAF_83_region	48542	144812	2.98	0	39
SCAF_84	47775	108390	2.27	0	46
SCAF_84_region	47775	108390	2.27	0	46
SCAF_85	47318	1119428	23.66	0	149
SCAF_85_region	47318	1119428	23.66	0	149
SCAF_86	46994	817264	17.39	0	77
SCAF_86_region	46994	817264	17.39	0	77
SCAF_87	46805	480575	10.27	0	51
SCAF_87_region	46805	480575	10.27	0	51
SCAF_88	46738	495482	10.60	0	233
SCAF_88_region	46738	495482	10.60	0	233
SCAF_89	46547	615990	13.23	0	73
SCAF_89_region	46547	615990	13.23	0	73
SCAF_90	46221	112741	2.44	0	71
SCAF_90_region	46221	112741	2.44	0	71
SCAF_91	44916	885480	19.71	0	77
SCAF_91_region	44916	885480	19.71	0	77
SCAF_92	44616	64491349	1445.48	0	7416
SCAF_92_region	44616	64491349	1445.48	0	7416
SCAF_93	44136	74784	1.69	0	45
SCAF_93_region	44136	74784	1.69	0	45
SCAF_94	43913	224926	5.12	0	161
SCAF_94_region	43913	224926	5.12	0	161
SCAF_95	43808	261915	5.98	0	59
SCAF_95_region	43808	261915	5.98	0	59
SCAF_96	43342	260548	6.01	0	64
SCAF_96_region	43342	260548	6.01	0	64
SCAF_97	43038	65829617	1529.57	0	25389
SCAF_97_region	43038	65829617	1529.57	0	25389
SCAF_98	42896	58360	1.36	0	36
SCAF_98_region	42896	58360	1.36	0	36
SCAF_99	42178	357628	8.48	0	93
SCAF_99_region	42178	357628	8.48	0	93
SCAF_100	41993	54854	1.31	0	31
SCAF_100_region	41993	54854	1.31	0	31
SCAF_101	41585	537329	12.92	0	64
SCAF_101_region	41585	537329	12.92	0	64
SCAF_102	41267	17633056	427.29	0	1075
SCAF_102_region	41267	17633056	427.29	0	1075
SCAF_103	41164	39150	0.95	0	38
SCAF_103_region	41164	39150	0.95	0	38
SCAF_104	40984	221510	5.40	0	36
SCAF_104_region	40984	221510	5.40	0	36
SCAF_105	40971	144164	3.52	0	50
SCAF_105_region	40971	144164	3.52	0	50
SCAF_106	40689	511836	12.58	0	109
SCAF_106_region	40689	511836	12.58	0	109
SCAF_107	40038	92889	2.32	0	45
SCAF_107_region	40038	92889	2.32	0	45
SCAF_108	39998	105222	2.63	0	81
SCAF_108_region	39998	105222	2.63	0	81
SCAF_109	39904	88946	2.23	0	53
SCAF_109_region	39904	88946	2.23	0	53
SCAF_110	39605	135515	3.42	0	44
SCAF_110_region	39605	135515	3.42	0	44
SCAF_111	39279	174411	4.44	0	158
SCAF_111_region	39279	174411	4.44	0	158
SCAF_112	39164	18392493	469.63	0	2775
SCAF_112_region	39164	18392493	469.63	0	2775
SCAF_113	39049	333142	8.53	0	47
SCAF_113_region	39049	333142	8.53	0	47
SCAF_114	38983	187501	4.81	0	69
SCAF_114_region	38983	187501	4.81	0	69
SCAF_115	38824	9314248	239.91	0	8202
SCAF_115_region	38824	9314248	239.91	0	8202
SCAF_116	37823	49476	1.31	0	141
SCAF_116_region	37823	49476	1.31	0	141
SCAF_117	37728	55688599	1476.05	0	20990
SCAF_117_region	37728	55688599	1476.05	0	20990
SCAF_118	37705	469320	12.45	0	87
SCAF_118_region	37705	469320	12.45	0	87
SCAF_119	37514	430928	11.49	0	64
SCAF_119_region	37514	430928	11.49	0	64
SCAF_120	37456	57410072	1532.73	0	26769
SCAF_120_region	37456	57410072	1532.73	0	26769
SCAF_121	37441	46410084	1239.55	0	7906
SCAF_121_region	37441	46410084	1239.55	0	7906
SCAF_122	37347	808641	21.65	0	1423
SCAF_122_region	37347	808641	21.65	0	1423
SCAF_123	37222	132365	3.56	0	33
SCAF_123_region	37222	132365	3.56	0	33
SCAF_124	36961	311134	8.42	0	1214
SCAF_124_region	36961	311134	8.42	0	1214
SCAF_125	36710	172806	4.71	0	40
SCAF_125_region	36710	172806	4.71	0	40
SCAF_126	36614	97748	2.67	0	46
SCAF_126_region	36614	97748	2.67	0	46
SCAF_127	36584	253309	6.92	0	85
SCAF_127_region	36584	253309	6.92	0	85
SCAF_128	36068	830865	23.04	0	77
SCAF_128_region	36068	830865	23.04	0	77
SCAF_129	35972	566362	15.74	0	68
SCAF_129_region	35972	566362	15.74	0	68
SCAF_130	35925	529992	14.75	0	177
SCAF_130_region	35925	529992	14.75	0	177
SCAF_131	35704	8124	0.23	0	201
SCAF_131_region	35704	8124	0.23	0	201
SCAF_132	35264	310813	8.81	0	52
SCAF_132_region	35264	310813	8.81	0	52
SCAF_133	35121	63182111	1798.98	0	29109
SCAF_133_region	35121	63182111	1798.98	0	29109
SCAF_134	35117	113411	3.23	0	46
SCAF_134_region	35117	113411	3.23	0	46
SCAF_135	34903	131069	3.76	0	43
SCAF_135_region	34903	131069	3.76	0	43
SCAF_136	34900	44105410	1263.77	0	17306
SCAF_136_region	34900	44105410	1263.77	0	17306
SCAF_137	34765	162016	4.66	0	35
SCAF_137_region	34765	162016	4.66	0	35
SCAF_138	34687	74087	2.14	0	535
SCAF_138_region	34687	74087	2.14	0	535
SCAF_139	34615	361806	10.45	0	61
SCAF_139_region	34615	361806	10.45	0	61
SCAF_140	34599	52935341	1529.97	0	13524
SCAF_140_region	34599	52935341	1529.97	0	13524
SCAF_141	34497	23357646	677.09	0	26432
SCAF_141_region	34497	23357646	677.09	0	26432
SCAF_142	34440	37260831	1081.91	0	4854
SCAF_142_region	34440	37260831	1081.91	0	4854
SCAF_143	34384	124607	3.62	0	41
SCAF_143_region	34384	124607	3.62	0	41
SCAF_144	34330	113414	3.30	0	91
SCAF_144_region	34330	113414	3.30	0	91
SCAF_145	34087	70407	2.07	0	56
SCAF_145_region	34087	70407	2.07	0	56
SCAF_146	33692	481395	14.29	0	92
SCAF_146_region	33692	481395	14.29	0	92
SCAF_147	33483	48439608	1446.69	0	8203
SCAF_147_region	33483	48439608	1446.69	0	8203
SCAF_148	33469	141752	4.24	0	68
SCAF_148_region	33469	141752	4.24	0	68
SCAF_149	33420	33702289	1008.45	0	4741
SCAF_149_region	33420	33702289	1008.45	0	4741
SCAF_150	33347	105425	3.16	0	48
SCAF_150_region	33347	105425	3.16	0	48
SCAF_151	33283	50849	1.53	0	48
SCAF_151_region	33283	50849	1.53	0	48
SCAF_152	33266	98224	2.95	0	31
SCAF_152_region	33266	98224	2.95	0	31
SCAF_153	33237	149701	4.50	0	48
SCAF_153_region	33237	149701	4.50	0	48
SCAF_154	33139	46424	1.40	0	42
SCAF_154_region	33139	46424	1.40	0	42
SCAF_155	33127	69016467	2083.39	0	10119
SCAF_155_region	33127	69016467	2083.39	0	10119
SCAF_156	32748	101141	3.09	0	123
SCAF_156_region	32748	101141	3.09	0	123
SCAF_157	32666	301991	9.24	0	329
SCAF_157_region	32666	301991	9.24	0	329
SCAF_158	32618	14762	0.45	0	14
SCAF_158_region	32618	14762	0.45	0	14
SCAF_159	32358	2113	0.07	0	14
SCAF_159_region	32358	2113	0.07	0	14
SCAF_160	32136	167571	5.21	0	44
SCAF_160_region	32136	167571	5.21	0	44
SCAF_161	32035	209433	6.54	0	224
SCAF_161_region	32035	209433	6.54	0	224
SCAF_162	31954	146899	4.60	0	55
SCAF_162_region	31954	146899	4.60	0	55
SCAF_163	31782	216570	6.81	0	78
SCAF_163_region	31782	216570	6.81	0	78
SCAF_164	31669	100449	3.17	0	23
SCAF_164_region	31669	100449	3.17	0	23
SCAF_165	31629	608551	19.24	0	71
SCAF_165_region	31629	608551	19.24	0	71
SCAF_166	31581	4048	0.13	0	20
SCAF_166_region	31581	4048	0.13	0	20
SCAF_167	31556	175645	5.57	0	65
SCAF_167_region	31556	175645	5.57	0	65
SCAF_168	31421	282285	8.98	0	38
SCAF_168_region	31421	282285	8.98	0	38
SCAF_169	31314	139830	4.47	0	27
SCAF_169_region	31314	139830	4.47	0	27
SCAF_170	31127	51254	1.65	0	52
SCAF_170_region	31127	51254	1.65	0	52
SCAF_171	31061	45214639	1455.67	0	6616
SCAF_171_region	31061	45214639	1455.67	0	6616
SCAF_172	31059	1384	0.04	0	9
SCAF_172_region	31059	1384	0.04	0	9
SCAF_173	30866	106764	3.46	0	55
SCAF_173_region	30866	106764	3.46	0	55
SCAF_174	30739	39390307	1281.44	0	5424
SCAF_174_region	30739	39390307	1281.44	0	5424
SCAF_175	30330	113685	3.75	0	118
SCAF_175_region	30330	113685	3.75	0	118
SCAF_176	30301	384510	12.69	0	308
SCAF_176_region	30301	384510	12.69	0	308
SCAF_177	30226	77535	2.57	0	89
SCAF_177_region	30226	77535	2.57	0	89
SCAF_178	30187	75557	2.50	0	86
SCAF_178_region	30187	75557	2.50	0	86
SCAF_179	30183	221781	7.35	0	98
SCAF_179_region	30183	221781	7.35	0	98
SCAF_180	30131	61679	2.05	0	472
SCAF_180_region	30131	61679	2.05	0	472
SCAF_181	30071	89381	2.97	0	84
SCAF_181_region	30071	89381	2.97	0	84
SCAF_182	30032	268991	8.96	0	49
SCAF_182_region	30032	268991	8.96	0	49
SCAF_183	30005	37213	1.24	0	29
SCAF_183_region	30005	37213	1.24	0	29
SCAF_184	29541	1852639	62.71	0	8181
SCAF_184_region	29541	1852639	62.71	0	8181
SCAF_185	29415	143073	4.86	0	66
SCAF_185_region	29415	143073	4.86	0	66
SCAF_186	29375	129139	4.40	0	26
SCAF_186_region	29375	129139	4.40	0	26
SCAF_187	29360	199813	6.81	0	53
SCAF_187_region	29360	199813	6.81	0	53
SCAF_188	29327	538465	18.36	0	86
SCAF_188_region	29327	538465	18.36	0	86
SCAF_189	29236	55165	1.89	0	43
SCAF_189_region	29236	55165	1.89	0	43
SCAF_190	29216	43669	1.49	0	131
SCAF_190_region	29216	43669	1.49	0	131
SCAF_191	29200	54670	1.87	0	30
SCAF_191_region	29200	54670	1.87	0	30
SCAF_192	29083	11015812	378.77	0	1232
SCAF_192_region	29083	11015812	378.77	0	1232
SCAF_193	29081	152974	5.26	0	139
SCAF_193_region	29081	152974	5.26	0	139
SCAF_194	28863	5663786	196.23	0	1041
SCAF_194_region	28863	5663786	196.23	0	1041
SCAF_195	28688	91395	3.19	0	41
SCAF_195_region	28688	91395	3.19	0	41
SCAF_196	28688	348967	12.16	0	520
SCAF_196_region	28688	348967	12.16	0	520
SCAF_197	28670	46650	1.63	0	48
SCAF_197_region	28670	46650	1.63	0	48
SCAF_198	28585	265304	9.28	0	54
SCAF_198_region	28585	265304	9.28	0	54
SCAF_199	28585	264594	9.26	0	517
SCAF_199_region	28585	264594	9.26	0	517
SCAF_200	28563	241050	8.44	0	36
SCAF_200_region	28563	241050	8.44	0	36
SCAF_201	28551	49497	1.73	0	35
SCAF_201_region	28551	49497	1.73	0	35
SCAF_202	28219	232237	8.23	0	133
SCAF_202_region	28219	232237	8.23	0	133
SCAF_203	28217	132689	4.70	0	115
SCAF_203_region	28217	132689	4.70	0	115
SCAF_204	28187	68354	2.43	0	393
SCAF_204_region	28187	68354	2.43	0	393
SCAF_205	28138	76523	2.72	0	35
SCAF_205_region	28138	76523	2.72	0	35
SCAF_206	28111	126781	4.51	0	68
SCAF_206_region	28111	126781	4.51	0	68
SCAF_207	27959	368772	13.19	0	76
SCAF_207_region	27959	368772	13.19	0	76
SCAF_208	27935	27659759	990.15	0	19999
SCAF_208_region	27935	27659759	990.15	0	19999
SCAF_209	27830	171923	6.18	0	33
SCAF_209_region	27830	171923	6.18	0	33
SCAF_210	27781	17202	0.62	0	20
SCAF_210_region	27781	17202	0.62	0	20
SCAF_211	27774	533404	19.21	0	78
SCAF_211_region	27774	533404	19.21	0	78
SCAF_212	27772	118565	4.27	0	85
SCAF_212_region	27772	118565	4.27	0	85
SCAF_213	27728	62101	2.24	0	101
SCAF_213_region	27728	62101	2.24	0	101
SCAF_214	27690	234532	8.47	0	27
SCAF_214_region	27690	234532	8.47	0	27
SCAF_215	27659	45611321	1649.06	0	7544
SCAF_215_region	27659	45611321	1649.06	0	7544
SCAF_216	27637	319488	11.56	0	125
SCAF_216_region	27637	319488	11.56	0	125
SCAF_217	27634	11936	0.43	0	15
SCAF_217_region	27634	11936	0.43	0	15
SCAF_218	27594	420830	15.25	0	61
SCAF_218_region	27594	420830	15.25	0	61
SCAF_219	27563	1436	0.05	0	3
SCAF_219_region	27563	1436	0.05	0	3
SCAF_220	27545	535400	19.44	0	80
SCAF_220_region	27545	535400	19.44	0	80
SCAF_221	27530	124894	4.54	0	30
SCAF_221_region	27530	124894	4.54	0	30
SCAF_222	27515	16587	0.60	0	21
SCAF_222_region	27515	16587	0.60	0	21
SCAF_223	27476	118076	4.30	0	63
SCAF_223_region	27476	118076	4.30	0	63
SCAF_224	27450	64176	2.34	0	25
SCAF_224_region	27450	64176	2.34	0	25
SCAF_225	27344	41197	1.51	0	32
SCAF_225_region	27344	41197	1.51	0	32
SCAF_226	27270	1924041	70.56	0	2228
SCAF_226_region	27270	1924041	70.56	0	2228
SCAF_227	27232	112204	4.12	0	53
SCAF_227_region	27232	112204	4.12	0	53
SCAF_228	27189	258886	9.52	0	231
SCAF_228_region	27189	258886	9.52	0	231
SCAF_229	27037	201058	7.44	0	75
SCAF_229_region	27037	201058	7.44	0	75
SCAF_230	26948	29321	1.09	0	40
SCAF_230_region	26948	29321	1.09	0	40
SCAF_231	26899	73438	2.73	0	38
SCAF_231_region	26899	73438	2.73	0	38
SCAF_232	26856	97738	3.64	0	25
SCAF_232_region	26856	97738	3.64	0	25
SCAF_233	26767	58335	2.18	0	48
SCAF_233_region	26767	58335	2.18	0	48
SCAF_234	26700	28368805	1062.50	0	5818
SCAF_234_region	26700	28368805	1062.50	0	5818
SCAF_235	26660	65946977	2473.63	0	14987
SCAF_235_region	26660	65946977	2473.63	0	14987
SCAF_236	26499	17886	0.67	0	174
SCAF_236_region	26499	17886	0.67	0	174
SCAF_237	26482	179649	6.78	0	40
SCAF_237_region	26482	179649	6.78	0	40
SCAF_238	26369	60988	2.31	0	50
SCAF_238_region	26369	60988	2.31	0	50
SCAF_239	26171	151539	5.79	0	37
SCAF_239_region	26171	151539	5.79	0	37
SCAF_240	26148	42100	1.61	0	35
SCAF_240_region	26148	42100	1.61	0	35
SCAF_241	26131	246323	9.43	0	51
SCAF_241_region	26131	246323	9.43	0	51
SCAF_242	26114	99364	3.81	0	22
SCAF_242_region	26114	99364	3.81	0	22
SCAF_243	26085	75603	2.90	0	30
SCAF_243_region	26085	75603	2.90	0	30
SCAF_244	26060	4402	0.17	0	9
SCAF_244_region	26060	4402	0.17	0	9
SCAF_245	25968	27551	1.06	0	186
SCAF_245_region	25968	27551	1.06	0	186
SCAF_246	25946	30909642	1191.31	0	24347
SCAF_246_region	25946	30909642	1191.31	0	24347
SCAF_247	25940	562070	21.67	0	90
SCAF_247_region	25940	562070	21.67	0	90
SCAF_248	25895	55503	2.14	0	29
SCAF_248_region	25895	55503	2.14	0	29
SCAF_249	25885	319724	12.35	0	35
SCAF_249_region	25885	319724	12.35	0	35
SCAF_250	25884	341149	13.18	0	75
SCAF_250_region	25884	341149	13.18	0	75
SCAF_251	25874	52799	2.04	0	55
SCAF_251_region	25874	52799	2.04	0	55
SCAF_252	25864	2120	0.08	0	12
SCAF_252_region	25864	2120	0.08	0	12
SCAF_253	25825	141709	5.49	0	69
SCAF_253_region	25825	141709	5.49	0	69
SCAF_254	25798	58798	2.28	0	72
SCAF_254_region	25798	58798	2.28	0	72
SCAF_255	25728	32777	1.27	0	21
SCAF_255_region	25728	32777	1.27	0	21
SCAF_256	25725	69385	2.70	0	35
SCAF_256_region	25725	69385	2.70	0	35
SCAF_257	25720	171360	6.66	0	50
SCAF_257_region	25720	171360	6.66	0	50
SCAF_258	25700	84041	3.27	0	241
SCAF_258_region	25700	84041	3.27	0	241
SCAF_259	25645	75654	2.95	0	133
SCAF_259_region	25645	75654	2.95	0	133
SCAF_260	25595	217664	8.50	0	67
SCAF_260_region	25595	217664	8.50	0	67
SCAF_261	25593	231451	9.04	0	31
SCAF_261_region	25593	231451	9.04	0	31
SCAF_262	25592	157156	6.14	0	27
SCAF_262_region	25592	157156	6.14	0	27
SCAF_263	25481	78074	3.06	0	56
SCAF_263_region	25481	78074	3.06	0	56
SCAF_264	25444	359475	14.13	0	66
SCAF_264_region	25444	359475	14.13	0	66
SCAF_265	25436	48134	1.89	0	20
SCAF_265_region	25436	48134	1.89	0	20
SCAF_266	25377	88100	3.47	0	51
SCAF_266_region	25377	88100	3.47	0	51
SCAF_267	25340	416689	16.44	0	168
SCAF_267_region	25340	416689	16.44	0	168
SCAF_268	25329	126865	5.01	0	63
SCAF_268_region	25329	126865	5.01	0	63
SCAF_269	25264	43453	1.72	0	46
SCAF_269_region	25264	43453	1.72	0	46
SCAF_270	25225	73501	2.91	0	48
SCAF_270_region	25225	73501	2.91	0	48
SCAF_271	25206	30941	1.23	0	40
SCAF_271_region	25206	30941	1.23	0	40
SCAF_272	25161	94669	3.76	0	108
SCAF_272_region	25161	94669	3.76	0	108
SCAF_273	25090	70291	2.80	0	44
SCAF_273_region	25090	70291	2.80	0	44
SCAF_274	24834	28887	1.16	0	13
SCAF_274_region	24834	28887	1.16	0	13
SCAF_275	24832	2605668	104.93	0	1786
SCAF_275_region	24832	2605668	104.93	0	1786
SCAF_276	24811	143147	5.77	0	64
SCAF_276_region	24811	143147	5.77	0	64
SCAF_277	24713	75804	3.07	0	55
SCAF_277_region	24713	75804	3.07	0	55
SCAF_278	24673	14430	0.58	0	18
SCAF_278_region	24673	14430	0.58	0	18
SCAF_279	24542	119776	4.88	0	63
SCAF_279_region	24542	119776	4.88	0	63
SCAF_280	24528	49702	2.03	0	43
SCAF_280_region	24528	49702	2.03	0	43
SCAF_281	24435	1542	0.06	0	11
SCAF_281_region	24435	1542	0.06	0	11
SCAF_282	24359	4573	0.19	0	10
SCAF_282_region	24359	4573	0.19	0	10
SCAF_283	24173	255042	10.55	0	60
SCAF_283_region	24173	255042	10.55	0	60
SCAF_284	24152	18691355	773.91	0	4126
SCAF_284_region	24152	18691355	773.91	0	4126
SCAF_285	24110	873	0.04	0	5
SCAF_285_region	24110	873	0.04	0	5
SCAF_286	24066	1005278	41.77	0	4349
SCAF_286_region	24066	1005278	41.77	0	4349
SCAF_287	23981	5893	0.25	0	40
SCAF_287_region	23981	5893	0.25	0	40
SCAF_288	23980	45801	1.91	0	22
SCAF_288_region	23980	45801	1.91	0	22
SCAF_289	23950	37773	1.58	0	64
SCAF_289_region	23950	37773	1.58	0	64
SCAF_290	23945	89184	3.72	0	54
SCAF_290_region	23945	89184	3.72	0	54
SCAF_291	23886	31140	1.30	0	101
SCAF_291_region	23886	31140	1.30	0	101
SCAF_292	23860	71535	3.00	0	60
SCAF_292_region	23860	71535	3.00	0	60
SCAF_293	23814	144400	6.06	0	33
SCAF_293_region	23814	144400	6.06	0	33
SCAF_294	23796	98521	4.14	0	30
SCAF_294_region	23796	98521	4.14	0	30
SCAF_295	23767	177358	7.46	0	53
SCAF_295_region	23767	177358	7.46	0	53
SCAF_296	23762	501899	21.12	0	5072
SCAF_296_region	23762	501899	21.12	0	5072
SCAF_297	23695	161718	6.82	0	88
SCAF_297_region	23695	161718	6.82	0	88
SCAF_298	23666	15421	0.65	0	24
SCAF_298_region	23666	15421	0.65	0	24
SCAF_299	23648	378756	16.02	0	1307
SCAF_299_region	23648	378756	16.02	0	1307
SCAF_300	23643	44158442	1867.72	0	15043
SCAF_300_region	23643	44158442	1867.72	0	15043
SCAF_301	23638	21062	0.89	0	42
SCAF_301_region	23638	21062	0.89	0	42
SCAF_302	23633	105310	4.46	0	17
SCAF_302_region	23633	105310	4.46	0	17
SCAF_303	23629	154505	6.54	0	31
SCAF_303_region	23629	154505	6.54	0	31
SCAF_304	23571	189797	8.05	0	81
SCAF_304_region	23571	189797	8.05	0	81
SCAF_305	23555	183297	7.78	0	53
SCAF_305_region	23555	183297	7.78	0	53
SCAF_306	23322	60673	2.60	0	60
SCAF_306_region	23322	60673	2.60	0	60
SCAF_307	23295	70232	3.01	0	23
SCAF_307_region	23295	70232	3.01	0	23
SCAF_308	23075	23235639	1006.96	0	13808
SCAF_308_region	23075	23235639	1006.96	0	13808
SCAF_309	23057	216123	9.37	0	102
SCAF_309_region	23057	216123	9.37	0	102
SCAF_310	23011	239800	10.42	0	48
SCAF_310_region	23011	239800	10.42	0	48
SCAF_311	22999	1547	0.07	0	40
SCAF_311_region	22999	1547	0.07	0	40
SCAF_312	22896	245179	10.71	0	115
SCAF_312_region	22896	245179	10.71	0	115
SCAF_313	22877	23444	1.02	0	33
SCAF_313_region	22877	23444	1.02	0	33
SCAF_314	22871	44968751	1966.19	0	22799
SCAF_314_region	22871	44968751	1966.19	0	22799
SCAF_315	22844	106751	4.67	0	851
SCAF_315_region	22844	106751	4.67	0	851
SCAF_316	22844	8661	0.38	0	26
SCAF_316_region	22844	8661	0.38	0	26
SCAF_317	22833	132949	5.82	0	37
SCAF_317_region	22833	132949	5.82	0	37
SCAF_318	22713	17393	0.77	0	19
SCAF_318_region	22713	17393	0.77	0	19
SCAF_319	22685	46743	2.06	0	62
SCAF_319_region	22685	46743	2.06	0	62
SCAF_320	22653	28311	1.25	0	35
SCAF_320_region	22653	28311	1.25	0	35
SCAF_321	22554	117733	5.22	0	27
SCAF_321_region	22554	117733	5.22	0	27
SCAF_322	22539	79031	3.51	0	27
SCAF_322_region	22539	79031	3.51	0	27
SCAF_323	22525	167563	7.44	0	177
SCAF_323_region	22525	167563	7.44	0	177
SCAF_324	22489	231235	10.28	0	41
SCAF_324_region	22489	231235	10.28	0	41
SCAF_325	22468	119217	5.31	0	44
SCAF_325_region	22468	119217	5.31	0	44
SCAF_326	22392	41331811	1845.83	0	21699
SCAF_326_region	22392	41331811	1845.83	0	21699
SCAF_327	22337	77154	3.45	0	42
SCAF_327_region	22337	77154	3.45	0	42
SCAF_328	22280	39819525	1787.23	0	7770
SCAF_328_region	22280	39819525	1787.23	0	7770
SCAF_329	22245	57946	2.60	0	36
SCAF_329_region	22245	57946	2.60	0	36
SCAF_330	22040	94257	4.28	0	84
SCAF_330_region	22040	94257	4.28	0	84
SCAF_331	22029	12280	0.56	0	19
SCAF_331_region	22029	12280	0.56	0	19
SCAF_332	21923	109498	4.99	0	29
SCAF_332_region	21923	109498	4.99	0	29
SCAF_333	21867	43167	1.97	0	42
SCAF_333_region	21867	43167	1.97	0	42
SCAF_334	21813	128701	5.90	0	534
SCAF_334_region	21813	128701	5.90	0	534
SCAF_335	21800	109314	5.01	0	66
SCAF_335_region	21800	109314	5.01	0	66
SCAF_336	21691	25420	1.17	0	22
SCAF_336_region	21691	25420	1.17	0	22
SCAF_337	21675	51029	2.35	0	41
SCAF_337_region	21675	51029	2.35	0	41
SCAF_338	21621	22383	1.04	0	27
SCAF_338_region	21621	22383	1.04	0	27
SCAF_339	21529	38517	1.79	0	322
SCAF_339_region	21529	38517	1.79	0	322
SCAF_340	21472	137134	6.39	0	48
SCAF_340_region	21472	137134	6.39	0	48
SCAF_341	21449	69290	3.23	0	36
SCAF_341_region	21449	69290	3.23	0	36
SCAF_342	21444	505111	23.55	0	1814
SCAF_342_region	21444	505111	23.55	0	1814
SCAF_343	21365	5120	0.24	0	5
SCAF_343_region	21365	5120	0.24	0	5
SCAF_344	21355	177751	8.32	0	52
SCAF_344_region	21355	177751	8.32	0	52
SCAF_345	21334	149143	6.99	0	43
SCAF_345_region	21334	149143	6.99	0	43
SCAF_346	21294	23094850	1084.57	0	21522
SCAF_346_region	21294	23094850	1084.57	0	21522
SCAF_347	21288	4251	0.20	0	19
SCAF_347_region	21288	4251	0.20	0	19
SCAF_348	21209	46480	2.19	0	67
SCAF_348_region	21209	46480	2.19	0	67
SCAF_349	21199	2938	0.14	0	16
SCAF_349_region	21199	2938	0.14	0	16
SCAF_350	21189	20596	0.97	0	115
SCAF_350_region	21189	20596	0.97	0	115
SCAF_351	21106	258352	12.24	0	53
SCAF_351_region	21106	258352	12.24	0	53
SCAF_352	21098	87598	4.15	0	41
SCAF_352_region	21098	87598	4.15	0	41
SCAF_353	21078	49895	2.37	0	94
SCAF_353_region	21078	49895	2.37	0	94
SCAF_354	20991	40423	1.93	0	23
SCAF_354_region	20991	40423	1.93	0	23
SCAF_355	20981	4376	0.21	0	9
SCAF_355_region	20981	4376	0.21	0	9
SCAF_356	20980	152155	7.25	0	37
SCAF_356_region	20980	152155	7.25	0	37
SCAF_357	20976	33071	1.58	0	80
SCAF_357_region	20976	33071	1.58	0	80
SCAF_358	20871	8281	0.40	0	18
SCAF_358_region	20871	8281	0.40	0	18
SCAF_359	20831	22373	1.07	0	32
SCAF_359_region	20831	22373	1.07	0	32
SCAF_360	20777	45547	2.19	0	47
SCAF_360_region	20777	45547	2.19	0	47
SCAF_361	20737	80511	3.88	0	53
SCAF_361_region	20737	80511	3.88	0	53
SCAF_362	20702	352550	17.03	0	67
SCAF_362_region	20702	352550	17.03	0	67
SCAF_363	20586	1683	0.08	0	9
SCAF_363_region	20586	1683	0.08	0	9
SCAF_364	20574	71394	3.47	0	93
SCAF_364_region	20574	71394	3.47	0	93
SCAF_365	20553	17221	0.84	0	35
SCAF_365_region	20553	17221	0.84	0	35
SCAF_366	20522	25553	1.25	0	71
SCAF_366_region	20522	25553	1.25	0	71
SCAF_367	20517	10606	0.52	0	26
SCAF_367_region	20517	10606	0.52	0	26
SCAF_368	20452	179574	8.78	0	62
SCAF_368_region	20452	179574	8.78	0	62
SCAF_369	20438	226852	11.10	0	55
SCAF_369_region	20438	226852	11.10	0	55
SCAF_370	20350	23753	1.17	0	29
SCAF_370_region	20350	23753	1.17	0	29
SCAF_371	20349	30807	1.51	0	55
SCAF_371_region	20349	30807	1.51	0	55
SCAF_372	20285	21060	1.04	0	42
SCAF_372_region	20285	21060	1.04	0	42
SCAF_373	20282	609885	30.07	0	668
SCAF_373_region	20282	609885	30.07	0	668
SCAF_374	20282	28027321	1381.88	0	4729
SCAF_374_region	20282	28027321	1381.88	0	4729
SCAF_375	20179	380460	18.85	0	269
SCAF_375_region	20179	380460	18.85	0	269
SCAF_376	20174	195209	9.68	0	37
SCAF_376_region	20174	195209	9.68	0	37
SCAF_377	20160	163720	8.12	0	71
SCAF_377_region	20160	163720	8.12	0	71
SCAF_378	20157	24892740	1234.94	0	4274
SCAF_378_region	20157	24892740	1234.94	0	4274
SCAF_379	20150	103491	5.14	0	43
SCAF_379_region	20150	103491	5.14	0	43
SCAF_380	20140	43736	2.17	0	110
SCAF_380_region	20140	43736	2.17	0	110
SCAF_381	20082	32951	1.64	0	38
SCAF_381_region	20082	32951	1.64	0	38
SCAF_382	20068	53715	2.68	0	33
SCAF_382_region	20068	53715	2.68	0	33
SCAF_383	20052	32068	1.60	0	36
SCAF_383_region	20052	32068	1.60	0	36
SCAF_384	20039	130896	6.53	0	24
SCAF_384_region	20039	130896	6.53	0	24
SCAF_385	20036	71260	3.56	0	131
SCAF_385_region	20036	71260	3.56	0	131
SCAF_386	20004	157352	7.87	0	31
SCAF_386_region	20004	157352	7.87	0	31
SCAF_387	19967	583668	29.23	0	701
SCAF_387_region	19967	583668	29.23	0	701
SCAF_388	19953	172775	8.66	0	49
SCAF_388_region	19953	172775	8.66	0	49
SCAF_389	19874	22165	1.12	0	37
SCAF_389_region	19874	22165	1.12	0	37
SCAF_390	19870	23744280	1194.98	0	8142
SCAF_390_region	19870	23744280	1194.98	0	8142
SCAF_391	19819	14324	0.72	0	23
SCAF_391_region	19819	14324	0.72	0	23
SCAF_392	19814	44884	2.27	0	45
SCAF_392_region	19814	44884	2.27	0	45
SCAF_393	19805	34612	1.75	0	18
SCAF_393_region	19805	34612	1.75	0	18
SCAF_394	19796	169731	8.57	0	61
SCAF_394_region	19796	169731	8.57	0	61
SCAF_395	19788	44995214	2273.86	0	20254
SCAF_395_region	19788	44995214	2273.86	0	20254
SCAF_396	19769	43454	2.20	0	36
SCAF_396_region	19769	43454	2.20	0	36
SCAF_397	19737	56760	2.88	0	27
SCAF_397_region	19737	56760	2.88	0	27
SCAF_398	19694	159954	8.12	0	50
SCAF_398_region	19694	159954	8.12	0	50
SCAF_399	19627	100789	5.14	0	21
SCAF_399_region	19627	100789	5.14	0	21
SCAF_400	19559	63468	3.24	0	61
SCAF_400_region	19559	63468	3.24	0	61
SCAF_401	19529	106366	5.45	0	43
SCAF_401_region	19529	106366	5.45	0	43
SCAF_402	19485	39616	2.03	0	41
SCAF_402_region	19485	39616	2.03	0	41
SCAF_403	19440	54763	2.82	0	161
SCAF_403_region	19440	54763	2.82	0	161
SCAF_404	19429	73250	3.77	0	45
SCAF_404_region	19429	73250	3.77	0	45
SCAF_405	19412	34967	1.80	0	28
SCAF_405_region	19412	34967	1.80	0	28
SCAF_406	19412	61252	3.16	0	58
SCAF_406_region	19412	61252	3.16	0	58
SCAF_407	19392	32459	1.67	0	28
SCAF_407_region	19392	32459	1.67	0	28
SCAF_408	19383	1752	0.09	0	12
SCAF_408_region	19383	1752	0.09	0	12
SCAF_409	19350	54745	2.83	0	39
SCAF_409_region	19350	54745	2.83	0	39
SCAF_410	19334	73066	3.78	0	38
SCAF_410_region	19334	73066	3.78	0	38
SCAF_411	19319	5421	0.28	0	16
SCAF_411_region	19319	5421	0.28	0	16
SCAF_412	19298	211324	10.95	0	46
SCAF_412_region	19298	211324	10.95	0	46
SCAF_413	19281	242023	12.55	0	45
SCAF_413_region	19281	242023	12.55	0	45
SCAF_414	19250	72430	3.76	0	44
SCAF_414_region	19250	72430	3.76	0	44
SCAF_415	19240	71175	3.70	0	35
SCAF_415_region	19240	71175	3.70	0	35
SCAF_416	19198	31242	1.63	0	54
SCAF_416_region	19198	31242	1.63	0	54
SCAF_417	19156	5125	0.27	0	30
SCAF_417_region	19156	5125	0.27	0	30
SCAF_418	19069	25450680	1334.66	0	4162
SCAF_418_region	19069	25450680	1334.66	0	4162
SCAF_419	19061	83329	4.37	0	39
SCAF_419_region	19061	83329	4.37	0	39
SCAF_420	19040	3586	0.19	0	10
SCAF_420_region	19040	3586	0.19	0	10
SCAF_421	19012	94479	4.97	0	31
SCAF_421_region	19012	94479	4.97	0	31
SCAF_422	18950	218281	11.52	0	74
SCAF_422_region	18950	218281	11.52	0	74
SCAF_423	18945	83031	4.38	0	19
SCAF_423_region	18945	83031	4.38	0	19
SCAF_424	18943	88702	4.68	0	147
SCAF_424_region	18943	88702	4.68	0	147
SCAF_425	18932	139964	7.39	0	55
SCAF_425_region	18932	139964	7.39	0	55
SCAF_426	18882	56191	2.98	0	34
SCAF_426_region	18882	56191	2.98	0	34
SCAF_427	18874	80517	4.27	0	98
SCAF_427_region	18874	80517	4.27	0	98
SCAF_428	18866	8334945	441.80	0	4457
SCAF_428_region	18866	8334945	441.80	0	4457
SCAF_429	18866	71365	3.78	0	58
SCAF_429_region	18866	71365	3.78	0	58
SCAF_430	18815	32840	1.75	0	30
SCAF_430_region	18815	32840	1.75	0	30
SCAF_431	18805	258905	13.77	0	49
SCAF_431_region	18805	258905	13.77	0	49
SCAF_432	18790	152475	8.11	0	80
SCAF_432_region	18790	152475	8.11	0	80
SCAF_433	18773	29995	1.60	0	33
SCAF_433_region	18773	29995	1.60	0	33
SCAF_434	18766	21104	1.12	0	24
SCAF_434_region	18766	21104	1.12	0	24
SCAF_435	18753	101042	5.39	0	40
SCAF_435_region	18753	101042	5.39	0	40
SCAF_436	18746	26427	1.41	0	36
SCAF_436_region	18746	26427	1.41	0	36
SCAF_437	18721	99602	5.32	0	54
SCAF_437_region	18721	99602	5.32	0	54
SCAF_438	18669	1619	0.09	0	14
SCAF_438_region	18669	1619	0.09	0	14
SCAF_439	18588	139964	7.53	0	453
SCAF_439_region	18588	139964	7.53	0	453
SCAF_440	18561	30350	1.64	0	295
SCAF_440_region	18561	30350	1.64	0	295
SCAF_441	18530	21508	1.16	0	41
SCAF_441_region	18530	21508	1.16	0	41
SCAF_442	18489	35035	1.89	0	26
SCAF_442_region	18489	35035	1.89	0	26
SCAF_443	18479	64756	3.50	0	48
SCAF_443_region	18479	64756	3.50	0	48
SCAF_444	18424	108437	5.89	0	180
SCAF_444_region	18424	108437	5.89	0	180
SCAF_445	18396	148012	8.05	0	33
SCAF_445_region	18396	148012	8.05	0	33
SCAF_446	18392	187895	10.22	0	61
SCAF_446_region	18392	187895	10.22	0	61
SCAF_447	18255	72800	3.99	0	35
SCAF_447_region	18255	72800	3.99	0	35
SCAF_448	18252	148961	8.16	0	47
SCAF_448_region	18252	148961	8.16	0	47
SCAF_449	18248	138396	7.58	0	48
SCAF_449_region	18248	138396	7.58	0	48
SCAF_450	18208	30613	1.68	0	31
SCAF_450_region	18208	30613	1.68	0	31
SCAF_451	18202	367044	20.17	0	383
SCAF_451_region	18202	367044	20.17	0	383
SCAF_452	18192	23782	1.31	0	33
SCAF_452_region	18192	23782	1.31	0	33
SCAF_453	18150	4116	0.23	0	8
SCAF_453_region	18150	4116	0.23	0	8
SCAF_454	18134	5058	0.28	0	15
SCAF_454_region	18134	5058	0.28	0	15
SCAF_455	18114	1520	0.08	0	17
SCAF_455_region	18114	1520	0.08	0	17
SCAF_456	18112	57329	3.17	0	65
SCAF_456_region	18112	57329	3.17	0	65
SCAF_457	18054	281527	15.59	0	73
SCAF_457_region	18054	281527	15.59	0	73
SCAF_458	18006	151136	8.39	0	25
SCAF_458_region	18006	151136	8.39	0	25
SCAF_459	18000	3522	0.20	0	16
SCAF_459_region	18000	3522	0.20	0	16
SCAF_460	17967	61477	3.42	0	48
SCAF_460_region	17967	61477	3.42	0	48
SCAF_461	17943	48495	2.70	0	51
SCAF_461_region	17943	48495	2.70	0	51
SCAF_462	17929	49679	2.77	0	370
SCAF_462_region	17929	49679	2.77	0	370
SCAF_463	17921	1863	0.10	0	5
SCAF_463_region	17921	1863	0.10	0	5
SCAF_464	17913	182437	10.18	0	37
SCAF_464_region	17913	182437	10.18	0	37
SCAF_465	17912	109081	6.09	0	78
SCAF_465_region	17912	109081	6.09	0	78
SCAF_466	17886	55705	3.11	0	30
SCAF_466_region	17886	55705	3.11	0	30
SCAF_467	17859	29601	1.66	0	259
SCAF_467_region	17859	29601	1.66	0	259
SCAF_468	17837	16414	0.92	0	40
SCAF_468_region	17837	16414	0.92	0	40
SCAF_469	17802	881	0.05	0	5
SCAF_469_region	17802	881	0.05	0	5
SCAF_470	17776	108438	6.10	0	221
SCAF_470_region	17776	108438	6.10	0	221
SCAF_471	17682	61225	3.46	0	38
SCAF_471_region	17682	61225	3.46	0	38
SCAF_472	17646	94308	5.34	0	37
SCAF_472_region	17646	94308	5.34	0	37
SCAF_473	17646	96368	5.46	0	25
SCAF_473_region	17646	96368	5.46	0	25
SCAF_474	17642	14512131	822.59	0	4005
SCAF_474_region	17642	14512131	822.59	0	4005
SCAF_475	17613	31439	1.78	0	597
SCAF_475_region	17613	31439	1.78	0	597
SCAF_476	17602	39164	2.22	0	305
SCAF_476_region	17602	39164	2.22	0	305
SCAF_477	17571	2072	0.12	0	7
SCAF_477_region	17571	2072	0.12	0	7
SCAF_478	17535	12076	0.69	0	21
SCAF_478_region	17535	12076	0.69	0	21
SCAF_479	17528	62493	3.57	0	149
SCAF_479_region	17528	62493	3.57	0	149
SCAF_480	17503	76776	4.39	0	26
SCAF_480_region	17503	76776	4.39	0	26
SCAF_481	17502	45228	2.58	0	39
SCAF_481_region	17502	45228	2.58	0	39
SCAF_482	17480	7000	0.40	0	17
SCAF_482_region	17480	7000	0.40	0	17
SCAF_483	17476	49004	2.80	0	27
SCAF_483_region	17476	49004	2.80	0	27
SCAF_484	17457	1884158	107.93	0	2637
SCAF_484_region	17457	1884158	107.93	0	2637
SCAF_485	17386	150533	8.66	0	39
SCAF_485_region	17386	150533	8.66	0	39
SCAF_486	17362	121338	6.99	0	25
SCAF_486_region	17362	121338	6.99	0	25
SCAF_487	17332	50357	2.91	0	23
SCAF_487_region	17332	50357	2.91	0	23
SCAF_488	17327	130592	7.54	0	32
SCAF_488_region	17327	130592	7.54	0	32
SCAF_489	17303	132043	7.63	0	37
SCAF_489_region	17303	132043	7.63	0	37
SCAF_490	17273	18302	1.06	0	33
SCAF_490_region	17273	18302	1.06	0	33
SCAF_491	17245	384312	22.29	0	508
SCAF_491_region	17245	384312	22.29	0	508
SCAF_492	17239	83533	4.85	0	26
SCAF_492_region	17239	83533	4.85	0	26
SCAF_493	17219	171176	9.94	0	38
SCAF_493_region	17219	171176	9.94	0	38
SCAF_494	17218	53361	3.10	0	42
SCAF_494_region	17218	53361	3.10	0	42
SCAF_495	17211	60877	3.54	0	35
SCAF_495_region	17211	60877	3.54	0	35
SCAF_496	17198	85176	4.95	0	243
SCAF_496_region	17198	85176	4.95	0	243
SCAF_497	17190	1446	0.08	0	12
SCAF_497_region	17190	1446	0.08	0	12
SCAF_498	17162	62493	3.64	0	44
SCAF_498_region	17162	62493	3.64	0	44
SCAF_499	17147	62337	3.64	0	60
SCAF_499_region	17147	62337	3.64	0	60
SCAF_500	17144	54828	3.20	0	36
SCAF_500_region	17144	54828	3.20	0	36
SCAF_501	17142	27941	1.63	0	27
SCAF_501_region	17142	27941	1.63	0	27
SCAF_502	17124	109580	6.40	0	101
SCAF_502_region	17124	109580	6.40	0	101
SCAF_503	17118	712486	41.62	0	230
SCAF_503_region	17118	712486	41.62	0	230
SCAF_504	17076	41390	2.42	0	34
SCAF_504_region	17076	41390	2.42	0	34
SCAF_505	17047	26908740	1578.50	0	12884
SCAF_505_region	17047	26908740	1578.50	0	12884
SCAF_506	17043	389323	22.84	0	557
SCAF_506_region	17043	389323	22.84	0	557
SCAF_507	17035	141565	8.31	0	231
SCAF_507_region	17035	141565	8.31	0	231
SCAF_508	17021	105745	6.21	0	105
SCAF_508_region	17021	105745	6.21	0	105
SCAF_509	16971	147979	8.72	0	44
SCAF_509_region	16971	147979	8.72	0	44
SCAF_510	16897	203286	12.03	0	47
SCAF_510_region	16897	203286	12.03	0	47
SCAF_511	16849	53167	3.16	0	27
SCAF_511_region	16849	53167	3.16	0	27
SCAF_512	16807	23824	1.42	0	40
SCAF_512_region	16807	23824	1.42	0	40
SCAF_513	16787	1622	0.10	0	12
SCAF_513_region	16787	1622	0.10	0	12
SCAF_514	16784	125433	7.47	0	28
SCAF_514_region	16784	125433	7.47	0	28
SCAF_515	16776	113534	6.77	0	30
SCAF_515_region	16776	113534	6.77	0	30
SCAF_516	16745	16293	0.97	0	23
SCAF_516_region	16745	16293	0.97	0	23
SCAF_517	16741	73617	4.40	0	65
SCAF_517_region	16741	73617	4.40	0	65
SCAF_518	16733	83819	5.01	0	38
SCAF_518_region	16733	83819	5.01	0	38
SCAF_519	16710	64824	3.88	0	56
SCAF_519_region	16710	64824	3.88	0	56
SCAF_520	16702	21718834	1300.37	0	15901
SCAF_520_region	16702	21718834	1300.37	0	15901
SCAF_521	16701	80596	4.83	0	28
SCAF_521_region	16701	80596	4.83	0	28
SCAF_522	16645	16471	0.99	0	18
SCAF_522_region	16645	16471	0.99	0	18
SCAF_523	16623	107340	6.46	0	29
SCAF_523_region	16623	107340	6.46	0	29
SCAF_524	16568	31984	1.93	0	46
SCAF_524_region	16568	31984	1.93	0	46
SCAF_525	16548	26368	1.59	0	92
SCAF_525_region	16548	26368	1.59	0	92
SCAF_526	16541	60292	3.65	0	172
SCAF_526_region	16541	60292	3.65	0	172
SCAF_527	16518	20865126	1263.18	0	4476
SCAF_527_region	16518	20865126	1263.18	0	4476
SCAF_528	16510	70973	4.30	0	40
SCAF_528_region	16510	70973	4.30	0	40
SCAF_529	16492	27636	1.68	0	56
SCAF_529_region	16492	27636	1.68	0	56
SCAF_530	16462	55636	3.38	0	29
SCAF_530_region	16462	55636	3.38	0	29
SCAF_531	16461	1475	0.09	0	10
SCAF_531_region	16461	1475	0.09	0	10
SCAF_532	16447	136283	8.29	0	55
SCAF_532_region	16447	136283	8.29	0	55
SCAF_533	16383	13511	0.82	0	22
SCAF_533_region	16383	13511	0.82	0	22
SCAF_534	16345	65961	4.04	0	38
SCAF_534_region	16345	65961	4.04	0	38
SCAF_535	16343	9545	0.58	0	16
SCAF_535_region	16343	9545	0.58	0	16
SCAF_536	16333	24008	1.47	0	52
SCAF_536_region	16333	24008	1.47	0	52
SCAF_537	16287	198696	12.20	0	59
SCAF_537_region	16287	198696	12.20	0	59
SCAF_538	16266	16693	1.03	0	24
SCAF_538_region	16266	16693	1.03	0	24
SCAF_539	16246	1243	0.08	0	12
SCAF_539_region	16246	1243	0.08	0	12
SCAF_540	16245	36448	2.24	0	38
SCAF_540_region	16245	36448	2.24	0	38
SCAF_541	16215	31952	1.97	0	24
SCAF_541_region	16215	31952	1.97	0	24
SCAF_542	16208	25245	1.56	0	23
SCAF_542_region	16208	25245	1.56	0	23
SCAF_543	16160	77285	4.78	0	69
SCAF_543_region	16160	77285	4.78	0	69
SCAF_544	16140	1918	0.12	0	8
SCAF_544_region	16140	1918	0.12	0	8
SCAF_545	16102	34351	2.13	0	32
SCAF_545_region	16102	34351	2.13	0	32
SCAF_546	16083	138547	8.61	0	29
SCAF_546_region	16083	138547	8.61	0	29
SCAF_547	16037	18689	1.17	0	34
SCAF_547_region	16037	18689	1.17	0	34
SCAF_548	16034	72331	4.51	0	103
SCAF_548_region	16034	72331	4.51	0	103
SCAF_549	16030	153655	9.59	0	109
SCAF_549_region	16030	153655	9.59	0	109
SCAF_550	16027	1293	0.08	0	7
SCAF_550_region	16027	1293	0.08	0	7
SCAF_551	15990	119396	7.47	0	48
SCAF_551_region	15990	119396	7.47	0	48
SCAF_552	15913	396851	24.94	0	76
SCAF_552_region	15913	396851	24.94	0	76
SCAF_553	15906	9843	0.62	0	15
SCAF_553_region	15906	9843	0.62	0	15
SCAF_554	15898	65335	4.11	0	66
SCAF_554_region	15898	65335	4.11	0	66
SCAF_555	15891	36349	2.29	0	24
SCAF_555_region	15891	36349	2.29	0	24
SCAF_556	15885	98337	6.19	0	36
SCAF_556_region	15885	98337	6.19	0	36
SCAF_557	15855	46270	2.92	0	31
SCAF_557_region	15855	46270	2.92	0	31
SCAF_558	15839	70990	4.48	0	46
SCAF_558_region	15839	70990	4.48	0	46
SCAF_559	15827	203149	12.84	0	36
SCAF_559_region	15827	203149	12.84	0	36
SCAF_560	15823	117929	7.45	0	119
SCAF_560_region	15823	117929	7.45	0	119
SCAF_561	15791	123177	7.80	0	26
SCAF_561_region	15791	123177	7.80	0	26
SCAF_562	15777	5120044	324.53	0	956
SCAF_562_region	15777	5120044	324.53	0	956
SCAF_563	15776	55130	3.49	0	32
SCAF_563_region	15776	55130	3.49	0	32
SCAF_564	15761	75544	4.79	0	27
SCAF_564_region	15761	75544	4.79	0	27
SCAF_565	15717	62248	3.96	0	61
SCAF_565_region	15717	62248	3.96	0	61
SCAF_566	15706	3521	0.22	0	40
SCAF_566_region	15706	3521	0.22	0	40
SCAF_567	15696	90750	5.78	0	40
SCAF_567_region	15696	90750	5.78	0	40
SCAF_568	15657	109971	7.02	0	28
SCAF_568_region	15657	109971	7.02	0	28
SCAF_569	15650	32404	2.07	0	76
SCAF_569_region	15650	32404	2.07	0	76
SCAF_570	15646	66066	4.22	0	140
SCAF_570_region	15646	66066	4.22	0	140
SCAF_571	15619	969	0.06	0	7
SCAF_571_region	15619	969	0.06	0	7
SCAF_572	15612	39986	2.56	0	38
SCAF_572_region	15612	39986	2.56	0	38
SCAF_573	15605	24318	1.56	0	23
SCAF_573_region	15605	24318	1.56	0	23
SCAF_574	15575	28291	1.82	0	38
SCAF_574_region	15575	28291	1.82	0	38
SCAF_575	15573	20661	1.33	0	36
SCAF_575_region	15573	20661	1.33	0	36
SCAF_576	15571	104554	6.71	0	68
SCAF_576_region	15571	104554	6.71	0	68
SCAF_577	15544	10356	0.67	0	20
SCAF_577_region	15544	10356	0.67	0	20
SCAF_578	15521	738	0.05	0	13
SCAF_578_region	15521	738	0.05	0	13
SCAF_579	15497	20539	1.33	0	122
SCAF_579_region	15497	20539	1.33	0	122
SCAF_580	15481	59950	3.87	0	36
SCAF_580_region	15481	59950	3.87	0	36
SCAF_581	15458	71621	4.63	0	66
SCAF_581_region	15458	71621	4.63	0	66
SCAF_582	15439	63115	4.09	0	51
SCAF_582_region	15439	63115	4.09	0	51
SCAF_583	15421	8697	0.56	0	34
SCAF_583_region	15421	8697	0.56	0	34
SCAF_584	15337	19053	1.24	0	44
SCAF_584_region	15337	19053	1.24	0	44
SCAF_585	15336	19811	1.29	0	36
SCAF_585_region	15336	19811	1.29	0	36
SCAF_586	15301	155718	10.18	0	64
SCAF_586_region	15301	155718	10.18	0	64
SCAF_587	15300	7006525	457.94	0	20177
SCAF_587_region	15300	7006525	457.94	0	20177
SCAF_588	15298	66377	4.34	0	33
SCAF_588_region	15298	66377	4.34	0	33
SCAF_589	15238	27980	1.84	0	39
SCAF_589_region	15238	27980	1.84	0	39
SCAF_590	15205	259369	17.06	0	72
SCAF_590_region	15205	259369	17.06	0	72
SCAF_591	15162	193300	12.75	0	57
SCAF_591_region	15162	193300	12.75	0	57
SCAF_592	15154	374579	24.72	2	49
SCAF_592_region	15154	374579	24.72	2	49
SCAF_593	15087	56267	3.73	0	18
SCAF_593_region	15087	56267	3.73	0	18
SCAF_594	15082	190163	12.61	0	66
SCAF_594_region	15082	190163	12.61	0	66
SCAF_595	15055	196128	13.03	0	51
SCAF_595_region	15055	196128	13.03	0	51
SCAF_596	15045	5532	0.37	0	19
SCAF_596_region	15045	5532	0.37	0	19
SCAF_597	15030	59246	3.94	0	18
SCAF_597_region	15030	59246	3.94	0	18
SCAF_598	15027	40130	2.67	0	104
SCAF_598_region	15027	40130	2.67	0	104
SCAF_599	15000	203673	13.58	0	59
SCAF_599_region	15000	203673	13.58	0	59
SCAF_600	14995	10868	0.72	0	40
SCAF_600_region	14995	10868	0.72	0	40
SCAF_601	14985	143955	9.61	0	82
SCAF_601_region	14985	143955	9.61	0	82
SCAF_602	14930	143574	9.62	0	30
SCAF_602_region	14930	143574	9.62	0	30
SCAF_603	14898	50612	3.40	0	31
SCAF_603_region	14898	50612	3.40	0	31
SCAF_604	14863	48163	3.24	0	29
SCAF_604_region	14863	48163	3.24	0	29
SCAF_605	14840	8936	0.60	0	17
SCAF_605_region	14840	8936	0.60	0	17
SCAF_606	14808	990	0.07	0	5
SCAF_606_region	14808	990	0.07	0	5
SCAF_607	14807	70250	4.74	0	50
SCAF_607_region	14807	70250	4.74	0	50
SCAF_608	14785	67097	4.54	0	53
SCAF_608_region	14785	67097	4.54	0	53
SCAF_609	14742	838241	56.86	0	837
SCAF_609_region	14742	838241	56.86	0	837
SCAF_610	14738	98882	6.71	0	43
SCAF_610_region	14738	98882	6.71	0	43
SCAF_611	14737	141473	9.60	0	60
SCAF_611_region	14737	141473	9.60	0	60
SCAF_612	14712	9358530	636.12	0	3670
SCAF_612_region	14712	9358530	636.12	0	3670
SCAF_613	14708	112527	7.65	0	78
SCAF_613_region	14708	112527	7.65	0	78
SCAF_614	14694	226379	15.41	0	201
SCAF_614_region	14694	226379	15.41	0	201
SCAF_615	14684	19017	1.30	0	64
SCAF_615_region	14684	19017	1.30	0	64
SCAF_616	14676	767	0.05	0	4
SCAF_616_region	14676	767	0.05	0	4
SCAF_617	14662	40337	2.75	0	50
SCAF_617_region	14662	40337	2.75	0	50
SCAF_618	14658	75786	5.17	0	25
SCAF_618_region	14658	75786	5.17	0	25
SCAF_619	14650	220703	15.07	0	1573
SCAF_619_region	14650	220703	15.07	0	1573
SCAF_620	14639	16478	1.13	0	26
SCAF_620_region	14639	16478	1.13	0	26
SCAF_621	14614	557780	38.17	0	2152
SCAF_621_region	14614	557780	38.17	0	2152
SCAF_622	14596	47013	3.22	0	33
SCAF_622_region	14596	47013	3.22	0	33
SCAF_623	14590	89566	6.14	0	27
SCAF_623_region	14590	89566	6.14	0	27
SCAF_624	14581	10094	0.69	0	29
SCAF_624_region	14581	10094	0.69	0	29
SCAF_625	14547	21783	1.50	0	25
SCAF_625_region	14547	21783	1.50	0	25
SCAF_626	14527	46071	3.17	0	46
SCAF_626_region	14527	46071	3.17	0	46
SCAF_627	14523	59937	4.13	0	41
SCAF_627_region	14523	59937	4.13	0	41
SCAF_628	14498	76707	5.29	0	99
SCAF_628_region	14498	76707	5.29	0	99
SCAF_629	14453	27084	1.87	0	28
SCAF_629_region	14453	27084	1.87	0	28
SCAF_630	14414	47138	3.27	0	39
SCAF_630_region	14414	47138	3.27	0	39
SCAF_631	14395	6093	0.42	0	16
SCAF_631_region	14395	6093	0.42	0	16
SCAF_632	14385	45509	3.16	0	16
SCAF_632_region	14385	45509	3.16	0	16
SCAF_633	14371	4979	0.35	0	19
SCAF_633_region	14371	4979	0.35	0	19
SCAF_634	14371	21980	1.53	0	32
SCAF_634_region	14371	21980	1.53	0	32
SCAF_635	14280	166371	11.65	0	137
SCAF_635_region	14280	166371	11.65	0	137
SCAF_636	14276	66170	4.64	0	65
SCAF_636_region	14276	66170	4.64	0	65
SCAF_637	14236	77675	5.46	0	47
SCAF_637_region	14236	77675	5.46	0	47
SCAF_638	14229	98427	6.92	0	30
SCAF_638_region	14229	98427	6.92	0	30
SCAF_639	14202	905	0.06	0	5
SCAF_639_region	14202	905	0.06	0	5
SCAF_640	14111	49176	3.48	0	56
SCAF_640_region	14111	49176	3.48	0	56
SCAF_641	14088	97133	6.89	0	28
SCAF_641_region	14088	97133	6.89	0	28
SCAF_642	14005	133382	9.52	0	31
SCAF_642_region	14005	133382	9.52	0	31
SCAF_643	13977	17042708	1219.34	0	20992
SCAF_643_region	13977	17042708	1219.34	0	20992
SCAF_644	13890	14125	1.02	0	36
SCAF_644_region	13890	14125	1.02	0	36
SCAF_645	13875	94012	6.78	0	28
SCAF_645_region	13875	94012	6.78	0	28
SCAF_646	13874	158873	11.45	0	134
SCAF_646_region	13874	158873	11.45	0	134
SCAF_647	13848	48669	3.51	0	38
SCAF_647_region	13848	48669	3.51	0	38
SCAF_648	13847	10729	0.77	0	30
SCAF_648_region	13847	10729	0.77	0	30
SCAF_649	13838	18555	1.34	0	22
SCAF_649_region	13838	18555	1.34	0	22
SCAF_650	13812	46529	3.37	0	38
SCAF_650_region	13812	46529	3.37	0	38
SCAF_651	13758	194111	14.11	0	72
SCAF_651_region	13758	194111	14.11	0	72
SCAF_652	13727	31266	2.28	0	27
SCAF_652_region	13727	31266	2.28	0	27
SCAF_653	13703	9247	0.67	0	6
SCAF_653_region	13703	9247	0.67	0	6
SCAF_654	13701	947	0.07	0	8
SCAF_654_region	13701	947	0.07	0	8
SCAF_655	13677	38590	2.82	0	36
SCAF_655_region	13677	38590	2.82	0	36
SCAF_656	13622	70908	5.21	0	23
SCAF_656_region	13622	70908	5.21	0	23
SCAF_657	13584	17491	1.29	0	50
SCAF_657_region	13584	17491	1.29	0	50
SCAF_658	13583	101620	7.48	0	26
SCAF_658_region	13583	101620	7.48	0	26
SCAF_659	13535	115343	8.52	0	34
SCAF_659_region	13535	115343	8.52	0	34
SCAF_660	13535	298	0.02	0	2
SCAF_660_region	13535	298	0.02	0	2
SCAF_661	13499	36784	2.72	0	21
SCAF_661_region	13499	36784	2.72	0	21
SCAF_662	13464	6382	0.47	0	17
SCAF_662_region	13464	6382	0.47	0	17
SCAF_663	13438	61534	4.58	0	45
SCAF_663_region	13438	61534	4.58	0	45
SCAF_664	13385	8788117	656.56	0	4039
SCAF_664_region	13385	8788117	656.56	0	4039
SCAF_665	13357	932	0.07	0	3
SCAF_665_region	13357	932	0.07	0	3
SCAF_666	13330	67777	5.08	0	23
SCAF_666_region	13330	67777	5.08	0	23
SCAF_667	13327	79420	5.96	0	57
SCAF_667_region	13327	79420	5.96	0	57
SCAF_668	13319	98850	7.42	0	197
SCAF_668_region	13319	98850	7.42	0	197
SCAF_669	13303	11157	0.84	0	10
SCAF_669_region	13303	11157	0.84	0	10
SCAF_670	13293	121434	9.14	0	38
SCAF_670_region	13293	121434	9.14	0	38
SCAF_671	13288	102599	7.72	0	44
SCAF_671_region	13288	102599	7.72	0	44
SCAF_672	13266	30227	2.28	0	21
SCAF_672_region	13266	30227	2.28	0	21
SCAF_673	13189	89660	6.80	0	325
SCAF_673_region	13189	89660	6.80	0	325
SCAF_674	13149	76749	5.84	0	59
SCAF_674_region	13149	76749	5.84	0	59
SCAF_675	13128	180704	13.76	0	284
SCAF_675_region	13128	180704	13.76	0	284
SCAF_676	13120	59529	4.54	0	32
SCAF_676_region	13120	59529	4.54	0	32
SCAF_677	13080	81349	6.22	0	805
SCAF_677_region	13080	81349	6.22	0	805
SCAF_678	13050	14943	1.15	0	16
SCAF_678_region	13050	14943	1.15	0	16
SCAF_679	13043	44910	3.44	0	60
SCAF_679_region	13043	44910	3.44	0	60
SCAF_680	13008	54410	4.18	0	34
SCAF_680_region	13008	54410	4.18	0	34
SCAF_681	13001	25867	1.99	0	45
SCAF_681_region	13001	25867	1.99	0	45
SCAF_682	12997	126608	9.74	0	38
SCAF_682_region	12997	126608	9.74	0	38
SCAF_683	12986	40704	3.13	0	20
SCAF_683_region	12986	40704	3.13	0	20
SCAF_684	12871	17372	1.35	0	27
SCAF_684_region	12871	17372	1.35	0	27
SCAF_685	12842	14691	1.14	0	21
SCAF_685_region	12842	14691	1.14	0	21
SCAF_686	12830	14129	1.10	0	37
SCAF_686_region	12830	14129	1.10	0	37
SCAF_687	12781	29565	2.31	0	25
SCAF_687_region	12781	29565	2.31	0	25
SCAF_688	12768	118222	9.26	0	79
SCAF_688_region	12768	118222	9.26	0	79
SCAF_689	12768	74955	5.87	0	35
SCAF_689_region	12768	74955	5.87	0	35
SCAF_690	12764	35820	2.81	0	36
SCAF_690_region	12764	35820	2.81	0	36
SCAF_691	12677	11035	0.87	0	23
SCAF_691_region	12677	11035	0.87	0	23
SCAF_692	12675	968	0.08	0	6
SCAF_692_region	12675	968	0.08	0	6
SCAF_693	12651	2589	0.20	0	13
SCAF_693_region	12651	2589	0.20	0	13
SCAF_694	12646	20097	1.59	0	28
SCAF_694_region	12646	20097	1.59	0	28
SCAF_695	12643	159389	12.61	0	61
SCAF_695_region	12643	159389	12.61	0	61
SCAF_696	12633	35915	2.84	0	25
SCAF_696_region	12633	35915	2.84	0	25
SCAF_697	12625	53712	4.25	0	112
SCAF_697_region	12625	53712	4.25	0	112
SCAF_698	12617	17235	1.37	0	25
SCAF_698_region	12617	17235	1.37	0	25
SCAF_699	12540	22118	1.76	0	35
SCAF_699_region	12540	22118	1.76	0	35
SCAF_700	12515	660	0.05	0	18
SCAF_700_region	12515	660	0.05	0	18
SCAF_701	12482	1636	0.13	0	5
SCAF_701_region	12482	1636	0.13	0	5
SCAF_702	12461	78815	6.32	0	219
SCAF_702_region	12461	78815	6.32	0	219
SCAF_703	12456	46129	3.70	0	39
SCAF_703_region	12456	46129	3.70	0	39
SCAF_704	12456	16347	1.31	0	30
SCAF_704_region	12456	16347	1.31	0	30
SCAF_705	12358	23455	1.90	0	25
SCAF_705_region	12358	23455	1.90	0	25
SCAF_706	12350	225601	18.27	0	58
SCAF_706_region	12350	225601	18.27	0	58
SCAF_707	12343	20422	1.65	0	19
SCAF_707_region	12343	20422	1.65	0	19
SCAF_708	12333	563	0.05	0	3
SCAF_708_region	12333	563	0.05	0	3
SCAF_709	12319	12163806	987.40	0	7621
SCAF_709_region	12319	12163806	987.40	0	7621
SCAF_710	12288	14956	1.22	0	17
SCAF_710_region	12288	14956	1.22	0	17
SCAF_711	12252	221776	18.10	0	58
SCAF_711_region	12252	221776	18.10	0	58
SCAF_712	12218	281312	23.02	0	704
SCAF_712_region	12218	281312	23.02	0	704
SCAF_713	12177	168252	13.82	0	56
SCAF_713_region	12177	168252	13.82	0	56
SCAF_714	12167	4293	0.35	0	25
SCAF_714_region	12167	4293	0.35	0	25
SCAF_715	12163	33518	2.76	0	70
SCAF_715_region	12163	33518	2.76	0	70
SCAF_716	12143	63145	5.20	0	21
SCAF_716_region	12143	63145	5.20	0	21
SCAF_717	12102	8203	0.68	0	20
SCAF_717_region	12102	8203	0.68	0	20
SCAF_718	12099	281859	23.30	0	134
SCAF_718_region	12099	281859	23.30	0	134
SCAF_719	12095	21900	1.81	0	29
SCAF_719_region	12095	21900	1.81	0	29
SCAF_720	12085	63708	5.27	0	44
SCAF_720_region	12085	63708	5.27	0	44
SCAF_721	12078	11831	0.98	0	24
SCAF_721_region	12078	11831	0.98	0	24
SCAF_722	12066	129673	10.75	0	167
SCAF_722_region	12066	129673	10.75	0	167
SCAF_723	12015	97822	8.14	0	29
SCAF_723_region	12015	97822	8.14	0	29
SCAF_724	12004	10283	0.86	0	26
SCAF_724_region	12004	10283	0.86	0	26
SCAF_725	11949	93811	7.85	0	68
SCAF_725_region	11949	93811	7.85	0	68
SCAF_726	11911	2453	0.21	0	31
SCAF_726_region	11911	2453	0.21	0	31
SCAF_727	11900	6622	0.56	0	22
SCAF_727_region	11900	6622	0.56	0	22
SCAF_728	11869	87848	7.40	0	121
SCAF_728_region	11869	87848	7.40	0	121
SCAF_729	11788	177650	15.07	0	57
SCAF_729_region	11788	177650	15.07	0	57
SCAF_730	11785	103904	8.82	0	30
SCAF_730_region	11785	103904	8.82	0	30
SCAF_731	11750	44842	3.82	0	17
SCAF_731_region	11750	44842	3.82	0	17
SCAF_732	11699	6748	0.58	0	24
SCAF_732_region	11699	6748	0.58	0	24
SCAF_733	11674	6856	0.59	0	16
SCAF_733_region	11674	6856	0.59	0	16
SCAF_734	11658	62559	5.37	0	57
SCAF_734_region	11658	62559	5.37	0	57
SCAF_735	11648	153341	13.16	0	58
SCAF_735_region	11648	153341	13.16	0	58
SCAF_736	11642	107495	9.23	0	43
SCAF_736_region	11642	107495	9.23	0	43
SCAF_737	11612	533	0.05	0	3
SCAF_737_region	11612	533	0.05	0	3
SCAF_738	11595	398	0.03	0	3
SCAF_738_region	11595	398	0.03	0	3
SCAF_739	11525	38116	3.31	0	314
SCAF_739_region	11525	38116	3.31	0	314
SCAF_740	11505	93517	8.13	0	31
SCAF_740_region	11505	93517	8.13	0	31
SCAF_741	11492	3946	0.34	0	5
SCAF_741_region	11492	3946	0.34	0	5
SCAF_742	11467	35330838	3081.09	0	10806
SCAF_742_region	11467	35330838	3081.09	0	10806
SCAF_743	11404	1060	0.09	0	18
SCAF_743_region	11404	1060	0.09	0	18
SCAF_744	11377	17142	1.51	0	21
SCAF_744_region	11377	17142	1.51	0	21
SCAF_745	11364	52645	4.63	0	23
SCAF_745_region	11364	52645	4.63	0	23
SCAF_746	11318	2607	0.23	0	9
SCAF_746_region	11318	2607	0.23	0	9
SCAF_747	11311	220007	19.45	0	1642
SCAF_747_region	11311	220007	19.45	0	1642
SCAF_748	11306	112315	9.93	0	101
SCAF_748_region	11306	112315	9.93	0	101
SCAF_749	11299	86837	7.69	0	57
SCAF_749_region	11299	86837	7.69	0	57
SCAF_750	11284	21990	1.95	0	73
SCAF_750_region	11284	21990	1.95	0	73
SCAF_751	11276	13603	1.21	0	29
SCAF_751_region	11276	13603	1.21	0	29
SCAF_752	11267	12447	1.10	0	22
SCAF_752_region	11267	12447	1.10	0	22
SCAF_753	11254	23069	2.05	0	43
SCAF_753_region	11254	23069	2.05	0	43
SCAF_754	11236	97143	8.65	0	94
SCAF_754_region	11236	97143	8.65	0	94
SCAF_755	11231	1793	0.16	0	9
SCAF_755_region	11231	1793	0.16	0	9
SCAF_756	11200	119357	10.66	0	55
SCAF_756_region	11200	119357	10.66	0	55
SCAF_757	11195	50781	4.54	0	30
SCAF_757_region	11195	50781	4.54	0	30
SCAF_758	11126	10885	0.98	0	36
SCAF_758_region	11126	10885	0.98	0	36
SCAF_759	11118	48687	4.38	0	22
SCAF_759_region	11118	48687	4.38	0	22
SCAF_760	11100	7528	0.68	0	154
SCAF_760_region	11100	7528	0.68	0	154
SCAF_761	11097	45879	4.13	0	35
SCAF_761_region	11097	45879	4.13	0	35
SCAF_762	11029	9817	0.89	0	24
SCAF_762_region	11029	9817	0.89	0	24
SCAF_763	11019	49731	4.51	0	27
SCAF_763_region	11019	49731	4.51	0	27
SCAF_764	10979	349619	31.84	0	461
SCAF_764_region	10979	349619	31.84	0	461
SCAF_765	10957	157	0.01	0	2
SCAF_765_region	10957	157	0.01	0	2
SCAF_766	10940	31086	2.84	0	55
SCAF_766_region	10940	31086	2.84	0	55
SCAF_767	10913	5925	0.54	0	35
SCAF_767_region	10913	5925	0.54	0	35
SCAF_768	10886	48378	4.44	0	19
SCAF_768_region	10886	48378	4.44	0	19
SCAF_769	10867	12878	1.19	0	17
SCAF_769_region	10867	12878	1.19	0	17
SCAF_770	10816	5216	0.48	0	35
SCAF_770_region	10816	5216	0.48	0	35
SCAF_771	10810	9331	0.86	0	18
SCAF_771_region	10810	9331	0.86	0	18
SCAF_772	10709	26480	2.47	0	27
SCAF_772_region	10709	26480	2.47	0	27
SCAF_773	10688	324696	30.38	0	340
SCAF_773_region	10688	324696	30.38	0	340
SCAF_774	10648	32397	3.04	0	38
SCAF_774_region	10648	32397	3.04	0	38
SCAF_775	10642	646	0.06	0	3
SCAF_775_region	10642	646	0.06	0	3
SCAF_776	10612	15745	1.48	0	26
SCAF_776_region	10612	15745	1.48	0	26
SCAF_777	10608	134939	12.72	0	61
SCAF_777_region	10608	134939	12.72	0	61
SCAF_778	10604	43082	4.06	0	29
SCAF_778_region	10604	43082	4.06	0	29
SCAF_779	10578	19746	1.87	0	20
SCAF_779_region	10578	19746	1.87	0	20
SCAF_780	10571	1045	0.10	0	11
SCAF_780_region	10571	1045	0.10	0	11
SCAF_781	10511	9164	0.87	0	24
SCAF_781_region	10511	9164	0.87	0	24
SCAF_782	10492	889	0.08	0	11
SCAF_782_region	10492	889	0.08	0	11
SCAF_783	10421	70441	6.76	0	31
SCAF_783_region	10421	70441	6.76	0	31
SCAF_784	10379	121496	11.71	0	61
SCAF_784_region	10379	121496	11.71	0	61
SCAF_785	10337	51228	4.96	0	34
SCAF_785_region	10337	51228	4.96	0	34
SCAF_786	10326	52608	5.09	0	43
SCAF_786_region	10326	52608	5.09	0	43
SCAF_787	10326	15877	1.54	0	29
SCAF_787_region	10326	15877	1.54	0	29
SCAF_788	10316	3067	0.30	0	11
SCAF_788_region	10316	3067	0.30	0	11
SCAF_789	10256	266	0.03	0	2
SCAF_789_region	10256	266	0.03	0	2
SCAF_790	10228	16776	1.64	0	40
SCAF_790_region	10228	16776	1.64	0	40
SCAF_791	10185	88995	8.74	0	27
SCAF_791_region	10185	88995	8.74	0	27
SCAF_792	10184	61268	6.02	0	40
SCAF_792_region	10184	61268	6.02	0	40
SCAF_793	10160	35477	3.49	0	21
SCAF_793_region	10160	35477	3.49	0	21
SCAF_794	10147	866	0.09	0	4
SCAF_794_region	10147	866	0.09	0	4
SCAF_795	10110	1437	0.14	0	4
SCAF_795_region	10110	1437	0.14	0	4
SCAF_796	10045	221	0.02	0	2
SCAF_796_region	10045	221	0.02	0	2
SCAF_797	10015	20580	2.05	0	82
SCAF_797_region	10015	20580	2.05	0	82
SCAF_798	10012	93532	9.34	0	52
SCAF_798_region	10012	93532	9.34	0	52
SCAF_799	9978	61404	6.15	0	36
SCAF_799_region	9978	61404	6.15	0	36
SCAF_800	9947	114136	11.47	0	294
SCAF_800_region	9947	114136	11.47	0	294
SCAF_801	9941	36577	3.68	0	21
SCAF_801_region	9941	36577	3.68	0	21
SCAF_802	9910	177	0.02	0	2
SCAF_802_region	9910	177	0.02	0	2
SCAF_803	9879	53937	5.46	0	23
SCAF_803_region	9879	53937	5.46	0	23
SCAF_804	9861	41899	4.25	0	36
SCAF_804_region	9861	41899	4.25	0	36
SCAF_805	9859	1463	0.15	0	32
SCAF_805_region	9859	1463	0.15	0	32
SCAF_806	9855	64830	6.58	0	21
SCAF_806_region	9855	64830	6.58	0	21
SCAF_807	9792	15723	1.61	0	11
SCAF_807_region	9792	15723	1.61	0	11
SCAF_808	9784	48266	4.93	0	24
SCAF_808_region	9784	48266	4.93	0	24
SCAF_809	9773	9566	0.98	0	23
SCAF_809_region	9773	9566	0.98	0	23
SCAF_810	9756	4323	0.44	0	9
SCAF_810_region	9756	4323	0.44	0	9
SCAF_811	9753	12436	1.28	0	50
SCAF_811_region	9753	12436	1.28	0	50
SCAF_812	9719	12223	1.26	0	43
SCAF_812_region	9719	12223	1.26	0	43
SCAF_813	9715	11179	1.15	0	15
SCAF_813_region	9715	11179	1.15	0	15
SCAF_814	9708	50690	5.22	0	50
SCAF_814_region	9708	50690	5.22	0	50
SCAF_815	9700	28533	2.94	0	33
SCAF_815_region	9700	28533	2.94	0	33
SCAF_816	9673	49619	5.13	0	59
SCAF_816_region	9673	49619	5.13	0	59
SCAF_817	9638	66969	6.95	0	29
SCAF_817_region	9638	66969	6.95	0	29
SCAF_818	9601	67883	7.07	0	62
SCAF_818_region	9601	67883	7.07	0	62
SCAF_819	9601	33685	3.51	0	46
SCAF_819_region	9601	33685	3.51	0	46
SCAF_820	9550	360314	37.73	0	352
SCAF_820_region	9550	360314	37.73	0	352
SCAF_821	9533	35268	3.70	0	40
SCAF_821_region	9533	35268	3.70	0	40
SCAF_822	9498	23556	2.48	0	26
SCAF_822_region	9498	23556	2.48	0	26
SCAF_823	9466	14843346	1568.07	0	4529
SCAF_823_region	9466	14843346	1568.07	0	4529
SCAF_824	9457	9687	1.02	0	30
SCAF_824_region	9457	9687	1.02	0	30
SCAF_825	9446	8247	0.87	0	20
SCAF_825_region	9446	8247	0.87	0	20
SCAF_826	9385	37231	3.97	0	29
SCAF_826_region	9385	37231	3.97	0	29
SCAF_827	9376	48536	5.18	0	59
SCAF_827_region	9376	48536	5.18	0	59
SCAF_828	9365	3190	0.34	0	18
SCAF_828_region	9365	3190	0.34	0	18
SCAF_829	9320	12562	1.35	0	64
SCAF_829_region	9320	12562	1.35	0	64
SCAF_830	9303	21165	2.28	0	24
SCAF_830_region	9303	21165	2.28	0	24
SCAF_831	9295	5027	0.54	0	15
SCAF_831_region	9295	5027	0.54	0	15
SCAF_832	9282	62143	6.70	0	61
SCAF_832_region	9282	62143	6.70	0	61
SCAF_833	9263	1156	0.12	0	9
SCAF_833_region	9263	1156	0.12	0	9
SCAF_834	9159	403823	44.09	0	1489
SCAF_834_region	9159	403823	44.09	0	1489
SCAF_835	9159	96160	10.50	0	27
SCAF_835_region	9159	96160	10.50	0	27
SCAF_836	9157	19946	2.18	0	30
SCAF_836_region	9157	19946	2.18	0	30
SCAF_837	9095	838	0.09	0	21
SCAF_837_region	9095	838	0.09	0	21
SCAF_838	9078	49546	5.46	0	92
SCAF_838_region	9078	49546	5.46	0	92
SCAF_839	9057	36806	4.06	0	36
SCAF_839_region	9057	36806	4.06	0	36
SCAF_840	9014	4460	0.49	0	27
SCAF_840_region	9014	4460	0.49	0	27
SCAF_841	8986	77912	8.67	0	47
SCAF_841_region	8986	77912	8.67	0	47
SCAF_842	8986	6525	0.73	0	13
SCAF_842_region	8986	6525	0.73	0	13
SCAF_843	8952	532	0.06	0	3
SCAF_843_region	8952	532	0.06	0	3
SCAF_844	8935	1894206	212.00	0	9793
SCAF_844_region	8935	1894206	212.00	0	9793
SCAF_845	8927	109506	12.27	0	69
SCAF_845_region	8927	109506	12.27	0	69
SCAF_846	8908	146637	16.46	0	276
SCAF_846_region	8908	146637	16.46	0	276
SCAF_847	8868	31631	3.57	0	39
SCAF_847_region	8868	31631	3.57	0	39
SCAF_848	8867	879	0.10	0	4
SCAF_848_region	8867	879	0.10	0	4
SCAF_849	8825	30522	3.46	0	64
SCAF_849_region	8825	30522	3.46	0	64
SCAF_850	8771	25436	2.90	0	35
SCAF_850_region	8771	25436	2.90	0	35
SCAF_851	8703	65853	7.57	0	31
SCAF_851_region	8703	65853	7.57	0	31
SCAF_852	8695	3373	0.39	0	15
SCAF_852_region	8695	3373	0.39	0	15
SCAF_853	8662	119	0.01	0	1
SCAF_853_region	8662	119	0.01	0	1
SCAF_854	8634	628	0.07	0	5
SCAF_854_region	8634	628	0.07	0	5
SCAF_855	8630	324	0.04	0	2
SCAF_855_region	8630	324	0.04	0	2
SCAF_856	8617	15472145	1795.54	0	6070
SCAF_856_region	8617	15472145	1795.54	0	6070
SCAF_857	8469	57228	6.76	0	55
SCAF_857_region	8469	57228	6.76	0	55
SCAF_858	8431	331	0.04	0	2
SCAF_858_region	8431	331	0.04	0	2
SCAF_859	8397	1407	0.17	0	7
SCAF_859_region	8397	1407	0.17	0	7
SCAF_860	8390	7728	0.92	0	13
SCAF_860_region	8390	7728	0.92	0	13
SCAF_861	8357	2435	0.29	0	25
SCAF_861_region	8357	2435	0.29	0	25
SCAF_862	8342	1530998	183.53	0	19361
SCAF_862_region	8342	1530998	183.53	0	19361
SCAF_863	8337	510	0.06	0	5
SCAF_863_region	8337	510	0.06	0	5
SCAF_864	8258	4694	0.57	0	22
SCAF_864_region	8258	4694	0.57	0	22
SCAF_865	8103	4399	0.54	0	14
SCAF_865_region	8103	4399	0.54	0	14
SCAF_866	8034	567	0.07	0	10
SCAF_866_region	8034	567	0.07	0	10
SCAF_867	8027	44769	5.58	0	106
SCAF_867_region	8027	44769	5.58	0	106
SCAF_868	8017	29950	3.74	0	25
SCAF_868_region	8017	29950	3.74	0	25
SCAF_869	8015	12397	1.55	0	23
SCAF_869_region	8015	12397	1.55	0	23
SCAF_870	8015	43771	5.46	0	25
SCAF_870_region	8015	43771	5.46	0	25
SCAF_871	8000	722	0.09	0	5
SCAF_871_region	8000	722	0.09	0	5
SCAF_872	7790	26500	3.40	0	42
SCAF_872_region	7790	26500	3.40	0	42
SCAF_873	7773	615	0.08	0	17
SCAF_873_region	7773	615	0.08	0	17
SCAF_874	7763	117145	15.09	0	205
SCAF_874_region	7763	117145	15.09	0	205
SCAF_875	7721	2547	0.33	0	5
SCAF_875_region	7721	2547	0.33	0	5
SCAF_876	7701	55956	7.27	0	40
SCAF_876_region	7701	55956	7.27	0	40
SCAF_877	7680	222	0.03	0	2
SCAF_877_region	7680	222	0.03	0	2
SCAF_878	7622	38200	5.01	0	32
SCAF_878_region	7622	38200	5.01	0	32
SCAF_879	7582	6720	0.89	0	33
SCAF_879_region	7582	6720	0.89	0	33
SCAF_880	7559	20082	2.66	0	50
SCAF_880_region	7559	20082	2.66	0	50
SCAF_881	7416	206213	27.81	0	712
SCAF_881_region	7416	206213	27.81	0	712
SCAF_882	7394	32582	4.41	0	31
SCAF_882_region	7394	32582	4.41	0	31
SCAF_883	7363	23668	3.21	0	43
SCAF_883_region	7363	23668	3.21	0	43
SCAF_884	7338	53418	7.28	0	31
SCAF_884_region	7338	53418	7.28	0	31
SCAF_885	7324	1190	0.16	0	5
SCAF_885_region	7324	1190	0.16	0	5
SCAF_886	7276	3817	0.52	0	19
SCAF_886_region	7276	3817	0.52	0	19
SCAF_887	7242	385	0.05	0	2
SCAF_887_region	7242	385	0.05	0	2
SCAF_888	7231	14841	2.05	0	21
SCAF_888_region	7231	14841	2.05	0	21
SCAF_889	7198	439	0.06	0	5
SCAF_889_region	7198	439	0.06	0	5
SCAF_890	7142	8777	1.23	0	42
SCAF_890_region	7142	8777	1.23	0	42
SCAF_891	7028	39553	5.63	0	37
SCAF_891_region	7028	39553	5.63	0	37
SCAF_892	7025	31462	4.48	0	46
SCAF_892_region	7025	31462	4.48	0	46
SCAF_893	7015	30961	4.41	0	32
SCAF_893_region	7015	30961	4.41	0	32
SCAF_894	6958	57213	8.22	0	28
SCAF_894_region	6958	57213	8.22	0	28
SCAF_895	6948	25174	3.62	0	39
SCAF_895_region	6948	25174	3.62	0	39
SCAF_896	6829	5612834	821.91	0	3398
SCAF_896_region	6829	5612834	821.91	0	3398
SCAF_897	6804	13476	1.98	0	27
SCAF_897_region	6804	13476	1.98	0	27
SCAF_898	6754	5074505	751.33	0	9504
SCAF_898_region	6754	5074505	751.33	0	9504
SCAF_899	6732	41357	6.14	0	48
SCAF_899_region	6732	41357	6.14	0	48
SCAF_900	6698	6403	0.96	0	23
SCAF_900_region	6698	6403	0.96	0	23
SCAF_901	6642	9501	1.43	0	16
SCAF_901_region	6642	9501	1.43	0	16
SCAF_902	6588	30820	4.68	0	20
SCAF_902_region	6588	30820	4.68	0	20
SCAF_903	6549	87549	13.37	0	52
SCAF_903_region	6549	87549	13.37	0	52
SCAF_904	6496	67357	10.37	0	48
SCAF_904_region	6496	67357	10.37	0	48
SCAF_905	6483	114	0.02	0	1
SCAF_905_region	6483	114	0.02	0	1
SCAF_906	6367	871	0.14	0	14
SCAF_906_region	6367	871	0.14	0	14
SCAF_907	6367	35491	5.57	0	39
SCAF_907_region	6367	35491	5.57	0	39
SCAF_908	6228	29791	4.78	0	74
SCAF_908_region	6228	29791	4.78	0	74
SCAF_909	6173	27418	4.44	0	44
SCAF_909_region	6173	27418	4.44	0	44
SCAF_910	6170	1013	0.16	0	11
SCAF_910_region	6170	1013	0.16	0	11
SCAF_911	6077	17634	2.90	0	44
SCAF_911_region	6077	17634	2.90	0	44
SCAF_912	6073	24342	4.01	0	17
SCAF_912_region	6073	24342	4.01	0	17
SCAF_913	6059	17715190	2923.78	0	27143
SCAF_913_region	6059	17715190	2923.78	0	27143
SCAF_914	6001	51534	8.59	0	30
SCAF_914_region	6001	51534	8.59	0	30
SCAF_915	5869	108384	18.47	0	336
SCAF_915_region	5869	108384	18.47	0	336
SCAF_916	5803	46209	7.96	0	136
SCAF_916_region	5803	46209	7.96	0	136
SCAF_917	5661	50032	8.84	0	41
SCAF_917_region	5661	50032	8.84	0	41
SCAF_918	5277	72023	13.65	0	49
SCAF_918_region	5277	72023	13.65	0	49
total	51514314	12756876397	247.64	0	452685
total_region	51514314	12756876397	247.64	0	452685
