chrom	length	bases	mean	min	max
SCAF_1	5574741	3153436458	565.67	0	31999
SCAF_1_region	5574741	3153436458	565.67	0	31999
SCAF_2	4079479	2416356758	592.32	0	19640
SCAF_2_region	4079479	2416356758	592.32	0	19640
SCAF_3	3666439	2024144323	552.07	0	24062
SCAF_3_region	3666439	2024144323	552.07	0	24062
SCAF_4	2601389	1686664170	648.37	0	21403
SCAF_4_region	2601389	1686664170	648.37	0	21403
SCAF_5	2032088	1146659310	564.28	0	23270
SCAF_5_region	2032088	1146659310	564.28	0	23270
SCAF_6	1976889	1223428958	618.87	0	18864
SCAF_6_region	1976889	1223428958	618.87	0	18864
SCAF_7	1932263	1116931193	578.04	0	46081
SCAF_7_region	1932263	1116931193	578.04	0	46081
SCAF_8	1669080	861735070	516.29	0	14181
SCAF_8_region	1669080	861735070	516.29	0	14181
SCAF_9	1646134	920364226	559.11	0	10460
SCAF_9_region	1646134	920364226	559.11	0	10460
SCAF_10	1570817	905886853	576.70	0	12276
SCAF_10_region	1570817	905886853	576.70	0	12276
SCAF_11	1437752	893860919	621.71	0	7257
SCAF_11_region	1437752	893860919	621.71	0	7257
SCAF_12	978195	631527473	645.60	0	1068174
SCAF_12_region	978195	631527473	645.60	0	1068174
SCAF_13	598471	35029796	58.53	0	15187
SCAF_13_region	598471	35029796	58.53	0	15187
SCAF_14	247525	668070425	2699.00	0	39483
SCAF_14_region	247525	668070425	2699.00	0	39483
SCAF_15	224905	108695	0.48	0	128
SCAF_15_region	224905	108695	0.48	0	128
SCAF_16	181804	10529303	57.92	0	43948
SCAF_16_region	181804	10529303	57.92	0	43948
SCAF_17	176395	54175	0.31	0	54
SCAF_17_region	176395	54175	0.31	0	54
SCAF_18	160122	44607	0.28	0	39
SCAF_18_region	160122	44607	0.28	0	39
SCAF_19	139354	18155	0.13	0	27
SCAF_19_region	139354	18155	0.13	0	27
SCAF_20	131876	53985	0.41	0	212
SCAF_20_region	131876	53985	0.41	0	212
SCAF_21	130124	755950	5.81	0	1037
SCAF_21_region	130124	755950	5.81	0	1037
SCAF_22	121580	38056	0.31	0	37
SCAF_22_region	121580	38056	0.31	0	37
SCAF_23	117381	35349	0.30	0	21
SCAF_23_region	117381	35349	0.30	0	21
SCAF_24	115879	38546	0.33	0	297
SCAF_24_region	115879	38546	0.33	0	297
SCAF_25	115495	47640	0.41	0	421
SCAF_25_region	115495	47640	0.41	0	421
SCAF_26	113072	33953	0.30	0	22
SCAF_26_region	113072	33953	0.30	0	22
SCAF_27	110609	26930535	243.48	0	10409
SCAF_27_region	110609	26930535	243.48	0	10409
SCAF_28	109542	21474	0.20	0	37
SCAF_28_region	109542	21474	0.20	0	37
SCAF_29	108319	52856296	487.97	0	8199
SCAF_29_region	108319	52856296	487.97	0	8199
SCAF_30	107902	3061964	28.38	0	3848
SCAF_30_region	107902	3061964	28.38	0	3848
SCAF_31	106626	1259091	11.81	0	4089
SCAF_31_region	106626	1259091	11.81	0	4089
SCAF_32	102192	6443756	63.06	0	20490
SCAF_32_region	102192	6443756	63.06	0	20490
SCAF_33	98221	69088	0.70	0	15
SCAF_33_region	98221	69088	0.70	0	15
SCAF_34	97882	55717	0.57	0	63
SCAF_34_region	97882	55717	0.57	0	63
SCAF_35	95705	4812807	50.29	0	13447
SCAF_35_region	95705	4812807	50.29	0	13447
SCAF_36	94431	42997	0.46	0	24
SCAF_36_region	94431	42997	0.46	0	24
SCAF_37	92851	26283	0.28	0	38
SCAF_37_region	92851	26283	0.28	0	38
SCAF_38	89142	760712	8.53	0	968
SCAF_38_region	89142	760712	8.53	0	968
SCAF_39	88257	14005	0.16	0	27
SCAF_39_region	88257	14005	0.16	0	27
SCAF_40	85354	776010	9.09	0	1482
SCAF_40_region	85354	776010	9.09	0	1482
SCAF_41	82239	19940	0.24	0	31
SCAF_41_region	82239	19940	0.24	0	31
SCAF_42	77162	46268	0.60	0	42
SCAF_42_region	77162	46268	0.60	0	42
SCAF_43	76714	30731	0.40	0	34
SCAF_43_region	76714	30731	0.40	0	34
SCAF_44	76272	1132044	14.84	0	1293
SCAF_44_region	76272	1132044	14.84	0	1293
SCAF_45	73110	84376	1.15	0	545
SCAF_45_region	73110	84376	1.15	0	545
SCAF_46	72118	66340	0.92	0	39
SCAF_46_region	72118	66340	0.92	0	39
SCAF_47	70166	17302	0.25	0	26
SCAF_47_region	70166	17302	0.25	0	26
SCAF_48	69627	73855	1.06	0	32
SCAF_48_region	69627	73855	1.06	0	32
SCAF_49	69624	1650574	23.71	0	2555
SCAF_49_region	69624	1650574	23.71	0	2555
SCAF_50	68258	48698	0.71	0	45
SCAF_50_region	68258	48698	0.71	0	45
SCAF_51	66966	8658	0.13	0	19
SCAF_51_region	66966	8658	0.13	0	19
SCAF_52	66855	41810	0.63	0	40
SCAF_52_region	66855	41810	0.63	0	40
SCAF_53	65552	13725	0.21	0	22
SCAF_53_region	65552	13725	0.21	0	22
SCAF_54	65267	16672	0.26	0	191
SCAF_54_region	65267	16672	0.26	0	191
SCAF_55	65114	18288	0.28	0	11
SCAF_55_region	65114	18288	0.28	0	11
SCAF_56	62812	27385	0.44	0	186
SCAF_56_region	62812	27385	0.44	0	186
SCAF_57	62187	5902	0.09	0	31
SCAF_57_region	62187	5902	0.09	0	31
SCAF_58	61544	533921	8.68	0	1400
SCAF_58_region	61544	533921	8.68	0	1400
SCAF_59	61533	17203	0.28	0	33
SCAF_59_region	61533	17203	0.28	0	33
SCAF_60	61411	4954681	80.68	0	7028
SCAF_60_region	61411	4954681	80.68	0	7028
SCAF_61	61115	56948	0.93	0	34
SCAF_61_region	61115	56948	0.93	0	34
SCAF_62	59972	842135	14.04	0	1467
SCAF_62_region	59972	842135	14.04	0	1467
SCAF_63	59743	666843	11.16	0	754
SCAF_63_region	59743	666843	11.16	0	754
SCAF_64	58841	406287	6.90	0	614
SCAF_64_region	58841	406287	6.90	0	614
SCAF_65	58838	10152	0.17	0	41
SCAF_65_region	58838	10152	0.17	0	41
SCAF_66	58483	323161	5.53	0	828
SCAF_66_region	58483	323161	5.53	0	828
SCAF_67	57162	12142	0.21	0	20
SCAF_67_region	57162	12142	0.21	0	20
SCAF_68	56404	1179297	20.91	0	984
SCAF_68_region	56404	1179297	20.91	0	984
SCAF_69	55942	7551	0.13	0	32
SCAF_69_region	55942	7551	0.13	0	32
SCAF_70	55722	46857	0.84	0	28
SCAF_70_region	55722	46857	0.84	0	28
SCAF_71	55604	34422	0.62	0	33
SCAF_71_region	55604	34422	0.62	0	33
SCAF_72	54709	21867	0.40	0	24
SCAF_72_region	54709	21867	0.40	0	24
SCAF_73	52157	23275	0.45	0	22
SCAF_73_region	52157	23275	0.45	0	22
SCAF_74	52077	16424	0.32	0	20
SCAF_74_region	52077	16424	0.32	0	20
SCAF_75	51185	4682	0.09	0	13
SCAF_75_region	51185	4682	0.09	0	13
SCAF_76	50428	21796233	432.22	0	6302
SCAF_76_region	50428	21796233	432.22	0	6302
SCAF_77	50384	1533	0.03	0	3
SCAF_77_region	50384	1533	0.03	0	3
SCAF_78	49366	68956	1.40	0	40
SCAF_78_region	49366	68956	1.40	0	40
SCAF_79	49160	5376	0.11	0	24
SCAF_79_region	49160	5376	0.11	0	24
SCAF_80	48966	38203	0.78	0	49
SCAF_80_region	48966	38203	0.78	0	49
SCAF_81	48848	7999	0.16	0	31
SCAF_81_region	48848	7999	0.16	0	31
SCAF_82	48542	14812	0.31	0	40
SCAF_82_region	48542	14812	0.31	0	40
SCAF_83	48542	34616	0.71	0	34
SCAF_83_region	48542	34616	0.71	0	34
SCAF_84	47775	6559	0.14	0	14
SCAF_84_region	47775	6559	0.14	0	14
SCAF_85	47318	80651	1.70	0	36
SCAF_85_region	47318	80651	1.70	0	36
SCAF_86	46994	47500	1.01	0	40
SCAF_86_region	46994	47500	1.01	0	40
SCAF_87	46805	11719	0.25	0	12
SCAF_87_region	46805	11719	0.25	0	12
SCAF_88	46738	8338	0.18	0	42
SCAF_88_region	46738	8338	0.18	0	42
SCAF_89	46547	33346	0.72	0	19
SCAF_89_region	46547	33346	0.72	0	19
SCAF_90	46221	24015	0.52	0	38
SCAF_90_region	46221	24015	0.52	0	38
SCAF_91	44916	31279	0.70	0	24
SCAF_91_region	44916	31279	0.70	0	24
SCAF_92	44616	86109978	1930.02	0	9555
SCAF_92_region	44616	86109978	1930.02	0	9555
SCAF_93	44136	15567	0.35	0	57
SCAF_93_region	44136	15567	0.35	0	57
SCAF_94	43913	19199	0.44	0	74
SCAF_94_region	43913	19199	0.44	0	74
SCAF_95	43808	40159	0.92	0	41
SCAF_95_region	43808	40159	0.92	0	41
SCAF_96	43342	7539	0.17	0	27
SCAF_96_region	43342	7539	0.17	0	27
SCAF_97	43038	80586936	1872.46	0	31964
SCAF_97_region	43038	80586936	1872.46	0	31964
SCAF_98	42896	6407	0.15	0	20
SCAF_98_region	42896	6407	0.15	0	20
SCAF_99	42178	17050	0.40	0	29
SCAF_99_region	42178	17050	0.40	0	29
SCAF_100	41993	8820	0.21	0	11
SCAF_100_region	41993	8820	0.21	0	11
SCAF_101	41585	18974	0.46	0	48
SCAF_101_region	41585	18974	0.46	0	48
SCAF_102	41267	59493752	1441.68	0	4636
SCAF_102_region	41267	59493752	1441.68	0	4636
SCAF_103	41164	2043	0.05	0	5
SCAF_103_region	41164	2043	0.05	0	5
SCAF_104	40984	2789	0.07	0	6
SCAF_104_region	40984	2789	0.07	0	6
SCAF_105	40971	4165	0.10	0	13
SCAF_105_region	40971	4165	0.10	0	13
SCAF_106	40689	16839	0.41	0	30
SCAF_106_region	40689	16839	0.41	0	30
SCAF_107	40038	4974	0.12	0	31
SCAF_107_region	40038	4974	0.12	0	31
SCAF_108	39998	4084	0.10	0	25
SCAF_108_region	39998	4084	0.10	0	25
SCAF_109	39904	24745	0.62	0	47
SCAF_109_region	39904	24745	0.62	0	47
SCAF_110	39605	6318	0.16	0	14
SCAF_110_region	39605	6318	0.16	0	14
SCAF_111	39279	50575	1.29	0	307
SCAF_111_region	39279	50575	1.29	0	307
SCAF_112	39164	58930978	1504.72	0	4522
SCAF_112_region	39164	58930978	1504.72	0	4522
SCAF_113	39049	7720	0.20	0	28
SCAF_113_region	39049	7720	0.20	0	28
SCAF_114	38983	12894	0.33	0	13
SCAF_114_region	38983	12894	0.33	0	13
SCAF_115	38824	9350168	240.83	0	12162
SCAF_115_region	38824	9350168	240.83	0	12162
SCAF_116	37823	4143	0.11	0	34
SCAF_116_region	37823	4143	0.11	0	34
SCAF_117	37728	76244127	2020.89	0	26283
SCAF_117_region	37728	76244127	2020.89	0	26283
SCAF_118	37705	32425	0.86	0	15
SCAF_118_region	37705	32425	0.86	0	15
SCAF_119	37514	10645	0.28	0	136
SCAF_119_region	37514	10645	0.28	0	136
SCAF_120	37456	59421353	1586.43	0	22920
SCAF_120_region	37456	59421353	1586.43	0	22920
SCAF_121	37441	56385569	1505.98	0	11892
SCAF_121_region	37441	56385569	1505.98	0	11892
SCAF_122	37347	1744216	46.70	0	3559
SCAF_122_region	37347	1744216	46.70	0	3559
SCAF_123	37222	10004	0.27	0	32
SCAF_123_region	37222	10004	0.27	0	32
SCAF_124	36961	594043	16.07	0	2291
SCAF_124_region	36961	594043	16.07	0	2291
SCAF_125	36710	3391	0.09	0	5
SCAF_125_region	36710	3391	0.09	0	5
SCAF_126	36614	13170	0.36	0	10
SCAF_126_region	36614	13170	0.36	0	10
SCAF_127	36584	29468	0.81	0	21
SCAF_127_region	36584	29468	0.81	0	21
SCAF_128	36068	43804	1.21	0	38
SCAF_128_region	36068	43804	1.21	0	38
SCAF_129	35972	17408	0.48	0	33
SCAF_129_region	35972	17408	0.48	0	33
SCAF_130	35925	12748	0.35	0	25
SCAF_130_region	35925	12748	0.35	0	25
SCAF_131	35704	2183	0.06	0	37
SCAF_131_region	35704	2183	0.06	0	37
SCAF_132	35264	15689	0.44	0	12
SCAF_132_region	35264	15689	0.44	0	12
SCAF_133	35121	77790562	2214.93	0	35812
SCAF_133_region	35121	77790562	2214.93	0	35812
SCAF_134	35117	15789	0.45	0	54
SCAF_134_region	35117	15789	0.45	0	54
SCAF_135	34903	17488	0.50	0	29
SCAF_135_region	34903	17488	0.50	0	29
SCAF_136	34900	56044474	1605.86	0	21662
SCAF_136_region	34900	56044474	1605.86	0	21662
SCAF_137	34765	5607	0.16	0	31
SCAF_137_region	34765	5607	0.16	0	31
SCAF_138	34687	1189686	34.30	0	2441
SCAF_138_region	34687	1189686	34.30	0	2441
SCAF_139	34615	15500	0.45	0	29
SCAF_139_region	34615	15500	0.45	0	29
SCAF_140	34599	73420893	2122.05	0	15743
SCAF_140_region	34599	73420893	2122.05	0	15743
SCAF_141	34497	21359461	619.17	0	20854
SCAF_141_region	34497	21359461	619.17	0	20854
SCAF_142	34440	47000821	1364.72	0	6161
SCAF_142_region	34440	47000821	1364.72	0	6161
SCAF_143	34384	26491	0.77	0	39
SCAF_143_region	34384	26491	0.77	0	39
SCAF_144	34330	7578	0.22	0	21
SCAF_144_region	34330	7578	0.22	0	21
SCAF_145	34087	7216	0.21	0	29
SCAF_145_region	34087	7216	0.21	0	29
SCAF_146	33692	29517	0.88	0	27
SCAF_146_region	33692	29517	0.88	0	27
SCAF_147	33483	58727240	1753.94	0	8990
SCAF_147_region	33483	58727240	1753.94	0	8990
SCAF_148	33469	8481	0.25	0	33
SCAF_148_region	33469	8481	0.25	0	33
SCAF_149	33420	40874386	1223.05	0	5945
SCAF_149_region	33420	40874386	1223.05	0	5945
SCAF_150	33347	14555	0.44	0	28
SCAF_150_region	33347	14555	0.44	0	28
SCAF_151	33283	366592	11.01	0	601
SCAF_151_region	33283	366592	11.01	0	601
SCAF_152	33266	19150	0.58	0	17
SCAF_152_region	33266	19150	0.58	0	17
SCAF_153	33237	9090	0.27	0	28
SCAF_153_region	33237	9090	0.27	0	28
SCAF_154	33139	11088	0.33	0	25
SCAF_154_region	33139	11088	0.33	0	25
SCAF_155	33127	86655586	2615.86	0	11773
SCAF_155_region	33127	86655586	2615.86	0	11773
SCAF_156	32748	612775	18.71	0	477
SCAF_156_region	32748	612775	18.71	0	477
SCAF_157	32666	1523802	46.65	0	1558
SCAF_157_region	32666	1523802	46.65	0	1558
SCAF_158	32618	3796	0.12	0	18
SCAF_158_region	32618	3796	0.12	0	18
SCAF_159	32358	2222	0.07	0	25
SCAF_159_region	32358	2222	0.07	0	25
SCAF_160	32136	5493	0.17	0	10
SCAF_160_region	32136	5493	0.17	0	10
SCAF_161	32035	2636	0.08	0	32
SCAF_161_region	32035	2636	0.08	0	32
SCAF_162	31954	5193	0.16	0	10
SCAF_162_region	31954	5193	0.16	0	10
SCAF_163	31782	12099	0.38	0	24
SCAF_163_region	31782	12099	0.38	0	24
SCAF_164	31669	23019	0.73	0	47
SCAF_164_region	31669	23019	0.73	0	47
SCAF_165	31629	33302	1.05	0	149
SCAF_165_region	31629	33302	1.05	0	149
SCAF_166	31581	3432	0.11	0	39
SCAF_166_region	31581	3432	0.11	0	39
SCAF_167	31556	10882	0.34	0	15
SCAF_167_region	31556	10882	0.34	0	15
SCAF_168	31421	4116	0.13	0	19
SCAF_168_region	31421	4116	0.13	0	19
SCAF_169	31314	30452	0.97	0	36
SCAF_169_region	31314	30452	0.97	0	36
SCAF_170	31127	2377	0.08	0	38
SCAF_170_region	31127	2377	0.08	0	38
SCAF_171	31061	56323947	1813.33	0	7826
SCAF_171_region	31061	56323947	1813.33	0	7826
SCAF_172	31059	2956	0.10	0	33
SCAF_172_region	31059	2956	0.10	0	33
SCAF_173	30866	17178	0.56	0	26
SCAF_173_region	30866	17178	0.56	0	26
SCAF_174	30739	64464925	2097.17	0	29765
SCAF_174_region	30739	64464925	2097.17	0	29765
SCAF_175	30330	3247	0.11	0	34
SCAF_175_region	30330	3247	0.11	0	34
SCAF_176	30301	9965415	328.88	0	39997
SCAF_176_region	30301	9965415	328.88	0	39997
SCAF_177	30226	2554	0.08	0	19
SCAF_177_region	30226	2554	0.08	0	19
SCAF_178	30187	5199	0.17	0	10
SCAF_178_region	30187	5199	0.17	0	10
SCAF_179	30183	3191	0.11	0	25
SCAF_179_region	30183	3191	0.11	0	25
SCAF_180	30131	75919	2.52	0	2392
SCAF_180_region	30131	75919	2.52	0	2392
SCAF_181	30071	2497	0.08	0	11
SCAF_181_region	30071	2497	0.08	0	11
SCAF_182	30032	3088	0.10	0	18
SCAF_182_region	30032	3088	0.10	0	18
SCAF_183	30005	2841	0.09	0	30
SCAF_183_region	30005	2841	0.09	0	30
SCAF_184	29541	381482	12.91	0	1653
SCAF_184_region	29541	381482	12.91	0	1653
SCAF_185	29415	8507	0.29	0	35
SCAF_185_region	29415	8507	0.29	0	35
SCAF_186	29375	1628	0.06	0	5
SCAF_186_region	29375	1628	0.06	0	5
SCAF_187	29360	10190	0.35	0	29
SCAF_187_region	29360	10190	0.35	0	29
SCAF_188	29327	19374	0.66	0	10
SCAF_188_region	29327	19374	0.66	0	10
SCAF_189	29236	4463	0.15	0	31
SCAF_189_region	29236	4463	0.15	0	31
SCAF_190	29216	559706	19.16	0	551
SCAF_190_region	29216	559706	19.16	0	551
SCAF_191	29200	6264	0.21	0	18
SCAF_191_region	29200	6264	0.21	0	18
SCAF_192	29083	37925089	1304.03	0	4492
SCAF_192_region	29083	37925089	1304.03	0	4492
SCAF_193	29081	7928	0.27	0	148
SCAF_193_region	29081	7928	0.27	0	148
SCAF_194	28863	19732441	683.66	0	3416
SCAF_194_region	28863	19732441	683.66	0	3416
SCAF_195	28688	14700	0.51	0	92
SCAF_195_region	28688	14700	0.51	0	92
SCAF_196	28688	472724	16.48	0	1412
SCAF_196_region	28688	472724	16.48	0	1412
SCAF_197	28670	5065	0.18	0	30
SCAF_197_region	28670	5065	0.18	0	30
SCAF_198	28585	12052	0.42	0	15
SCAF_198_region	28585	12052	0.42	0	15
SCAF_199	28585	2093824	73.25	0	8748
SCAF_199_region	28585	2093824	73.25	0	8748
SCAF_200	28563	10144	0.36	0	161
SCAF_200_region	28563	10144	0.36	0	161
SCAF_201	28551	10141	0.36	0	21
SCAF_201_region	28551	10141	0.36	0	21
SCAF_202	28219	5440	0.19	0	18
SCAF_202_region	28219	5440	0.19	0	18
SCAF_203	28217	5706	0.20	0	26
SCAF_203_region	28217	5706	0.20	0	26
SCAF_204	28187	424992	15.08	0	2103
SCAF_204_region	28187	424992	15.08	0	2103
SCAF_205	28138	21110	0.75	0	36
SCAF_205_region	28138	21110	0.75	0	36
SCAF_206	28111	3245	0.12	0	35
SCAF_206_region	28111	3245	0.12	0	35
SCAF_207	27959	27068	0.97	0	31
SCAF_207_region	27959	27068	0.97	0	31
SCAF_208	27935	44485300	1592.46	0	27361
SCAF_208_region	27935	44485300	1592.46	0	27361
SCAF_209	27830	4260	0.15	0	20
SCAF_209_region	27830	4260	0.15	0	20
SCAF_210	27781	3793	0.14	0	32
SCAF_210_region	27781	3793	0.14	0	32
SCAF_211	27774	29606	1.07	0	208
SCAF_211_region	27774	29606	1.07	0	208
SCAF_212	27772	13676	0.49	0	13
SCAF_212_region	27772	13676	0.49	0	13
SCAF_213	27728	8625	0.31	0	31
SCAF_213_region	27728	8625	0.31	0	31
SCAF_214	27690	4162	0.15	0	30
SCAF_214_region	27690	4162	0.15	0	30
SCAF_215	27659	55535248	2007.85	0	11289
SCAF_215_region	27659	55535248	2007.85	0	11289
SCAF_216	27637	3821	0.14	0	28
SCAF_216_region	27637	3821	0.14	0	28
SCAF_217	27634	4466	0.16	0	26
SCAF_217_region	27634	4466	0.16	0	26
SCAF_218	27594	13314	0.48	0	9
SCAF_218_region	27594	13314	0.48	0	9
SCAF_219	27563	1363	0.05	0	8
SCAF_219_region	27563	1363	0.05	0	8
SCAF_220	27545	27011	0.98	0	18
SCAF_220_region	27545	27011	0.98	0	18
SCAF_221	27530	2058	0.07	0	7
SCAF_221_region	27530	2058	0.07	0	7
SCAF_222	27515	1508	0.05	0	7
SCAF_222_region	27515	1508	0.05	0	7
SCAF_223	27476	15842	0.58	0	110
SCAF_223_region	27476	15842	0.58	0	110
SCAF_224	27450	2086	0.08	0	17
SCAF_224_region	27450	2086	0.08	0	17
SCAF_225	27344	8625	0.32	0	31
SCAF_225_region	27344	8625	0.32	0	31
SCAF_226	27270	1931927	70.84	0	2546
SCAF_226_region	27270	1931927	70.84	0	2546
SCAF_227	27232	14145	0.52	0	16
SCAF_227_region	27232	14145	0.52	0	16
SCAF_228	27189	2113485	77.73	0	812
SCAF_228_region	27189	2113485	77.73	0	812
SCAF_229	27037	19072	0.71	0	15
SCAF_229_region	27037	19072	0.71	0	15
SCAF_230	26948	3326	0.12	0	28
SCAF_230_region	26948	3326	0.12	0	28
SCAF_231	26899	3432	0.13	0	10
SCAF_231_region	26899	3432	0.13	0	10
SCAF_232	26856	1535	0.06	0	17
SCAF_232_region	26856	1535	0.06	0	17
SCAF_233	26767	2851	0.11	0	8
SCAF_233_region	26767	2851	0.11	0	8
SCAF_234	26700	43797743	1640.36	0	6943
SCAF_234_region	26700	43797743	1640.36	0	6943
SCAF_235	26660	83055420	3115.36	0	14595
SCAF_235_region	26660	83055420	3115.36	0	14595
SCAF_236	26499	3171	0.12	0	8
SCAF_236_region	26499	3171	0.12	0	8
SCAF_237	26482	6960	0.26	0	8
SCAF_237_region	26482	6960	0.26	0	8
SCAF_238	26369	7856	0.30	0	19
SCAF_238_region	26369	7856	0.30	0	19
SCAF_239	26171	3356	0.13	0	12
SCAF_239_region	26171	3356	0.13	0	12
SCAF_240	26148	5761	0.22	0	9
SCAF_240_region	26148	5761	0.22	0	9
SCAF_241	26131	14695	0.56	0	138
SCAF_241_region	26131	14695	0.56	0	138
SCAF_242	26114	15637	0.60	0	24
SCAF_242_region	26114	15637	0.60	0	24
SCAF_243	26085	2789	0.11	0	30
SCAF_243_region	26085	2789	0.11	0	30
SCAF_244	26060	2117	0.08	0	12
SCAF_244_region	26060	2117	0.08	0	12
SCAF_245	25968	7429	0.29	0	144
SCAF_245_region	25968	7429	0.29	0	144
SCAF_246	25946	43163255	1663.58	0	29354
SCAF_246_region	25946	43163255	1663.58	0	29354
SCAF_247	25940	38804	1.50	0	15
SCAF_247_region	25940	38804	1.50	0	15
SCAF_248	25895	5400	0.21	0	7
SCAF_248_region	25895	5400	0.21	0	7
SCAF_249	25885	4955	0.19	0	17
SCAF_249_region	25885	4955	0.19	0	17
SCAF_250	25884	14069	0.54	0	22
SCAF_250_region	25884	14069	0.54	0	22
SCAF_251	25874	6027	0.23	0	33
SCAF_251_region	25874	6027	0.23	0	33
SCAF_252	25864	1397	0.05	0	6
SCAF_252_region	25864	1397	0.05	0	6
SCAF_253	25825	2044	0.08	0	6
SCAF_253_region	25825	2044	0.08	0	6
SCAF_254	25798	357709	13.87	0	813
SCAF_254_region	25798	357709	13.87	0	813
SCAF_255	25728	1590	0.06	0	9
SCAF_255_region	25728	1590	0.06	0	9
SCAF_256	25725	4648	0.18	0	27
SCAF_256_region	25725	4648	0.18	0	27
SCAF_257	25720	3528	0.14	0	9
SCAF_257_region	25720	3528	0.14	0	9
SCAF_258	25700	362619	14.11	0	1344
SCAF_258_region	25700	362619	14.11	0	1344
SCAF_259	25645	2624	0.10	0	10
SCAF_259_region	25645	2624	0.10	0	10
SCAF_260	25595	7654	0.30	0	13
SCAF_260_region	25595	7654	0.30	0	13
SCAF_261	25593	2710	0.11	0	20
SCAF_261_region	25593	2710	0.11	0	20
SCAF_262	25592	1243	0.05	0	22
SCAF_262_region	25592	1243	0.05	0	22
SCAF_263	25481	6276	0.25	0	35
SCAF_263_region	25481	6276	0.25	0	35
SCAF_264	25444	19007	0.75	0	26
SCAF_264_region	25444	19007	0.75	0	26
SCAF_265	25436	12243	0.48	0	22
SCAF_265_region	25436	12243	0.48	0	22
SCAF_266	25377	2963	0.12	0	28
SCAF_266_region	25377	2963	0.12	0	28
SCAF_267	25340	15703	0.62	0	25
SCAF_267_region	25340	15703	0.62	0	25
SCAF_268	25329	19411	0.77	0	32
SCAF_268_region	25329	19411	0.77	0	32
SCAF_269	25264	4799	0.19	0	11
SCAF_269_region	25264	4799	0.19	0	11
SCAF_270	25225	19178	0.76	0	23
SCAF_270_region	25225	19178	0.76	0	23
SCAF_271	25206	199439	7.91	0	121
SCAF_271_region	25206	199439	7.91	0	121
SCAF_272	25161	2122	0.08	0	18
SCAF_272_region	25161	2122	0.08	0	18
SCAF_273	25090	3495	0.14	0	7
SCAF_273_region	25090	3495	0.14	0	7
SCAF_274	24834	4233	0.17	0	6
SCAF_274_region	24834	4233	0.17	0	6
SCAF_275	24832	29551876	1190.07	0	14562
SCAF_275_region	24832	29551876	1190.07	0	14562
SCAF_276	24811	5313	0.21	0	28
SCAF_276_region	24811	5313	0.21	0	28
SCAF_277	24713	11674	0.47	0	11
SCAF_277_region	24713	11674	0.47	0	11
SCAF_278	24673	4204	0.17	0	28
SCAF_278_region	24673	4204	0.17	0	28
SCAF_279	24542	4310	0.18	0	76
SCAF_279_region	24542	4310	0.18	0	76
SCAF_280	24528	6229	0.25	0	10
SCAF_280_region	24528	6229	0.25	0	10
SCAF_281	24435	2401	0.10	0	26
SCAF_281_region	24435	2401	0.10	0	26
SCAF_282	24359	882	0.04	0	15
SCAF_282_region	24359	882	0.04	0	15
SCAF_283	24173	7791	0.32	0	45
SCAF_283_region	24173	7791	0.32	0	45
SCAF_284	24152	27504065	1138.79	0	4805
SCAF_284_region	24152	27504065	1138.79	0	4805
SCAF_285	24110	785	0.03	0	5
SCAF_285_region	24110	785	0.03	0	5
SCAF_286	24066	1747266	72.60	0	5923
SCAF_286_region	24066	1747266	72.60	0	5923
SCAF_287	23981	1185	0.05	0	5
SCAF_287_region	23981	1185	0.05	0	5
SCAF_288	23980	1919	0.08	0	15
SCAF_288_region	23980	1919	0.08	0	15
SCAF_289	23950	8020	0.33	0	18
SCAF_289_region	23950	8020	0.33	0	18
SCAF_290	23945	4561	0.19	0	13
SCAF_290_region	23945	4561	0.19	0	13
SCAF_291	23886	1012	0.04	0	5
SCAF_291_region	23886	1012	0.04	0	5
SCAF_292	23860	1935	0.08	0	4
SCAF_292_region	23860	1935	0.08	0	4
SCAF_293	23814	2336	0.10	0	23
SCAF_293_region	23814	2336	0.10	0	23
SCAF_294	23796	15248	0.64	0	30
SCAF_294_region	23796	15248	0.64	0	30
SCAF_295	23767	11815	0.50	0	184
SCAF_295_region	23767	11815	0.50	0	184
SCAF_296	23762	1145552	48.21	0	11070
SCAF_296_region	23762	1145552	48.21	0	11070
SCAF_297	23695	2202	0.09	0	7
SCAF_297_region	23695	2202	0.09	0	7
SCAF_298	23666	3388	0.14	0	32
SCAF_298_region	23666	3388	0.14	0	32
SCAF_299	23648	455232	19.25	0	3629
SCAF_299_region	23648	455232	19.25	0	3629
SCAF_300	23643	53254952	2252.46	0	16870
SCAF_300_region	23643	53254952	2252.46	0	16870
SCAF_301	23638	3299	0.14	0	15
SCAF_301_region	23638	3299	0.14	0	15
SCAF_302	23633	39506	1.67	0	1171
SCAF_302_region	23633	39506	1.67	0	1171
SCAF_303	23629	1753	0.07	0	7
SCAF_303_region	23629	1753	0.07	0	7
SCAF_304	23571	5717	0.24	0	20
SCAF_304_region	23571	5717	0.24	0	20
SCAF_305	23555	4736	0.20	0	26
SCAF_305_region	23555	4736	0.20	0	26
SCAF_306	23322	3844	0.16	0	18
SCAF_306_region	23322	3844	0.16	0	18
SCAF_307	23295	15053	0.65	0	23
SCAF_307_region	23295	15053	0.65	0	23
SCAF_308	23075	30017654	1300.87	0	16995
SCAF_308_region	23075	30017654	1300.87	0	16995
SCAF_309	23057	4382	0.19	0	37
SCAF_309_region	23057	4382	0.19	0	37
SCAF_310	23011	3265	0.14	0	6
SCAF_310_region	23011	3265	0.14	0	6
SCAF_311	22999	4658	0.20	0	151
SCAF_311_region	22999	4658	0.20	0	151
SCAF_312	22896	5585	0.24	0	17
SCAF_312_region	22896	5585	0.24	0	17
SCAF_313	22877	1759	0.08	0	4
SCAF_313_region	22877	1759	0.08	0	4
SCAF_314	22871	52926881	2314.15	0	24860
SCAF_314_region	22871	52926881	2314.15	0	24860
SCAF_315	22844	114076	4.99	0	780
SCAF_315_region	22844	114076	4.99	0	780
SCAF_316	22844	1944	0.09	0	11
SCAF_316_region	22844	1944	0.09	0	11
SCAF_317	22833	4748	0.21	0	26
SCAF_317_region	22833	4748	0.21	0	26
SCAF_318	22713	150904	6.64	0	59
SCAF_318_region	22713	150904	6.64	0	59
SCAF_319	22685	1754	0.08	0	26
SCAF_319_region	22685	1754	0.08	0	26
SCAF_320	22653	2369	0.10	0	5
SCAF_320_region	22653	2369	0.10	0	5
SCAF_321	22554	1298	0.06	0	5
SCAF_321_region	22554	1298	0.06	0	5
SCAF_322	22539	3123	0.14	0	35
SCAF_322_region	22539	3123	0.14	0	35
SCAF_323	22525	1066	0.05	0	13
SCAF_323_region	22525	1066	0.05	0	13
SCAF_324	22489	2988	0.13	0	3
SCAF_324_region	22489	2988	0.13	0	3
SCAF_325	22468	3551	0.16	0	21
SCAF_325_region	22468	3551	0.16	0	21
SCAF_326	22392	50778764	2267.72	0	28092
SCAF_326_region	22392	50778764	2267.72	0	28092
SCAF_327	22337	8810	0.39	0	28
SCAF_327_region	22337	8810	0.39	0	28
SCAF_328	22280	56338470	2528.66	0	9402
SCAF_328_region	22280	56338470	2528.66	0	9402
SCAF_329	22245	7820	0.35	0	33
SCAF_329_region	22245	7820	0.35	0	33
SCAF_330	22040	11685	0.53	0	33
SCAF_330_region	22040	11685	0.53	0	33
SCAF_331	22029	727	0.03	0	4
SCAF_331_region	22029	727	0.03	0	4
SCAF_332	21923	1535	0.07	0	7
SCAF_332_region	21923	1535	0.07	0	7
SCAF_333	21867	1768	0.08	0	3
SCAF_333_region	21867	1768	0.08	0	3
SCAF_334	21813	5300	0.24	0	112
SCAF_334_region	21813	5300	0.24	0	112
SCAF_335	21800	4856	0.22	0	8
SCAF_335_region	21800	4856	0.22	0	8
SCAF_336	21691	4199	0.19	0	9
SCAF_336_region	21691	4199	0.19	0	9
SCAF_337	21675	7065	0.33	0	12
SCAF_337_region	21675	7065	0.33	0	12
SCAF_338	21621	192240	8.89	0	200
SCAF_338_region	21621	192240	8.89	0	200
SCAF_339	21529	213285	9.91	0	311
SCAF_339_region	21529	213285	9.91	0	311
SCAF_340	21472	2807	0.13	0	6
SCAF_340_region	21472	2807	0.13	0	6
SCAF_341	21449	1832	0.09	0	10
SCAF_341_region	21449	1832	0.09	0	10
SCAF_342	21444	1118735	52.17	0	2066
SCAF_342_region	21444	1118735	52.17	0	2066
SCAF_343	21365	2019	0.09	0	34
SCAF_343_region	21365	2019	0.09	0	34
SCAF_344	21355	17617	0.82	0	408
SCAF_344_region	21355	17617	0.82	0	408
SCAF_345	21334	1219	0.06	0	5
SCAF_345_region	21334	1219	0.06	0	5
SCAF_346	21294	31950625	1500.45	0	6088
SCAF_346_region	21294	31950625	1500.45	0	6088
SCAF_347	21288	4257	0.20	0	70
SCAF_347_region	21288	4257	0.20	0	70
SCAF_348	21209	3318	0.16	0	14
SCAF_348_region	21209	3318	0.16	0	14
SCAF_349	21199	1700	0.08	0	8
SCAF_349_region	21199	1700	0.08	0	8
SCAF_350	21189	92726	4.38	0	210
SCAF_350_region	21189	92726	4.38	0	210
SCAF_351	21106	11070	0.52	0	14
SCAF_351_region	21106	11070	0.52	0	14
SCAF_352	21098	4299	0.20	0	9
SCAF_352_region	21098	4299	0.20	0	9
SCAF_353	21078	2443	0.12	0	19
SCAF_353_region	21078	2443	0.12	0	19
SCAF_354	20991	6390	0.30	0	35
SCAF_354_region	20991	6390	0.30	0	35
SCAF_355	20981	737	0.04	0	4
SCAF_355_region	20981	737	0.04	0	4
SCAF_356	20980	2182	0.10	0	13
SCAF_356_region	20980	2182	0.10	0	13
SCAF_357	20976	7470	0.36	0	15
SCAF_357_region	20976	7470	0.36	0	15
SCAF_358	20871	16663	0.80	0	19
SCAF_358_region	20871	16663	0.80	0	19
SCAF_359	20831	1553	0.07	0	14
SCAF_359_region	20831	1553	0.07	0	14
SCAF_360	20777	13028	0.63	0	151
SCAF_360_region	20777	13028	0.63	0	151
SCAF_361	20737	6112	0.29	0	89
SCAF_361_region	20737	6112	0.29	0	89
SCAF_362	20702	30407	1.47	0	27
SCAF_362_region	20702	30407	1.47	0	27
SCAF_363	20586	2155	0.10	0	6
SCAF_363_region	20586	2155	0.10	0	6
SCAF_364	20574	3692	0.18	0	13
SCAF_364_region	20574	3692	0.18	0	13
SCAF_365	20553	1179	0.06	0	26
SCAF_365_region	20553	1179	0.06	0	26
SCAF_366	20522	1414	0.07	0	8
SCAF_366_region	20522	1414	0.07	0	8
SCAF_367	20517	1204	0.06	0	5
SCAF_367_region	20517	1204	0.06	0	5
SCAF_368	20452	14812	0.72	0	378
SCAF_368_region	20452	14812	0.72	0	378
SCAF_369	20438	11145	0.55	0	13
SCAF_369_region	20438	11145	0.55	0	13
SCAF_370	20350	209625	10.30	0	172
SCAF_370_region	20350	209625	10.30	0	172
SCAF_371	20349	223531	10.98	0	554
SCAF_371_region	20349	223531	10.98	0	554
SCAF_372	20285	993	0.05	0	11
SCAF_372_region	20285	993	0.05	0	11
SCAF_373	20282	3351	0.17	0	80
SCAF_373_region	20282	3351	0.17	0	80
SCAF_374	20282	33855258	1669.23	0	5874
SCAF_374_region	20282	33855258	1669.23	0	5874
SCAF_375	20179	599363	29.70	0	1116
SCAF_375_region	20179	599363	29.70	0	1116
SCAF_376	20174	2333	0.12	0	9
SCAF_376_region	20174	2333	0.12	0	9
SCAF_377	20160	3544	0.18	0	13
SCAF_377_region	20160	3544	0.18	0	13
SCAF_378	20157	29930949	1484.89	0	5168
SCAF_378_region	20157	29930949	1484.89	0	5168
SCAF_379	20150	4672	0.23	0	18
SCAF_379_region	20150	4672	0.23	0	18
SCAF_380	20140	212372	10.54	0	202
SCAF_380_region	20140	212372	10.54	0	202
SCAF_381	20082	3433	0.17	0	7
SCAF_381_region	20082	3433	0.17	0	7
SCAF_382	20068	5466	0.27	0	31
SCAF_382_region	20068	5466	0.27	0	31
SCAF_383	20052	9389	0.47	0	41
SCAF_383_region	20052	9389	0.47	0	41
SCAF_384	20039	10252	0.51	0	12
SCAF_384_region	20039	10252	0.51	0	12
SCAF_385	20036	2890	0.14	0	16
SCAF_385_region	20036	2890	0.14	0	16
SCAF_386	20004	14551	0.73	0	53
SCAF_386_region	20004	14551	0.73	0	53
SCAF_387	19967	7583	0.38	0	11
SCAF_387_region	19967	7583	0.38	0	11
SCAF_388	19953	2253	0.11	0	6
SCAF_388_region	19953	2253	0.11	0	6
SCAF_389	19874	17066	0.86	0	17
SCAF_389_region	19874	17066	0.86	0	17
SCAF_390	19870	28490675	1433.85	0	9821
SCAF_390_region	19870	28490675	1433.85	0	9821
SCAF_391	19819	4865	0.25	0	43
SCAF_391_region	19819	4865	0.25	0	43
SCAF_392	19814	5407	0.27	0	7
SCAF_392_region	19814	5407	0.27	0	7
SCAF_393	19805	19072	0.96	0	11
SCAF_393_region	19805	19072	0.96	0	11
SCAF_394	19796	3485	0.18	0	15
SCAF_394_region	19796	3485	0.18	0	15
SCAF_395	19788	55426988	2801.04	0	23752
SCAF_395_region	19788	55426988	2801.04	0	23752
SCAF_396	19769	8880	0.45	0	10
SCAF_396_region	19769	8880	0.45	0	10
SCAF_397	19737	938	0.05	0	2
SCAF_397_region	19737	938	0.05	0	2
SCAF_398	19694	9463	0.48	0	25
SCAF_398_region	19694	9463	0.48	0	25
SCAF_399	19627	1590	0.08	0	21
SCAF_399_region	19627	1590	0.08	0	21
SCAF_400	19559	8161	0.42	0	14
SCAF_400_region	19559	8161	0.42	0	14
SCAF_401	19529	17458	0.89	0	51
SCAF_401_region	19529	17458	0.89	0	51
SCAF_402	19485	8272	0.42	0	24
SCAF_402_region	19485	8272	0.42	0	24
SCAF_403	19440	3180	0.16	0	7
SCAF_403_region	19440	3180	0.16	0	7
SCAF_404	19429	4211	0.22	0	9
SCAF_404_region	19429	4211	0.22	0	9
SCAF_405	19412	2206	0.11	0	3
SCAF_405_region	19412	2206	0.11	0	3
SCAF_406	19412	10758	0.55	0	31
SCAF_406_region	19412	10758	0.55	0	31
SCAF_407	19392	9392	0.48	0	32
SCAF_407_region	19392	9392	0.48	0	32
SCAF_408	19383	1067	0.06	0	20
SCAF_408_region	19383	1067	0.06	0	20
SCAF_409	19350	11205	0.58	0	11
SCAF_409_region	19350	11205	0.58	0	11
SCAF_410	19334	1275	0.07	0	12
SCAF_410_region	19334	1275	0.07	0	12
SCAF_411	19319	586	0.03	0	2
SCAF_411_region	19319	586	0.03	0	2
SCAF_412	19298	5095	0.26	0	42
SCAF_412_region	19298	5095	0.26	0	42
SCAF_413	19281	7224	0.37	0	9
SCAF_413_region	19281	7224	0.37	0	9
SCAF_414	19250	2300	0.12	0	7
SCAF_414_region	19250	2300	0.12	0	7
SCAF_415	19240	4617	0.24	0	7
SCAF_415_region	19240	4617	0.24	0	7
SCAF_416	19198	376	0.02	0	2
SCAF_416_region	19198	376	0.02	0	2
SCAF_417	19156	3384	0.18	0	78
SCAF_417_region	19156	3384	0.18	0	78
SCAF_418	19069	30508057	1599.88	0	5135
SCAF_418_region	19069	30508057	1599.88	0	5135
SCAF_419	19061	3177	0.17	0	4
SCAF_419_region	19061	3177	0.17	0	4
SCAF_420	19040	1033	0.05	0	4
SCAF_420_region	19040	1033	0.05	0	4
SCAF_421	19012	1709	0.09	0	25
SCAF_421_region	19012	1709	0.09	0	25
SCAF_422	18950	3141	0.17	0	16
SCAF_422_region	18950	3141	0.17	0	16
SCAF_423	18945	15423	0.81	0	87
SCAF_423_region	18945	15423	0.81	0	87
SCAF_424	18943	1260	0.07	0	14
SCAF_424_region	18943	1260	0.07	0	14
SCAF_425	18932	8298	0.44	0	13
SCAF_425_region	18932	8298	0.44	0	13
SCAF_426	18882	8794	0.47	0	35
SCAF_426_region	18882	8794	0.47	0	35
SCAF_427	18874	4796	0.25	0	16
SCAF_427_region	18874	4796	0.25	0	16
SCAF_428	18866	9785444	518.68	0	5465
SCAF_428_region	18866	9785444	518.68	0	5465
SCAF_429	18866	11704	0.62	0	44
SCAF_429_region	18866	11704	0.62	0	44
SCAF_430	18815	654	0.03	0	3
SCAF_430_region	18815	654	0.03	0	3
SCAF_431	18805	12060	0.64	0	11
SCAF_431_region	18805	12060	0.64	0	11
SCAF_432	18790	4566	0.24	0	45
SCAF_432_region	18790	4566	0.24	0	45
SCAF_433	18773	2565	0.14	0	19
SCAF_433_region	18773	2565	0.14	0	19
SCAF_434	18766	1904	0.10	0	11
SCAF_434_region	18766	1904	0.10	0	11
SCAF_435	18753	999	0.05	0	4
SCAF_435_region	18753	999	0.05	0	4
SCAF_436	18746	2981	0.16	0	5
SCAF_436_region	18746	2981	0.16	0	5
SCAF_437	18721	23579	1.26	0	13
SCAF_437_region	18721	23579	1.26	0	13
SCAF_438	18669	875	0.05	0	8
SCAF_438_region	18669	875	0.05	0	8
SCAF_439	18588	572772	30.81	0	2132
SCAF_439_region	18588	572772	30.81	0	2132
SCAF_440	18561	194264	10.47	0	1434
SCAF_440_region	18561	194264	10.47	0	1434
SCAF_441	18530	2068	0.11	0	14
SCAF_441_region	18530	2068	0.11	0	14
SCAF_442	18489	9130	0.49	0	29
SCAF_442_region	18489	9130	0.49	0	29
SCAF_443	18479	5752	0.31	0	33
SCAF_443_region	18479	5752	0.31	0	33
SCAF_444	18424	9475	0.51	0	21
SCAF_444_region	18424	9475	0.51	0	21
SCAF_445	18396	1908	0.10	0	24
SCAF_445_region	18396	1908	0.10	0	24
SCAF_446	18392	5512	0.30	0	17
SCAF_446_region	18392	5512	0.30	0	17
SCAF_447	18255	8470	0.46	0	10
SCAF_447_region	18255	8470	0.46	0	10
SCAF_448	18252	9928	0.54	0	23
SCAF_448_region	18252	9928	0.54	0	23
SCAF_449	18248	1089	0.06	0	7
SCAF_449_region	18248	1089	0.06	0	7
SCAF_450	18208	2729	0.15	0	10
SCAF_450_region	18208	2729	0.15	0	10
SCAF_451	18202	471953	25.93	0	652
SCAF_451_region	18202	471953	25.93	0	652
SCAF_452	18192	5466	0.30	0	23
SCAF_452_region	18192	5466	0.30	0	23
SCAF_453	18150	740	0.04	0	3
SCAF_453_region	18150	740	0.04	0	3
SCAF_454	18134	1420	0.08	0	29
SCAF_454_region	18134	1420	0.08	0	29
SCAF_455	18114	4357	0.24	0	86
SCAF_455_region	18114	4357	0.24	0	86
SCAF_456	18112	7973	0.44	0	7
SCAF_456_region	18112	7973	0.44	0	7
SCAF_457	18054	2653	0.15	0	17
SCAF_457_region	18054	2653	0.15	0	17
SCAF_458	18006	967	0.05	0	3
SCAF_458_region	18006	967	0.05	0	3
SCAF_459	18000	3911	0.22	0	28
SCAF_459_region	18000	3911	0.22	0	28
SCAF_460	17967	2375	0.13	0	30
SCAF_460_region	17967	2375	0.13	0	30
SCAF_461	17943	4483	0.25	0	13
SCAF_461_region	17943	4483	0.25	0	13
SCAF_462	17929	4410	0.25	0	85
SCAF_462_region	17929	4410	0.25	0	85
SCAF_463	17921	822	0.05	0	10
SCAF_463_region	17921	822	0.05	0	10
SCAF_464	17913	2856	0.16	0	32
SCAF_464_region	17913	2856	0.16	0	32
SCAF_465	17912	2697	0.15	0	82
SCAF_465_region	17912	2697	0.15	0	82
SCAF_466	17886	3635	0.20	0	28
SCAF_466_region	17886	3635	0.20	0	28
SCAF_467	17859	1523	0.09	0	26
SCAF_467_region	17859	1523	0.09	0	26
SCAF_468	17837	339	0.02	0	3
SCAF_468_region	17837	339	0.02	0	3
SCAF_469	17802	2098	0.12	0	19
SCAF_469_region	17802	2098	0.12	0	19
SCAF_470	17776	688	0.04	0	4
SCAF_470_region	17776	688	0.04	0	4
SCAF_471	17682	7868	0.44	0	36
SCAF_471_region	17682	7868	0.44	0	36
SCAF_472	17646	2651	0.15	0	27
SCAF_472_region	17646	2651	0.15	0	27
SCAF_473	17646	5569	0.32	0	19
SCAF_473_region	17646	5569	0.32	0	19
SCAF_474	17642	19605861	1111.32	0	4759
SCAF_474_region	17642	19605861	1111.32	0	4759
SCAF_475	17613	21909	1.24	0	414
SCAF_475_region	17613	21909	1.24	0	414
SCAF_476	17602	227481	12.92	0	1348
SCAF_476_region	17602	227481	12.92	0	1348
SCAF_477	17571	2276	0.13	0	24
SCAF_477_region	17571	2276	0.13	0	24
SCAF_478	17535	972	0.06	0	4
SCAF_478_region	17535	972	0.06	0	4
SCAF_479	17528	191955	10.95	0	400
SCAF_479_region	17528	191955	10.95	0	400
SCAF_480	17503	1334	0.08	0	18
SCAF_480_region	17503	1334	0.08	0	18
SCAF_481	17502	7137	0.41	0	11
SCAF_481_region	17502	7137	0.41	0	11
SCAF_482	17480	1310	0.07	0	6
SCAF_482_region	17480	1310	0.07	0	6
SCAF_483	17476	14007	0.80	0	12
SCAF_483_region	17476	14007	0.80	0	12
SCAF_484	17457	2509188	143.74	0	4055
SCAF_484_region	17457	2509188	143.74	0	4055
SCAF_485	17386	4462	0.26	0	30
SCAF_485_region	17386	4462	0.26	0	30
SCAF_486	17362	1266	0.07	0	27
SCAF_486_region	17362	1266	0.07	0	27
SCAF_487	17332	2009	0.12	0	26
SCAF_487_region	17332	2009	0.12	0	26
SCAF_488	17327	1086	0.06	0	9
SCAF_488_region	17327	1086	0.06	0	9
SCAF_489	17303	766	0.04	0	3
SCAF_489_region	17303	766	0.04	0	3
SCAF_490	17273	4830	0.28	0	27
SCAF_490_region	17273	4830	0.28	0	27
SCAF_491	17245	594470	34.47	0	841
SCAF_491_region	17245	594470	34.47	0	841
SCAF_492	17239	20439	1.19	0	20
SCAF_492_region	17239	20439	1.19	0	20
SCAF_493	17219	2571	0.15	0	36
SCAF_493_region	17219	2571	0.15	0	36
SCAF_494	17218	1222	0.07	0	13
SCAF_494_region	17218	1222	0.07	0	13
SCAF_495	17211	4221	0.25	0	8
SCAF_495_region	17211	4221	0.25	0	8
SCAF_496	17198	27458	1.60	0	348
SCAF_496_region	17198	27458	1.60	0	348
SCAF_497	17190	389	0.02	0	2
SCAF_497_region	17190	389	0.02	0	2
SCAF_498	17162	3828	0.22	0	29
SCAF_498_region	17162	3828	0.22	0	29
SCAF_499	17147	1135	0.07	0	6
SCAF_499_region	17147	1135	0.07	0	6
SCAF_500	17144	4905	0.29	0	36
SCAF_500_region	17144	4905	0.29	0	36
SCAF_501	17142	5928	0.35	0	10
SCAF_501_region	17142	5928	0.35	0	10
SCAF_502	17124	2210	0.13	0	6
SCAF_502_region	17124	2210	0.13	0	6
SCAF_503	17118	5813030	339.59	0	1704
SCAF_503_region	17118	5813030	339.59	0	1704
SCAF_504	17076	3026	0.18	0	8
SCAF_504_region	17076	3026	0.18	0	8
SCAF_505	17047	32417428	1901.65	0	16531
SCAF_505_region	17047	32417428	1901.65	0	16531
SCAF_506	17043	39760	2.33	0	270
SCAF_506_region	17043	39760	2.33	0	270
SCAF_507	17035	3924	0.23	0	45
SCAF_507_region	17035	3924	0.23	0	45
SCAF_508	17021	2194	0.13	0	5
SCAF_508_region	17021	2194	0.13	0	5
SCAF_509	16971	2577	0.15	0	19
SCAF_509_region	16971	2577	0.15	0	19
SCAF_510	16897	4365	0.26	0	41
SCAF_510_region	16897	4365	0.26	0	41
SCAF_511	16849	968	0.06	0	3
SCAF_511_region	16849	968	0.06	0	3
SCAF_512	16807	1428	0.08	0	4
SCAF_512_region	16807	1428	0.08	0	4
SCAF_513	16787	2544	0.15	0	7
SCAF_513_region	16787	2544	0.15	0	7
SCAF_514	16784	2320	0.14	0	28
SCAF_514_region	16784	2320	0.14	0	28
SCAF_515	16776	2658	0.16	0	37
SCAF_515_region	16776	2658	0.16	0	37
SCAF_516	16745	1425	0.09	0	6
SCAF_516_region	16745	1425	0.09	0	6
SCAF_517	16741	3960	0.24	0	110
SCAF_517_region	16741	3960	0.24	0	110
SCAF_518	16733	7431	0.44	0	12
SCAF_518_region	16733	7431	0.44	0	12
SCAF_519	16710	11964	0.72	0	21
SCAF_519_region	16710	11964	0.72	0	21
SCAF_520	16702	26947483	1613.43	0	22141
SCAF_520_region	16702	26947483	1613.43	0	22141
SCAF_521	16701	1640	0.10	0	12
SCAF_521_region	16701	1640	0.10	0	12
SCAF_522	16645	6866	0.41	0	188
SCAF_522_region	16645	6866	0.41	0	188
SCAF_523	16623	5855	0.35	0	22
SCAF_523_region	16623	5855	0.35	0	22
SCAF_524	16568	2851	0.17	0	10
SCAF_524_region	16568	2851	0.17	0	10
SCAF_525	16548	2488	0.15	0	6
SCAF_525_region	16548	2488	0.15	0	6
SCAF_526	16541	10134	0.61	0	12
SCAF_526_region	16541	10134	0.61	0	12
SCAF_527	16518	24779705	1500.16	0	5389
SCAF_527_region	16518	24779705	1500.16	0	5389
SCAF_528	16510	17406	1.05	0	138
SCAF_528_region	16510	17406	1.05	0	138
SCAF_529	16492	968	0.06	0	17
SCAF_529_region	16492	968	0.06	0	17
SCAF_530	16462	1619	0.10	0	6
SCAF_530_region	16462	1619	0.10	0	6
SCAF_531	16461	851	0.05	0	4
SCAF_531_region	16461	851	0.05	0	4
SCAF_532	16447	6821	0.41	0	9
SCAF_532_region	16447	6821	0.41	0	9
SCAF_533	16383	7771	0.47	0	8
SCAF_533_region	16383	7771	0.47	0	8
SCAF_534	16345	6467	0.40	0	12
SCAF_534_region	16345	6467	0.40	0	12
SCAF_535	16343	1475	0.09	0	6
SCAF_535_region	16343	1475	0.09	0	6
SCAF_536	16333	2359	0.14	0	18
SCAF_536_region	16333	2359	0.14	0	18
SCAF_537	16287	11079	0.68	0	23
SCAF_537_region	16287	11079	0.68	0	23
SCAF_538	16266	2944	0.18	0	7
SCAF_538_region	16266	2944	0.18	0	7
SCAF_539	16246	912	0.06	0	7
SCAF_539_region	16246	912	0.06	0	7
SCAF_540	16245	6525	0.40	0	10
SCAF_540_region	16245	6525	0.40	0	10
SCAF_541	16215	5768	0.36	0	31
SCAF_541_region	16215	5768	0.36	0	31
SCAF_542	16208	16019	0.99	0	16
SCAF_542_region	16208	16019	0.99	0	16
SCAF_543	16160	8210	0.51	0	12
SCAF_543_region	16160	8210	0.51	0	12
SCAF_544	16140	1234	0.08	0	34
SCAF_544_region	16140	1234	0.08	0	34
SCAF_545	16102	4145	0.26	0	17
SCAF_545_region	16102	4145	0.26	0	17
SCAF_546	16083	4878	0.30	0	30
SCAF_546_region	16083	4878	0.30	0	30
SCAF_547	16037	2694	0.17	0	9
SCAF_547_region	16037	2694	0.17	0	9
SCAF_548	16034	30023	1.87	0	1034
SCAF_548_region	16034	30023	1.87	0	1034
SCAF_549	16030	6390	0.40	0	10
SCAF_549_region	16030	6390	0.40	0	10
SCAF_550	16027	729	0.05	0	4
SCAF_550_region	16027	729	0.05	0	4
SCAF_551	15990	3355	0.21	0	24
SCAF_551_region	15990	3355	0.21	0	24
SCAF_552	15913	28595	1.80	0	54
SCAF_552_region	15913	28595	1.80	0	54
SCAF_553	15906	2189	0.14	0	3
SCAF_553_region	15906	2189	0.14	0	3
SCAF_554	15898	957	0.06	0	3
SCAF_554_region	15898	957	0.06	0	3
SCAF_555	15891	1690	0.11	0	9
SCAF_555_region	15891	1690	0.11	0	9
SCAF_556	15885	1224	0.08	0	27
SCAF_556_region	15885	1224	0.08	0	27
SCAF_557	15855	4346	0.27	0	8
SCAF_557_region	15855	4346	0.27	0	8
SCAF_558	15839	14116	0.89	0	23
SCAF_558_region	15839	14116	0.89	0	23
SCAF_559	15827	2229	0.14	0	10
SCAF_559_region	15827	2229	0.14	0	10
SCAF_560	15823	2217	0.14	0	23
SCAF_560_region	15823	2217	0.14	0	23
SCAF_561	15791	1195	0.08	0	4
SCAF_561_region	15791	1195	0.08	0	4
SCAF_562	15777	17353447	1099.92	0	4327
SCAF_562_region	15777	17353447	1099.92	0	4327
SCAF_563	15776	15973	1.01	0	654
SCAF_563_region	15776	15973	1.01	0	654
SCAF_564	15761	9403	0.60	0	167
SCAF_564_region	15761	9403	0.60	0	167
SCAF_565	15717	3494	0.22	0	24
SCAF_565_region	15717	3494	0.22	0	24
SCAF_566	15706	1738	0.11	0	23
SCAF_566_region	15706	1738	0.11	0	23
SCAF_567	15696	1696	0.11	0	11
SCAF_567_region	15696	1696	0.11	0	11
SCAF_568	15657	981	0.06	0	4
SCAF_568_region	15657	981	0.06	0	4
SCAF_569	15650	1197	0.08	0	19
SCAF_569_region	15650	1197	0.08	0	19
SCAF_570	15646	1177	0.08	0	3
SCAF_570_region	15646	1177	0.08	0	3
SCAF_571	15619	1231	0.08	0	24
SCAF_571_region	15619	1231	0.08	0	24
SCAF_572	15612	3009	0.19	0	8
SCAF_572_region	15612	3009	0.19	0	8
SCAF_573	15605	4365	0.28	0	8
SCAF_573_region	15605	4365	0.28	0	8
SCAF_574	15575	986	0.06	0	32
SCAF_574_region	15575	986	0.06	0	32
SCAF_575	15573	3157	0.20	0	12
SCAF_575_region	15573	3157	0.20	0	12
SCAF_576	15571	7456	0.48	0	37
SCAF_576_region	15571	7456	0.48	0	37
SCAF_577	15544	1366	0.09	0	36
SCAF_577_region	15544	1366	0.09	0	36
SCAF_578	15521	1362	0.09	0	34
SCAF_578_region	15521	1362	0.09	0	34
SCAF_579	15497	140742	9.08	0	370
SCAF_579_region	15497	140742	9.08	0	370
SCAF_580	15481	1871	0.12	0	23
SCAF_580_region	15481	1871	0.12	0	23
SCAF_581	15458	6347	0.41	0	39
SCAF_581_region	15458	6347	0.41	0	39
SCAF_582	15439	12090	0.78	0	23
SCAF_582_region	15439	12090	0.78	0	23
SCAF_583	15421	1126	0.07	0	12
SCAF_583_region	15421	1126	0.07	0	12
SCAF_584	15337	700	0.05	0	12
SCAF_584_region	15337	700	0.05	0	12
SCAF_585	15336	1110	0.07	0	5
SCAF_585_region	15336	1110	0.07	0	5
SCAF_586	15301	5032	0.33	0	25
SCAF_586_region	15301	5032	0.33	0	25
SCAF_587	15300	6693051	437.45	0	17749
SCAF_587_region	15300	6693051	437.45	0	17749
SCAF_588	15298	2486	0.16	0	37
SCAF_588_region	15298	2486	0.16	0	37
SCAF_589	15238	816	0.05	0	4
SCAF_589_region	15238	816	0.05	0	4
SCAF_590	15205	12525	0.82	0	17
SCAF_590_region	15205	12525	0.82	0	17
SCAF_591	15162	10303	0.68	0	15
SCAF_591_region	15162	10303	0.68	0	15
SCAF_592	15154	10107	0.67	0	28
SCAF_592_region	15154	10107	0.67	0	28
SCAF_593	15087	13085	0.87	0	33
SCAF_593_region	15087	13085	0.87	0	33
SCAF_594	15082	11454	0.76	0	9
SCAF_594_region	15082	11454	0.76	0	9
SCAF_595	15055	8140	0.54	0	11
SCAF_595_region	15055	8140	0.54	0	11
SCAF_596	15045	2299	0.15	0	7
SCAF_596_region	15045	2299	0.15	0	7
SCAF_597	15030	11822	0.79	0	9
SCAF_597_region	15030	11822	0.79	0	9
SCAF_598	15027	35287	2.35	0	10
SCAF_598_region	15027	35287	2.35	0	10
SCAF_599	15000	5081	0.34	0	8
SCAF_599_region	15000	5081	0.34	0	8
SCAF_600	14995	2954	0.20	0	7
SCAF_600_region	14995	2954	0.20	0	7
SCAF_601	14985	10608	0.71	0	84
SCAF_601_region	14985	10608	0.71	0	84
SCAF_602	14930	1377	0.09	0	13
SCAF_602_region	14930	1377	0.09	0	13
SCAF_603	14898	724	0.05	0	3
SCAF_603_region	14898	724	0.05	0	3
SCAF_604	14863	562	0.04	0	2
SCAF_604_region	14863	562	0.04	0	2
SCAF_605	14840	2368	0.16	0	32
SCAF_605_region	14840	2368	0.16	0	32
SCAF_606	14808	196	0.01	0	2
SCAF_606_region	14808	196	0.01	0	2
SCAF_607	14807	3774	0.25	0	7
SCAF_607_region	14807	3774	0.25	0	7
SCAF_608	14785	3129	0.21	0	7
SCAF_608_region	14785	3129	0.21	0	7
SCAF_609	14742	3289082	223.11	0	6295
SCAF_609_region	14742	3289082	223.11	0	6295
SCAF_610	14738	7155	0.49	0	13
SCAF_610_region	14738	7155	0.49	0	13
SCAF_611	14737	6496	0.44	0	9
SCAF_611_region	14737	6496	0.44	0	9
SCAF_612	14712	12300303	836.07	0	4484
SCAF_612_region	14712	12300303	836.07	0	4484
SCAF_613	14708	4280	0.29	0	10
SCAF_613_region	14708	4280	0.29	0	10
SCAF_614	14694	1770	0.12	0	28
SCAF_614_region	14694	1770	0.12	0	28
SCAF_615	14684	6092	0.41	0	30
SCAF_615_region	14684	6092	0.41	0	30
SCAF_616	14676	746	0.05	0	6
SCAF_616_region	14676	746	0.05	0	6
SCAF_617	14662	447	0.03	0	4
SCAF_617_region	14662	447	0.03	0	4
SCAF_618	14658	880	0.06	0	3
SCAF_618_region	14658	880	0.06	0	3
SCAF_619	14650	291134	19.87	0	1451
SCAF_619_region	14650	291134	19.87	0	1451
SCAF_620	14639	1512	0.10	0	12
SCAF_620_region	14639	1512	0.10	0	12
SCAF_621	14614	580161	39.70	0	2680
SCAF_621_region	14614	580161	39.70	0	2680
SCAF_622	14596	3871	0.27	0	9
SCAF_622_region	14596	3871	0.27	0	9
SCAF_623	14590	14760	1.01	0	19
SCAF_623_region	14590	14760	1.01	0	19
SCAF_624	14581	1832	0.13	0	20
SCAF_624_region	14581	1832	0.13	0	20
SCAF_625	14547	454	0.03	0	3
SCAF_625_region	14547	454	0.03	0	3
SCAF_626	14527	3013	0.21	0	18
SCAF_626_region	14527	3013	0.21	0	18
SCAF_627	14523	1519	0.10	0	6
SCAF_627_region	14523	1519	0.10	0	6
SCAF_628	14498	2216	0.15	0	8
SCAF_628_region	14498	2216	0.15	0	8
SCAF_629	14453	5921	0.41	0	10
SCAF_629_region	14453	5921	0.41	0	10
SCAF_630	14414	6818	0.47	0	11
SCAF_630_region	14414	6818	0.47	0	11
SCAF_631	14395	3192	0.22	0	17
SCAF_631_region	14395	3192	0.22	0	17
SCAF_632	14385	3604	0.25	0	5
SCAF_632_region	14385	3604	0.25	0	5
SCAF_633	14371	3598	0.25	0	29
SCAF_633_region	14371	3598	0.25	0	29
SCAF_634	14371	5826	0.41	0	9
SCAF_634_region	14371	5826	0.41	0	9
SCAF_635	14280	730051	51.12	0	358
SCAF_635_region	14280	730051	51.12	0	358
SCAF_636	14276	10494	0.74	0	15
SCAF_636_region	14276	10494	0.74	0	15
SCAF_637	14236	4920	0.35	0	12
SCAF_637_region	14236	4920	0.35	0	12
SCAF_638	14229	749	0.05	0	12
SCAF_638_region	14229	749	0.05	0	12
SCAF_639	14202	336	0.02	0	3
SCAF_639_region	14202	336	0.02	0	3
SCAF_640	14111	1766	0.13	0	6
SCAF_640_region	14111	1766	0.13	0	6
SCAF_641	14088	1591	0.11	0	8
SCAF_641_region	14088	1591	0.11	0	8
SCAF_642	14005	1257	0.09	0	6
SCAF_642_region	14005	1257	0.09	0	6
SCAF_643	13977	20685217	1479.95	0	26629
SCAF_643_region	13977	20685217	1479.95	0	26629
SCAF_644	13890	1759	0.13	0	6
SCAF_644_region	13890	1759	0.13	0	6
SCAF_645	13875	2414	0.17	0	28
SCAF_645_region	13875	2414	0.17	0	28
SCAF_646	13874	1932	0.14	0	9
SCAF_646_region	13874	1932	0.14	0	9
SCAF_647	13848	471	0.03	0	3
SCAF_647_region	13848	471	0.03	0	3
SCAF_648	13847	84706	6.12	0	136
SCAF_648_region	13847	84706	6.12	0	136
SCAF_649	13838	3289	0.24	0	7
SCAF_649_region	13838	3289	0.24	0	7
SCAF_650	13812	3953	0.29	0	8
SCAF_650_region	13812	3953	0.29	0	8
SCAF_651	13758	11459	0.83	0	16
SCAF_651_region	13758	11459	0.83	0	16
SCAF_652	13727	4335	0.32	0	10
SCAF_652_region	13727	4335	0.32	0	10
SCAF_653	13703	9759	0.71	0	8
SCAF_653_region	13703	9759	0.71	0	8
SCAF_654	13701	442	0.03	0	3
SCAF_654_region	13701	442	0.03	0	3
SCAF_655	13677	2297	0.17	0	7
SCAF_655_region	13677	2297	0.17	0	7
SCAF_656	13622	1243	0.09	0	34
SCAF_656_region	13622	1243	0.09	0	34
SCAF_657	13584	1809	0.13	0	16
SCAF_657_region	13584	1809	0.13	0	16
SCAF_658	13583	1028	0.08	0	7
SCAF_658_region	13583	1028	0.08	0	7
SCAF_659	13535	830	0.06	0	3
SCAF_659_region	13535	830	0.06	0	3
SCAF_660	13535	345	0.03	0	4
SCAF_660_region	13535	345	0.03	0	4
SCAF_661	13499	10935	0.81	0	6
SCAF_661_region	13499	10935	0.81	0	6
SCAF_662	13464	1249	0.09	0	5
SCAF_662_region	13464	1249	0.09	0	5
SCAF_663	13438	1187	0.09	0	18
SCAF_663_region	13438	1187	0.09	0	18
SCAF_664	13385	15025825	1122.59	0	4842
SCAF_664_region	13385	15025825	1122.59	0	4842
SCAF_665	13357	942	0.07	0	8
SCAF_665_region	13357	942	0.07	0	8
SCAF_666	13330	666	0.05	0	5
SCAF_666_region	13330	666	0.05	0	5
SCAF_667	13327	1876	0.14	0	32
SCAF_667_region	13327	1876	0.14	0	32
SCAF_668	13319	18298	1.37	0	26
SCAF_668_region	13319	18298	1.37	0	26
SCAF_669	13303	111818	8.41	0	86
SCAF_669_region	13303	111818	8.41	0	86
SCAF_670	13293	1841	0.14	0	11
SCAF_670_region	13293	1841	0.14	0	11
SCAF_671	13288	3721	0.28	0	7
SCAF_671_region	13288	3721	0.28	0	7
SCAF_672	13266	4542	0.34	0	6
SCAF_672_region	13266	4542	0.34	0	6
SCAF_673	13189	20637	1.56	0	288
SCAF_673_region	13189	20637	1.56	0	288
SCAF_674	13149	7023	0.53	0	33
SCAF_674_region	13149	7023	0.53	0	33
SCAF_675	13128	2245	0.17	0	25
SCAF_675_region	13128	2245	0.17	0	25
SCAF_676	13120	2361	0.18	0	6
SCAF_676_region	13120	2361	0.18	0	6
SCAF_677	13080	353771	27.05	0	2414
SCAF_677_region	13080	353771	27.05	0	2414
SCAF_678	13050	510	0.04	0	3
SCAF_678_region	13050	510	0.04	0	3
SCAF_679	13043	6399	0.49	0	12
SCAF_679_region	13043	6399	0.49	0	12
SCAF_680	13008	3225	0.25	0	28
SCAF_680_region	13008	3225	0.25	0	28
SCAF_681	13001	2871	0.22	0	32
SCAF_681_region	13001	2871	0.22	0	32
SCAF_682	12997	2725	0.21	0	6
SCAF_682_region	12997	2725	0.21	0	6
SCAF_683	12986	1115	0.09	0	22
SCAF_683_region	12986	1115	0.09	0	22
SCAF_684	12871	2379	0.18	0	7
SCAF_684_region	12871	2379	0.18	0	7
SCAF_685	12842	1921	0.15	0	25
SCAF_685_region	12842	1921	0.15	0	25
SCAF_686	12830	2144	0.17	0	40
SCAF_686_region	12830	2144	0.17	0	40
SCAF_687	12781	2594	0.20	0	20
SCAF_687_region	12781	2594	0.20	0	20
SCAF_688	12768	1184	0.09	0	5
SCAF_688_region	12768	1184	0.09	0	5
SCAF_689	12768	1499	0.12	0	23
SCAF_689_region	12768	1499	0.12	0	23
SCAF_690	12764	7557	0.59	0	10
SCAF_690_region	12764	7557	0.59	0	10
SCAF_691	12677	6971	0.55	0	36
SCAF_691_region	12677	6971	0.55	0	36
SCAF_692	12675	1142	0.09	0	10
SCAF_692_region	12675	1142	0.09	0	10
SCAF_693	12651	2951	0.23	0	12
SCAF_693_region	12651	2951	0.23	0	12
SCAF_694	12646	5138	0.41	0	31
SCAF_694_region	12646	5138	0.41	0	31
SCAF_695	12643	15280	1.21	0	14
SCAF_695_region	12643	15280	1.21	0	14
SCAF_696	12633	8195	0.65	0	13
SCAF_696_region	12633	8195	0.65	0	13
SCAF_697	12625	2119	0.17	0	22
SCAF_697_region	12625	2119	0.17	0	22
SCAF_698	12617	698	0.06	0	4
SCAF_698_region	12617	698	0.06	0	4
SCAF_699	12540	2166	0.17	0	7
SCAF_699_region	12540	2166	0.17	0	7
SCAF_700	12515	660	0.05	0	23
SCAF_700_region	12515	660	0.05	0	23
SCAF_701	12482	521	0.04	0	3
SCAF_701_region	12482	521	0.04	0	3
SCAF_702	12461	4176	0.34	0	16
SCAF_702_region	12461	4176	0.34	0	16
SCAF_703	12456	1224	0.10	0	10
SCAF_703_region	12456	1224	0.10	0	10
SCAF_704	12456	1471	0.12	0	6
SCAF_704_region	12456	1471	0.12	0	6
SCAF_705	12358	6216	0.50	0	8
SCAF_705_region	12358	6216	0.50	0	8
SCAF_706	12350	11487	0.93	0	12
SCAF_706_region	12350	11487	0.93	0	12
SCAF_707	12343	4768	0.39	0	6
SCAF_707_region	12343	4768	0.39	0	6
SCAF_708	12333	265	0.02	0	2
SCAF_708_region	12333	265	0.02	0	2
SCAF_709	12319	24202404	1964.64	0	10077
SCAF_709_region	12319	24202404	1964.64	0	10077
SCAF_710	12288	4709	0.38	0	9
SCAF_710_region	12288	4709	0.38	0	9
SCAF_711	12252	8237	0.67	0	8
SCAF_711_region	12252	8237	0.67	0	8
SCAF_712	12218	874682	71.59	0	2628
SCAF_712_region	12218	874682	71.59	0	2628
SCAF_713	12177	4367	0.36	0	14
SCAF_713_region	12177	4367	0.36	0	14
SCAF_714	12167	1058	0.09	0	7
SCAF_714_region	12167	1058	0.09	0	7
SCAF_715	12163	598	0.05	0	3
SCAF_715_region	12163	598	0.05	0	3
SCAF_716	12143	583	0.05	0	3
SCAF_716_region	12143	583	0.05	0	3
SCAF_717	12102	1564	0.13	0	37
SCAF_717_region	12102	1564	0.13	0	37
SCAF_718	12099	4400	0.36	0	14
SCAF_718_region	12099	4400	0.36	0	14
SCAF_719	12095	5878	0.49	0	30
SCAF_719_region	12095	5878	0.49	0	30
SCAF_720	12085	8355	0.69	0	11
SCAF_720_region	12085	8355	0.69	0	11
SCAF_721	12078	2338	0.19	0	10
SCAF_721_region	12078	2338	0.19	0	10
SCAF_722	12066	317	0.03	0	3
SCAF_722_region	12066	317	0.03	0	3
SCAF_723	12015	1487	0.12	0	22
SCAF_723_region	12015	1487	0.12	0	22
SCAF_724	12004	754	0.06	0	5
SCAF_724_region	12004	754	0.06	0	5
SCAF_725	11949	3291	0.28	0	19
SCAF_725_region	11949	3291	0.28	0	19
SCAF_726	11911	235	0.02	0	1
SCAF_726_region	11911	235	0.02	0	1
SCAF_727	11900	1115	0.09	0	18
SCAF_727_region	11900	1115	0.09	0	18
SCAF_728	11869	2690	0.23	0	15
SCAF_728_region	11869	2690	0.23	0	15
SCAF_729	11788	9421	0.80	0	14
SCAF_729_region	11788	9421	0.80	0	14
SCAF_730	11785	1096	0.09	0	4
SCAF_730_region	11785	1096	0.09	0	4
SCAF_731	11750	12596	1.07	0	35
SCAF_731_region	11750	12596	1.07	0	35
SCAF_732	11699	2666	0.23	0	45
SCAF_732_region	11699	2666	0.23	0	45
SCAF_733	11674	10016	0.86	0	465
SCAF_733_region	11674	10016	0.86	0	465
SCAF_734	11658	5375	0.46	0	9
SCAF_734_region	11658	5375	0.46	0	9
SCAF_735	11648	8524	0.73	0	11
SCAF_735_region	11648	8524	0.73	0	11
SCAF_736	11642	455	0.04	0	3
SCAF_736_region	11642	455	0.04	0	3
SCAF_737	11612	1260	0.11	0	27
SCAF_737_region	11612	1260	0.11	0	27
SCAF_738	11595	1232	0.11	0	42
SCAF_738_region	11595	1232	0.11	0	42
SCAF_739	11525	142864	12.40	0	648
SCAF_739_region	11525	142864	12.40	0	648
SCAF_740	11505	1385	0.12	0	31
SCAF_740_region	11505	1385	0.12	0	31
SCAF_741	11492	1414	0.12	0	19
SCAF_741_region	11492	1414	0.12	0	19
SCAF_742	11467	43514219	3794.73	0	12454
SCAF_742_region	11467	43514219	3794.73	0	12454
SCAF_743	11404	1398	0.12	0	40
SCAF_743_region	11404	1398	0.12	0	40
SCAF_744	11377	139	0.01	0	1
SCAF_744_region	11377	139	0.01	0	1
SCAF_745	11364	1882	0.17	0	5
SCAF_745_region	11364	1882	0.17	0	5
SCAF_746	11318	657	0.06	0	10
SCAF_746_region	11318	657	0.06	0	10
SCAF_747	11311	369899	32.70	0	2669
SCAF_747_region	11311	369899	32.70	0	2669
SCAF_748	11306	834	0.07	0	3
SCAF_748_region	11306	834	0.07	0	3
SCAF_749	11299	976	0.09	0	4
SCAF_749_region	11299	976	0.09	0	4
SCAF_750	11284	3555	0.32	0	20
SCAF_750_region	11284	3555	0.32	0	20
SCAF_751	11276	1383	0.12	0	5
SCAF_751_region	11276	1383	0.12	0	5
SCAF_752	11267	2176	0.19	0	22
SCAF_752_region	11267	2176	0.19	0	22
SCAF_753	11254	6209	0.55	0	9
SCAF_753_region	11254	6209	0.55	0	9
SCAF_754	11236	1547	0.14	0	24
SCAF_754_region	11236	1547	0.14	0	24
SCAF_755	11231	509	0.05	0	6
SCAF_755_region	11231	509	0.05	0	6
SCAF_756	11200	6840	0.61	0	32
SCAF_756_region	11200	6840	0.61	0	32
SCAF_757	11195	379	0.03	0	2
SCAF_757_region	11195	379	0.03	0	2
SCAF_758	11126	1790	0.16	0	19
SCAF_758_region	11126	1790	0.16	0	19
SCAF_759	11118	1275	0.11	0	14
SCAF_759_region	11118	1275	0.11	0	14
SCAF_760	11100	890	0.08	0	22
SCAF_760_region	11100	890	0.08	0	22
SCAF_761	11097	5000	0.45	0	14
SCAF_761_region	11097	5000	0.45	0	14
SCAF_762	11029	892	0.08	0	34
SCAF_762_region	11029	892	0.08	0	34
SCAF_763	11019	1037	0.09	0	6
SCAF_763_region	11019	1037	0.09	0	6
SCAF_764	10979	49078	4.47	0	354
SCAF_764_region	10979	49078	4.47	0	354
SCAF_765	10957	237	0.02	0	4
SCAF_765_region	10957	237	0.02	0	4
SCAF_766	10940	4307	0.39	0	11
SCAF_766_region	10940	4307	0.39	0	11
SCAF_767	10913	979	0.09	0	10
SCAF_767_region	10913	979	0.09	0	10
SCAF_768	10886	572	0.05	0	6
SCAF_768_region	10886	572	0.05	0	6
SCAF_769	10867	767	0.07	0	7
SCAF_769_region	10867	767	0.07	0	7
SCAF_770	10816	464	0.04	0	3
SCAF_770_region	10816	464	0.04	0	3
SCAF_771	10810	512	0.05	0	3
SCAF_771_region	10810	512	0.05	0	3
SCAF_772	10709	3974	0.37	0	12
SCAF_772_region	10709	3974	0.37	0	12
SCAF_773	10688	628749	58.83	0	1500
SCAF_773_region	10688	628749	58.83	0	1500
SCAF_774	10648	274	0.03	0	4
SCAF_774_region	10648	274	0.03	0	4
SCAF_775	10642	365	0.03	0	5
SCAF_775_region	10642	365	0.03	0	5
SCAF_776	10612	4152	0.39	0	34
SCAF_776_region	10612	4152	0.39	0	34
SCAF_777	10608	6920	0.65	0	9
SCAF_777_region	10608	6920	0.65	0	9
SCAF_778	10604	1036	0.10	0	27
SCAF_778_region	10604	1036	0.10	0	27
SCAF_779	10578	1025	0.10	0	30
SCAF_779_region	10578	1025	0.10	0	30
SCAF_780	10571	173	0.02	0	2
SCAF_780_region	10571	173	0.02	0	2
SCAF_781	10511	1346	0.13	0	6
SCAF_781_region	10511	1346	0.13	0	6
SCAF_782	10492	438	0.04	0	4
SCAF_782_region	10492	438	0.04	0	4
SCAF_783	10421	805	0.08	0	10
SCAF_783_region	10421	805	0.08	0	10
SCAF_784	10379	4429	0.43	0	9
SCAF_784_region	10379	4429	0.43	0	9
SCAF_785	10337	11679	1.13	0	25
SCAF_785_region	10337	11679	1.13	0	25
SCAF_786	10326	6744	0.65	0	16
SCAF_786_region	10326	6744	0.65	0	16
SCAF_787	10326	2724	0.26	0	12
SCAF_787_region	10326	2724	0.26	0	12
SCAF_788	10316	3077	0.30	0	37
SCAF_788_region	10316	3077	0.30	0	37
SCAF_789	10256	778	0.08	0	34
SCAF_789_region	10256	778	0.08	0	34
SCAF_790	10228	701	0.07	0	3
SCAF_790_region	10228	701	0.07	0	3
SCAF_791	10185	1176	0.12	0	23
SCAF_791_region	10185	1176	0.12	0	23
SCAF_792	10184	3866	0.38	0	10
SCAF_792_region	10184	3866	0.38	0	10
SCAF_793	10160	588	0.06	0	2
SCAF_793_region	10160	588	0.06	0	2
SCAF_794	10147	665	0.07	0	11
SCAF_794_region	10147	665	0.07	0	11
SCAF_795	10110	820	0.08	0	6
SCAF_795_region	10110	820	0.08	0	6
SCAF_796	10045	178	0.02	0	4
SCAF_796_region	10045	178	0.02	0	4
SCAF_797	10015	28544	2.85	0	58
SCAF_797_region	10015	28544	2.85	0	58
SCAF_798	10012	7483	0.75	0	26
SCAF_798_region	10012	7483	0.75	0	26
SCAF_799	9978	3188	0.32	0	6
SCAF_799_region	9978	3188	0.32	0	6
SCAF_800	9947	177404	17.83	0	357
SCAF_800_region	9947	177404	17.83	0	357
SCAF_801	9941	743	0.07	0	4
SCAF_801_region	9941	743	0.07	0	4
SCAF_802	9910	409	0.04	0	6
SCAF_802_region	9910	409	0.04	0	6
SCAF_803	9879	1753	0.18	0	26
SCAF_803_region	9879	1753	0.18	0	26
SCAF_804	9861	272	0.03	0	3
SCAF_804_region	9861	272	0.03	0	3
SCAF_805	9859	258	0.03	0	4
SCAF_805_region	9859	258	0.03	0	4
SCAF_806	9855	704	0.07	0	10
SCAF_806_region	9855	704	0.07	0	10
SCAF_807	9792	3436	0.35	0	7
SCAF_807_region	9792	3436	0.35	0	7
SCAF_808	9784	788	0.08	0	2
SCAF_808_region	9784	788	0.08	0	2
SCAF_809	9773	580	0.06	0	2
SCAF_809_region	9773	580	0.06	0	2
SCAF_810	9756	251	0.03	0	3
SCAF_810_region	9756	251	0.03	0	3
SCAF_811	9753	61056	6.26	0	290
SCAF_811_region	9753	61056	6.26	0	290
SCAF_812	9719	981	0.10	0	4
SCAF_812_region	9719	981	0.10	0	4
SCAF_813	9715	6515	0.67	0	18
SCAF_813_region	9715	6515	0.67	0	18
SCAF_814	9708	12059	1.24	0	43
SCAF_814_region	9708	12059	1.24	0	43
SCAF_815	9700	4907	0.51	0	9
SCAF_815_region	9700	4907	0.51	0	9
SCAF_816	9673	1656	0.17	0	25
SCAF_816_region	9673	1656	0.17	0	25
SCAF_817	9638	1266	0.13	0	21
SCAF_817_region	9638	1266	0.13	0	21
SCAF_818	9601	15643	1.63	0	19
SCAF_818_region	9601	15643	1.63	0	19
SCAF_819	9601	1286	0.13	0	38
SCAF_819_region	9601	1286	0.13	0	38
SCAF_820	9550	732972	76.75	0	578
SCAF_820_region	9550	732972	76.75	0	578
SCAF_821	9533	7783	0.82	0	25
SCAF_821_region	9533	7783	0.82	0	25
SCAF_822	9498	3552	0.37	0	8
SCAF_822_region	9498	3552	0.37	0	8
SCAF_823	9466	17672492	1866.94	0	5417
SCAF_823_region	9466	17672492	1866.94	0	5417
SCAF_824	9457	2819	0.30	0	119
SCAF_824_region	9457	2819	0.30	0	119
SCAF_825	9446	525	0.06	0	5
SCAF_825_region	9446	525	0.06	0	5
SCAF_826	9385	1974	0.21	0	5
SCAF_826_region	9385	1974	0.21	0	5
SCAF_827	9376	369	0.04	0	3
SCAF_827_region	9376	369	0.04	0	3
SCAF_828	9365	177	0.02	0	2
SCAF_828_region	9365	177	0.02	0	2
SCAF_829	9320	478	0.05	0	2
SCAF_829_region	9320	478	0.05	0	2
SCAF_830	9303	1572	0.17	0	20
SCAF_830_region	9303	1572	0.17	0	20
SCAF_831	9295	419	0.05	0	5
SCAF_831_region	9295	419	0.05	0	5
SCAF_832	9282	7435	0.80	0	11
SCAF_832_region	9282	7435	0.80	0	11
SCAF_833	9263	959	0.10	0	25
SCAF_833_region	9263	959	0.10	0	25
SCAF_834	9159	1977405	215.90	0	17981
SCAF_834_region	9159	1977405	215.90	0	17981
SCAF_835	9159	1125	0.12	0	19
SCAF_835_region	9159	1125	0.12	0	19
SCAF_836	9157	1957	0.21	0	45
SCAF_836_region	9157	1957	0.21	0	45
SCAF_837	9095	1553	0.17	0	32
SCAF_837_region	9095	1553	0.17	0	32
SCAF_838	9078	372	0.04	0	6
SCAF_838_region	9078	372	0.04	0	6
SCAF_839	9057	3394	0.37	0	9
SCAF_839_region	9057	3394	0.37	0	9
SCAF_840	9014	2899	0.32	0	15
SCAF_840_region	9014	2899	0.32	0	15
SCAF_841	8986	1747	0.19	0	24
SCAF_841_region	8986	1747	0.19	0	24
SCAF_842	8986	1048	0.12	0	10
SCAF_842_region	8986	1048	0.12	0	10
SCAF_843	8952	256	0.03	0	2
SCAF_843_region	8952	256	0.03	0	2
SCAF_844	8935	3226300	361.09	0	19109
SCAF_844_region	8935	3226300	361.09	0	19109
SCAF_845	8927	4813	0.54	0	9
SCAF_845_region	8927	4813	0.54	0	9
SCAF_846	8908	324204	36.39	0	839
SCAF_846_region	8908	324204	36.39	0	839
SCAF_847	8868	9077	1.02	0	22
SCAF_847_region	8868	9077	1.02	0	22
SCAF_848	8867	1036	0.12	0	5
SCAF_848_region	8867	1036	0.12	0	5
SCAF_849	8825	12836	1.45	0	14
SCAF_849_region	8825	12836	1.45	0	14
SCAF_850	8771	790	0.09	0	3
SCAF_850_region	8771	790	0.09	0	3
SCAF_851	8703	915	0.11	0	12
SCAF_851_region	8703	915	0.11	0	12
SCAF_852	8695	845	0.10	0	6
SCAF_852_region	8695	845	0.10	0	6
SCAF_853	8662	179	0.02	0	2
SCAF_853_region	8662	179	0.02	0	2
SCAF_854	8634	1783	0.21	0	24
SCAF_854_region	8634	1783	0.21	0	24
SCAF_855	8630	645	0.07	0	16
SCAF_855_region	8630	645	0.07	0	16
SCAF_856	8617	19278716	2237.29	0	7917
SCAF_856_region	8617	19278716	2237.29	0	7917
SCAF_857	8469	5487	0.65	0	8
SCAF_857_region	8469	5487	0.65	0	8
SCAF_858	8431	291	0.03	0	9
SCAF_858_region	8431	291	0.03	0	9
SCAF_859	8397	632	0.08	0	3
SCAF_859_region	8397	632	0.08	0	3
SCAF_860	8390	233	0.03	0	3
SCAF_860_region	8390	233	0.03	0	3
SCAF_861	8357	1248	0.15	0	5
SCAF_861_region	8357	1248	0.15	0	5
SCAF_862	8342	25042742	3002.01	0	21447
SCAF_862_region	8342	25042742	3002.01	0	21447
SCAF_863	8337	1255	0.15	0	32
SCAF_863_region	8337	1255	0.15	0	32
SCAF_864	8258	1314	0.16	0	39
SCAF_864_region	8258	1314	0.16	0	39
SCAF_865	8103	1220	0.15	0	30
SCAF_865_region	8103	1220	0.15	0	30
SCAF_866	8034	2169	0.27	0	28
SCAF_866_region	8034	2169	0.27	0	28
SCAF_867	8027	3634	0.45	0	13
SCAF_867_region	8027	3634	0.45	0	13
SCAF_868	8017	1587	0.20	0	7
SCAF_868_region	8017	1587	0.20	0	7
SCAF_869	8015	899	0.11	0	20
SCAF_869_region	8015	899	0.11	0	20
SCAF_870	8015	416	0.05	0	3
SCAF_870_region	8015	416	0.05	0	3
SCAF_871	8000	1099	0.14	0	32
SCAF_871_region	8000	1099	0.14	0	32
SCAF_872	7790	2723	0.35	0	8
SCAF_872_region	7790	2723	0.35	0	8
SCAF_873	7773	216	0.03	0	3
SCAF_873_region	7773	216	0.03	0	3
SCAF_874	7763	710	0.09	0	2
SCAF_874_region	7763	710	0.09	0	2
SCAF_875	7721	215	0.03	0	2
SCAF_875_region	7721	215	0.03	0	2
SCAF_876	7701	2224	0.29	0	5
SCAF_876_region	7701	2224	0.29	0	5
SCAF_877	7680	507	0.07	0	3
SCAF_877_region	7680	507	0.07	0	3
SCAF_878	7622	3599	0.47	0	7
SCAF_878_region	7622	3599	0.47	0	7
SCAF_879	7582	1124	0.15	0	42
SCAF_879_region	7582	1124	0.15	0	42
SCAF_880	7559	2559	0.34	0	32
SCAF_880_region	7559	2559	0.34	0	32
SCAF_881	7416	646786	87.21	0	1440
SCAF_881_region	7416	646786	87.21	0	1440
SCAF_882	7394	2360	0.32	0	8
SCAF_882_region	7394	2360	0.32	0	8
SCAF_883	7363	186	0.03	0	1
SCAF_883_region	7363	186	0.03	0	1
SCAF_884	7338	421	0.06	0	2
SCAF_884_region	7338	421	0.06	0	2
SCAF_885	7324	217	0.03	0	4
SCAF_885_region	7324	217	0.03	0	4
SCAF_886	7276	76	0.01	0	1
SCAF_886_region	7276	76	0.01	0	1
SCAF_887	7242	179	0.02	0	2
SCAF_887_region	7242	179	0.02	0	2
SCAF_888	7231	1056	0.15	0	24
SCAF_888_region	7231	1056	0.15	0	24
SCAF_889	7198	230	0.03	0	4
SCAF_889_region	7198	230	0.03	0	4
SCAF_890	7142	1547	0.22	0	28
SCAF_890_region	7142	1547	0.22	0	28
SCAF_891	7028	4712	0.67	0	9
SCAF_891_region	7028	4712	0.67	0	9
SCAF_892	7025	2831	0.40	0	10
SCAF_892_region	7025	2831	0.40	0	10
SCAF_893	7015	3421	0.49	0	11
SCAF_893_region	7015	3421	0.49	0	11
SCAF_894	6958	564	0.08	0	4
SCAF_894_region	6958	564	0.08	0	4
SCAF_895	6948	512	0.07	0	3
SCAF_895_region	6948	512	0.07	0	3
SCAF_896	6829	8045278	1178.10	0	4269
SCAF_896_region	6829	8045278	1178.10	0	4269
SCAF_897	6804	2521	0.37	0	7
SCAF_897_region	6804	2521	0.37	0	7
SCAF_898	6754	10653733	1577.40	0	20022
SCAF_898_region	6754	10653733	1577.40	0	20022
SCAF_899	6732	1938	0.29	0	41
SCAF_899_region	6732	1938	0.29	0	41
SCAF_900	6698	117	0.02	0	3
SCAF_900_region	6698	117	0.02	0	3
SCAF_901	6642	472	0.07	0	4
SCAF_901_region	6642	472	0.07	0	4
SCAF_902	6588	1213	0.18	0	6
SCAF_902_region	6588	1213	0.18	0	6
SCAF_903	6549	510	0.08	0	4
SCAF_903_region	6549	510	0.08	0	4
SCAF_904	6496	6350	0.98	0	9
SCAF_904_region	6496	6350	0.98	0	9
SCAF_905	6483	160	0.02	0	2
SCAF_905_region	6483	160	0.02	0	2
SCAF_906	6367	963	0.15	0	23
SCAF_906_region	6367	963	0.15	0	23
SCAF_907	6367	350	0.05	0	2
SCAF_907_region	6367	350	0.05	0	2
SCAF_908	6228	1462027	234.75	0	1775
SCAF_908_region	6228	1462027	234.75	0	1775
SCAF_909	6173	632	0.10	0	22
SCAF_909_region	6173	632	0.10	0	22
SCAF_910	6170	1080	0.18	0	42
SCAF_910_region	6170	1080	0.18	0	42
SCAF_911	6077	38	0.01	0	2
SCAF_911_region	6077	38	0.01	0	2
SCAF_912	6073	497	0.08	0	17
SCAF_912_region	6073	497	0.08	0	17
SCAF_913	6059	20820978	3436.37	0	31604
SCAF_913_region	6059	20820978	3436.37	0	31604
SCAF_914	6001	280	0.05	0	3
SCAF_914_region	6001	280	0.05	0	3
SCAF_915	5869	612122	104.30	0	1704
SCAF_915_region	5869	612122	104.30	0	1704
SCAF_916	5803	570	0.10	0	15
SCAF_916_region	5803	570	0.10	0	15
SCAF_917	5661	1618	0.29	0	3
SCAF_917_region	5661	1618	0.29	0	3
SCAF_918	5277	1520	0.29	0	3
SCAF_918_region	5277	1520	0.29	0	3
total	51514314	20152675484	391.21	0	1068174
total_region	51514314	20152675484	391.21	0	1068174
