chrom	length	bases	mean	min	max
SCAF_1	5574741	543509444	97.50	0	31514
SCAF_1_region	5574741	543509444	97.50	0	31514
SCAF_2	4079479	373658629	91.59	0	6707
SCAF_2_region	4079479	373658629	91.59	0	6707
SCAF_3	3666439	360527517	98.33	0	9027
SCAF_3_region	3666439	360527517	98.33	0	9027
SCAF_4	2601389	270292338	103.90	0	8996
SCAF_4_region	2601389	270292338	103.90	0	8996
SCAF_5	2032088	205720933	101.24	0	11764
SCAF_5_region	2032088	205720933	101.24	0	11764
SCAF_6	1976889	206816100	104.62	0	7005
SCAF_6_region	1976889	206816100	104.62	0	7005
SCAF_7	1932263	194715990	100.77	0	15982
SCAF_7_region	1932263	194715990	100.77	0	15982
SCAF_8	1669080	143829094	86.17	0	2553
SCAF_8_region	1669080	143829094	86.17	0	2553
SCAF_9	1646134	152179366	92.45	0	4847
SCAF_9_region	1646134	152179366	92.45	0	4847
SCAF_10	1570817	145756292	92.79	0	5271
SCAF_10_region	1570817	145756292	92.79	0	5271
SCAF_11	1437752	141825142	98.64	0	1935
SCAF_11_region	1437752	141825142	98.64	0	1935
SCAF_12	978195	111414035	113.90	0	223249
SCAF_12_region	978195	111414035	113.90	0	223249
SCAF_13	598471	10574947	17.67	0	5393
SCAF_13_region	598471	10574947	17.67	0	5393
SCAF_14	247525	192294325	776.87	0	11653
SCAF_14_region	247525	192294325	776.87	0	11653
SCAF_15	224905	485004	2.16	0	75
SCAF_15_region	224905	485004	2.16	0	75
SCAF_16	181804	8473388	46.61	0	9805
SCAF_16_region	181804	8473388	46.61	0	9805
SCAF_17	176395	362917	2.06	0	27
SCAF_17_region	176395	362917	2.06	0	27
SCAF_18	160122	205427	1.28	0	19
SCAF_18_region	160122	205427	1.28	0	19
SCAF_19	139354	83546	0.60	0	20
SCAF_19_region	139354	83546	0.60	0	20
SCAF_20	131876	263560	2.00	0	120
SCAF_20_region	131876	263560	2.00	0	120
SCAF_21	130124	460687	3.54	0	312
SCAF_21_region	130124	460687	3.54	0	312
SCAF_22	121580	314590	2.59	0	26
SCAF_22_region	121580	314590	2.59	0	26
SCAF_23	117381	232189	1.98	0	31
SCAF_23_region	117381	232189	1.98	0	31
SCAF_24	115879	262052	2.26	0	162
SCAF_24_region	115879	262052	2.26	0	162
SCAF_25	115495	227348	1.97	0	244
SCAF_25_region	115495	227348	1.97	0	244
SCAF_26	113072	239138	2.11	0	18
SCAF_26_region	113072	239138	2.11	0	18
SCAF_27	110609	10145459	91.72	0	7144
SCAF_27_region	110609	10145459	91.72	0	7144
SCAF_28	109542	76543	0.70	0	24
SCAF_28_region	109542	76543	0.70	0	24
SCAF_29	108319	10525589	97.17	0	3774
SCAF_29_region	108319	10525589	97.17	0	3774
SCAF_30	107902	7045014	65.29	0	17331
SCAF_30_region	107902	7045014	65.29	0	17331
SCAF_31	106626	1307124	12.26	0	6405
SCAF_31_region	106626	1307124	12.26	0	6405
SCAF_32	102192	296999	2.91	0	351
SCAF_32_region	102192	296999	2.91	0	351
SCAF_33	98221	264149	2.69	0	20
SCAF_33_region	98221	264149	2.69	0	20
SCAF_34	97882	250618	2.56	0	22
SCAF_34_region	97882	250618	2.56	0	22
SCAF_35	95705	2118468	22.14	0	3075
SCAF_35_region	95705	2118468	22.14	0	3075
SCAF_36	94431	174641	1.85	0	27
SCAF_36_region	94431	174641	1.85	0	27
SCAF_37	92851	79667	0.86	0	31
SCAF_37_region	92851	79667	0.86	0	31
SCAF_38	89142	381517	4.28	0	311
SCAF_38_region	89142	381517	4.28	0	311
SCAF_39	88257	120435	1.36	0	18
SCAF_39_region	88257	120435	1.36	0	18
SCAF_40	85354	436813	5.12	0	400
SCAF_40_region	85354	436813	5.12	0	400
SCAF_41	82239	174523	2.12	0	22
SCAF_41_region	82239	174523	2.12	0	22
SCAF_42	77162	167473	2.17	0	25
SCAF_42_region	77162	167473	2.17	0	25
SCAF_43	76714	183790	2.40	0	14
SCAF_43_region	76714	183790	2.40	0	14
SCAF_44	76272	148592	1.95	0	901
SCAF_44_region	76272	148592	1.95	0	901
SCAF_45	73110	106331	1.45	0	329
SCAF_45_region	73110	106331	1.45	0	329
SCAF_46	72118	216967	3.01	0	24
SCAF_46_region	72118	216967	3.01	0	24
SCAF_47	70166	126994	1.81	0	13
SCAF_47_region	70166	126994	1.81	0	13
SCAF_48	69627	219115	3.15	0	21
SCAF_48_region	69627	219115	3.15	0	21
SCAF_49	69624	293320	4.21	0	293
SCAF_49_region	69624	293320	4.21	0	293
SCAF_50	68258	190438	2.79	0	34
SCAF_50_region	68258	190438	2.79	0	34
SCAF_51	66966	73962	1.10	0	18
SCAF_51_region	66966	73962	1.10	0	18
SCAF_52	66855	79039	1.18	0	19
SCAF_52_region	66855	79039	1.18	0	19
SCAF_53	65552	79218	1.21	0	14
SCAF_53_region	65552	79218	1.21	0	14
SCAF_54	65267	69121	1.06	0	102
SCAF_54_region	65267	69121	1.06	0	102
SCAF_55	65114	74865	1.15	0	11
SCAF_55_region	65114	74865	1.15	0	11
SCAF_56	62812	30966	0.49	0	95
SCAF_56_region	62812	30966	0.49	0	95
SCAF_57	62187	19490	0.31	0	19
SCAF_57_region	62187	19490	0.31	0	19
SCAF_58	61544	220250	3.58	0	425
SCAF_58_region	61544	220250	3.58	0	425
SCAF_59	61533	52310	0.85	0	17
SCAF_59_region	61533	52310	0.85	0	17
SCAF_60	61411	1496685	24.37	0	1808
SCAF_60_region	61411	1496685	24.37	0	1808
SCAF_61	61115	181479	2.97	0	18
SCAF_61_region	61115	181479	2.97	0	18
SCAF_62	59972	20613	0.34	0	74
SCAF_62_region	59972	20613	0.34	0	74
SCAF_63	59743	164040	2.75	0	290
SCAF_63_region	59743	164040	2.75	0	290
SCAF_64	58841	82928	1.41	0	187
SCAF_64_region	58841	82928	1.41	0	187
SCAF_65	58838	49340	0.84	0	14
SCAF_65_region	58838	49340	0.84	0	14
SCAF_66	58483	20190	0.35	0	95
SCAF_66_region	58483	20190	0.35	0	95
SCAF_67	57162	47594	0.83	0	17
SCAF_67_region	57162	47594	0.83	0	17
SCAF_68	56404	70584	1.25	0	167
SCAF_68_region	56404	70584	1.25	0	167
SCAF_69	55942	37604	0.67	0	17
SCAF_69_region	55942	37604	0.67	0	17
SCAF_70	55722	189034	3.39	0	27
SCAF_70_region	55722	189034	3.39	0	27
SCAF_71	55604	166536	3.00	0	21
SCAF_71_region	55604	166536	3.00	0	21
SCAF_72	54709	40430	0.74	0	11
SCAF_72_region	54709	40430	0.74	0	11
SCAF_73	52157	31736	0.61	0	10
SCAF_73_region	52157	31736	0.61	0	10
SCAF_74	52077	144504	2.77	0	11
SCAF_74_region	52077	144504	2.77	0	11
SCAF_75	51185	101014	1.97	0	13
SCAF_75_region	51185	101014	1.97	0	13
SCAF_76	50428	7857138	155.81	0	2727
SCAF_76_region	50428	7857138	155.81	0	2727
SCAF_77	50384	12471	0.25	0	11
SCAF_77_region	50384	12471	0.25	0	11
SCAF_78	49366	160772	3.26	0	34
SCAF_78_region	49366	160772	3.26	0	34
SCAF_79	49160	12757	0.26	0	20
SCAF_79_region	49160	12757	0.26	0	20
SCAF_80	48966	134779	2.75	0	17
SCAF_80_region	48966	134779	2.75	0	17
SCAF_81	48848	10847	0.22	0	27
SCAF_81_region	48848	10847	0.22	0	27
SCAF_82	48542	40364	0.83	0	17
SCAF_82_region	48542	40364	0.83	0	17
SCAF_83	48542	42397	0.87	0	9
SCAF_83_region	48542	42397	0.87	0	9
SCAF_84	47775	17254	0.36	0	11
SCAF_84_region	47775	17254	0.36	0	11
SCAF_85	47318	166862	3.53	0	27
SCAF_85_region	47318	166862	3.53	0	27
SCAF_86	46994	132568	2.82	0	13
SCAF_86_region	46994	132568	2.82	0	13
SCAF_87	46805	83244	1.78	0	10
SCAF_87_region	46805	83244	1.78	0	10
SCAF_88	46738	60618	1.30	0	22
SCAF_88_region	46738	60618	1.30	0	22
SCAF_89	46547	100818	2.17	0	12
SCAF_89_region	46547	100818	2.17	0	12
SCAF_90	46221	18022	0.39	0	19
SCAF_90_region	46221	18022	0.39	0	19
SCAF_91	44916	138109	3.07	0	16
SCAF_91_region	44916	138109	3.07	0	16
SCAF_92	44616	19553768	438.27	0	9072
SCAF_92_region	44616	19553768	438.27	0	9072
SCAF_93	44136	12580	0.29	0	22
SCAF_93_region	44136	12580	0.29	0	22
SCAF_94	43913	14329	0.33	0	8
SCAF_94_region	43913	14329	0.33	0	8
SCAF_95	43808	25719	0.59	0	14
SCAF_95_region	43808	25719	0.59	0	14
SCAF_96	43342	19421	0.45	0	13
SCAF_96_region	43342	19421	0.45	0	13
SCAF_97	43038	14668420	340.82	0	9231
SCAF_97_region	43038	14668420	340.82	0	9231
SCAF_98	42896	11311	0.26	0	17
SCAF_98_region	42896	11311	0.26	0	17
SCAF_99	42178	58990	1.40	0	25
SCAF_99_region	42178	58990	1.40	0	25
SCAF_100	41993	7642	0.18	0	6
SCAF_100_region	41993	7642	0.18	0	6
SCAF_101	41585	91786	2.21	0	17
SCAF_101_region	41585	91786	2.21	0	17
SCAF_102	41267	10529146	255.15	0	652
SCAF_102_region	41267	10529146	255.15	0	652
SCAF_103	41164	9764	0.24	0	8
SCAF_103_region	41164	9764	0.24	0	8
SCAF_104	40984	31755	0.77	0	8
SCAF_104_region	40984	31755	0.77	0	8
SCAF_105	40971	32425	0.79	0	16
SCAF_105_region	40971	32425	0.79	0	16
SCAF_106	40689	91845	2.26	0	22
SCAF_106_region	40689	91845	2.26	0	22
SCAF_107	40038	21143	0.53	0	9
SCAF_107_region	40038	21143	0.53	0	9
SCAF_108	39998	12929	0.32	0	23
SCAF_108_region	39998	12929	0.32	0	23
SCAF_109	39904	15362	0.38	0	19
SCAF_109_region	39904	15362	0.38	0	19
SCAF_110	39605	50742	1.28	0	12
SCAF_110_region	39605	50742	1.28	0	12
SCAF_111	39279	36054	0.92	0	112
SCAF_111_region	39279	36054	0.92	0	112
SCAF_112	39164	10633450	271.51	0	845
SCAF_112_region	39164	10633450	271.51	0	845
SCAF_113	39049	43040	1.10	0	17
SCAF_113_region	39049	43040	1.10	0	17
SCAF_114	38983	21296	0.55	0	20
SCAF_114_region	38983	21296	0.55	0	20
SCAF_115	38824	2050734	52.82	0	4972
SCAF_115_region	38824	2050734	52.82	0	4972
SCAF_116	37823	10535	0.28	0	27
SCAF_116_region	37823	10535	0.28	0	27
SCAF_117	37728	17947492	475.71	0	10176
SCAF_117_region	37728	17947492	475.71	0	10176
SCAF_118	37705	89699	2.38	0	11
SCAF_118_region	37705	89699	2.38	0	11
SCAF_119	37514	76931	2.05	0	89
SCAF_119_region	37514	76931	2.05	0	89
SCAF_120	37456	9118638	243.45	0	1274
SCAF_120_region	37456	9118638	243.45	0	1274
SCAF_121	37441	7706171	205.82	0	2730
SCAF_121_region	37441	7706171	205.82	0	2730
SCAF_122	37347	320024	8.57	0	1135
SCAF_122_region	37347	320024	8.57	0	1135
SCAF_123	37222	54269	1.46	0	28
SCAF_123_region	37222	54269	1.46	0	28
SCAF_124	36961	145066	3.92	0	365
SCAF_124_region	36961	145066	3.92	0	365
SCAF_125	36710	23009	0.63	0	8
SCAF_125_region	36710	23009	0.63	0	8
SCAF_126	36614	9949	0.27	0	19
SCAF_126_region	36614	9949	0.27	0	19
SCAF_127	36584	73444	2.01	0	14
SCAF_127_region	36584	73444	2.01	0	14
SCAF_128	36068	114569	3.18	0	27
SCAF_128_region	36068	114569	3.18	0	27
SCAF_129	35972	103591	2.88	0	25
SCAF_129_region	35972	103591	2.88	0	25
SCAF_130	35925	84917	2.36	0	10
SCAF_130_region	35925	84917	2.36	0	10
SCAF_131	35704	1107	0.03	0	17
SCAF_131_region	35704	1107	0.03	0	17
SCAF_132	35264	65555	1.86	0	10
SCAF_132_region	35264	65555	1.86	0	10
SCAF_133	35121	12961827	369.06	0	8744
SCAF_133_region	35121	12961827	369.06	0	8744
SCAF_134	35117	34431	0.98	0	17
SCAF_134_region	35117	34431	0.98	0	17
SCAF_135	34903	36526	1.05	0	14
SCAF_135_region	34903	36526	1.05	0	14
SCAF_136	34900	10458261	299.66	0	1438
SCAF_136_region	34900	10458261	299.66	0	1438
SCAF_137	34765	24991	0.72	0	12
SCAF_137_region	34765	24991	0.72	0	12
SCAF_138	34687	220356	6.35	0	1013
SCAF_138_region	34687	220356	6.35	0	1013
SCAF_139	34615	71409	2.06	0	22
SCAF_139_region	34615	71409	2.06	0	22
SCAF_140	34599	10886435	314.65	0	2964
SCAF_140_region	34599	10886435	314.65	0	2964
SCAF_141	34497	7701152	223.24	0	6671
SCAF_141_region	34497	7701152	223.24	0	6671
SCAF_142	34440	10589974	307.49	0	1304
SCAF_142_region	34440	10589974	307.49	0	1304
SCAF_143	34384	40445	1.18	0	22
SCAF_143_region	34384	40445	1.18	0	22
SCAF_144	34330	16886	0.49	0	9
SCAF_144_region	34330	16886	0.49	0	9
SCAF_145	34087	18791	0.55	0	17
SCAF_145_region	34087	18791	0.55	0	17
SCAF_146	33692	87130	2.59	0	13
SCAF_146_region	33692	87130	2.59	0	13
SCAF_147	33483	8949083	267.27	0	2236
SCAF_147_region	33483	8949083	267.27	0	2236
SCAF_148	33469	7902	0.24	0	19
SCAF_148_region	33469	7902	0.24	0	19
SCAF_149	33420	5280606	158.01	0	1202
SCAF_149_region	33420	5280606	158.01	0	1202
SCAF_150	33347	10493	0.31	0	7
SCAF_150_region	33347	10493	0.31	0	7
SCAF_151	33283	73800	2.22	0	302
SCAF_151_region	33283	73800	2.22	0	302
SCAF_152	33266	31384	0.94	0	10
SCAF_152_region	33266	31384	0.94	0	10
SCAF_153	33237	13927	0.42	0	15
SCAF_153_region	33237	13927	0.42	0	15
SCAF_154	33139	14302	0.43	0	27
SCAF_154_region	33139	14302	0.43	0	27
SCAF_155	33127	14933905	450.81	0	2679
SCAF_155_region	33127	14933905	450.81	0	2679
SCAF_156	32748	156456	4.78	0	267
SCAF_156_region	32748	156456	4.78	0	267
SCAF_157	32666	395931	12.12	0	444
SCAF_157_region	32666	395931	12.12	0	444
SCAF_158	32618	7842	0.24	0	19
SCAF_158_region	32618	7842	0.24	0	19
SCAF_159	32358	2554	0.08	0	26
SCAF_159_region	32358	2554	0.08	0	26
SCAF_160	32136	20885	0.65	0	9
SCAF_160_region	32136	20885	0.65	0	9
SCAF_161	32035	28753	0.90	0	38
SCAF_161_region	32035	28753	0.90	0	38
SCAF_162	31954	29191	0.91	0	8
SCAF_162_region	31954	29191	0.91	0	8
SCAF_163	31782	34164	1.07	0	22
SCAF_163_region	31782	34164	1.07	0	22
SCAF_164	31669	28561	0.90	0	18
SCAF_164_region	31669	28561	0.90	0	18
SCAF_165	31629	102858	3.25	0	91
SCAF_165_region	31629	102858	3.25	0	91
SCAF_166	31581	1488	0.05	0	4
SCAF_166_region	31581	1488	0.05	0	4
SCAF_167	31556	19600	0.62	0	11
SCAF_167_region	31556	19600	0.62	0	11
SCAF_168	31421	33597	1.07	0	15
SCAF_168_region	31421	33597	1.07	0	15
SCAF_169	31314	45412	1.45	0	28
SCAF_169_region	31314	45412	1.45	0	28
SCAF_170	31127	4907	0.16	0	11
SCAF_170_region	31127	4907	0.16	0	11
SCAF_171	31061	9525674	306.68	0	2222
SCAF_171_region	31061	9525674	306.68	0	2222
SCAF_172	31059	2005	0.06	0	22
SCAF_172_region	31059	2005	0.06	0	22
SCAF_173	30866	13885	0.45	0	11
SCAF_173_region	30866	13885	0.45	0	11
SCAF_174	30739	12324177	400.93	0	8343
SCAF_174_region	30739	12324177	400.93	0	8343
SCAF_175	30330	6657	0.22	0	21
SCAF_175_region	30330	6657	0.22	0	21
SCAF_176	30301	2885972	95.24	0	9806
SCAF_176_region	30301	2885972	95.24	0	9806
SCAF_177	30226	6050	0.20	0	6
SCAF_177_region	30226	6050	0.20	0	6
SCAF_178	30187	6631	0.22	0	14
SCAF_178_region	30187	6631	0.22	0	14
SCAF_179	30183	32900	1.09	0	9
SCAF_179_region	30183	32900	1.09	0	9
SCAF_180	30131	28046	0.93	0	105
SCAF_180_region	30131	28046	0.93	0	105
SCAF_181	30071	4609	0.15	0	4
SCAF_181_region	30071	4609	0.15	0	4
SCAF_182	30032	65941	2.20	0	14
SCAF_182_region	30032	65941	2.20	0	14
SCAF_183	30005	1961	0.07	0	15
SCAF_183_region	30005	1961	0.07	0	15
SCAF_184	29541	50863	1.72	0	165
SCAF_184_region	29541	50863	1.72	0	165
SCAF_185	29415	11226	0.38	0	18
SCAF_185_region	29415	11226	0.38	0	18
SCAF_186	29375	15739	0.54	0	7
SCAF_186_region	29375	15739	0.54	0	7
SCAF_187	29360	29522	1.01	0	19
SCAF_187_region	29360	29522	1.01	0	19
SCAF_188	29327	79288	2.70	0	12
SCAF_188_region	29327	79288	2.70	0	12
SCAF_189	29236	5312	0.18	0	23
SCAF_189_region	29236	5312	0.18	0	23
SCAF_190	29216	133708	4.58	0	195
SCAF_190_region	29216	133708	4.58	0	195
SCAF_191	29200	3806	0.13	0	18
SCAF_191_region	29200	3806	0.13	0	18
SCAF_192	29083	6809813	234.15	0	799
SCAF_192_region	29083	6809813	234.15	0	799
SCAF_193	29081	12888	0.44	0	84
SCAF_193_region	29081	12888	0.44	0	84
SCAF_194	28863	3735105	129.41	0	652
SCAF_194_region	28863	3735105	129.41	0	652
SCAF_195	28688	11824	0.41	0	65
SCAF_195_region	28688	11824	0.41	0	65
SCAF_196	28688	172642	6.02	0	417
SCAF_196_region	28688	172642	6.02	0	417
SCAF_197	28670	6184	0.22	0	5
SCAF_197_region	28670	6184	0.22	0	5
SCAF_198	28585	48222	1.69	0	23
SCAF_198_region	28585	48222	1.69	0	23
SCAF_199	28585	206985	7.24	0	219
SCAF_199_region	28585	206985	7.24	0	219
SCAF_200	28563	31744	1.11	0	83
SCAF_200_region	28563	31744	1.11	0	83
SCAF_201	28551	6393	0.22	0	6
SCAF_201_region	28551	6393	0.22	0	6
SCAF_202	28219	29143	1.03	0	10
SCAF_202_region	28219	29143	1.03	0	10
SCAF_203	28217	4997	0.18	0	5
SCAF_203_region	28217	4997	0.18	0	5
SCAF_204	28187	113490	4.03	0	745
SCAF_204_region	28187	113490	4.03	0	745
SCAF_205	28138	21498	0.76	0	12
SCAF_205_region	28138	21498	0.76	0	12
SCAF_206	28111	12308	0.44	0	13
SCAF_206_region	28111	12308	0.44	0	13
SCAF_207	27959	83765	3.00	0	21
SCAF_207_region	27959	83765	3.00	0	21
SCAF_208	27935	7332796	262.49	0	7370
SCAF_208_region	27935	7332796	262.49	0	7370
SCAF_209	27830	28278	1.02	0	7
SCAF_209_region	27830	28278	1.02	0	7
SCAF_210	27781	11037	0.40	0	19
SCAF_210_region	27781	11037	0.40	0	19
SCAF_211	27774	97812	3.52	0	113
SCAF_211_region	27774	97812	3.52	0	113
SCAF_212	27772	21305	0.77	0	23
SCAF_212_region	27772	21305	0.77	0	23
SCAF_213	27728	8177	0.29	0	20
SCAF_213_region	27728	8177	0.29	0	20
SCAF_214	27690	27804	1.00	0	22
SCAF_214_region	27690	27804	1.00	0	22
SCAF_215	27659	9554516	345.44	0	1567
SCAF_215_region	27659	9554516	345.44	0	1567
SCAF_216	27637	8256	0.30	0	24
SCAF_216_region	27637	8256	0.30	0	24
SCAF_217	27634	3208	0.12	0	12
SCAF_217_region	27634	3208	0.12	0	12
SCAF_218	27594	62083	2.25	0	9
SCAF_218_region	27594	62083	2.25	0	9
SCAF_219	27563	1175	0.04	0	7
SCAF_219_region	27563	1175	0.04	0	7
SCAF_220	27545	80588	2.93	0	15
SCAF_220_region	27545	80588	2.93	0	15
SCAF_221	27530	21052	0.76	0	13
SCAF_221_region	27530	21052	0.76	0	13
SCAF_222	27515	1824	0.07	0	6
SCAF_222_region	27515	1824	0.07	0	6
SCAF_223	27476	12846	0.47	0	63
SCAF_223_region	27476	12846	0.47	0	63
SCAF_224	27450	8964	0.33	0	6
SCAF_224_region	27450	8964	0.33	0	6
SCAF_225	27344	6170	0.23	0	9
SCAF_225_region	27344	6170	0.23	0	9
SCAF_226	27270	471201	17.28	0	713
SCAF_226_region	27270	471201	17.28	0	713
SCAF_227	27232	18794	0.69	0	25
SCAF_227_region	27232	18794	0.69	0	25
SCAF_228	27189	422735	15.55	0	169
SCAF_228_region	27189	422735	15.55	0	169
SCAF_229	27037	18229	0.67	0	13
SCAF_229_region	27037	18229	0.67	0	13
SCAF_230	26948	6579	0.24	0	26
SCAF_230_region	26948	6579	0.24	0	26
SCAF_231	26899	11598	0.43	0	18
SCAF_231_region	26899	11598	0.43	0	18
SCAF_232	26856	14504	0.54	0	6
SCAF_232_region	26856	14504	0.54	0	6
SCAF_233	26767	7305	0.27	0	6
SCAF_233_region	26767	7305	0.27	0	6
SCAF_234	26700	7133344	267.17	0	1256
SCAF_234_region	26700	7133344	267.17	0	1256
SCAF_235	26660	15712142	589.35	0	5522
SCAF_235_region	26660	15712142	589.35	0	5522
SCAF_236	26499	17709	0.67	0	6
SCAF_236_region	26499	17709	0.67	0	6
SCAF_237	26482	39140	1.48	0	8
SCAF_237_region	26482	39140	1.48	0	8
SCAF_238	26369	16309	0.62	0	12
SCAF_238_region	26369	16309	0.62	0	12
SCAF_239	26171	19328	0.74	0	12
SCAF_239_region	26171	19328	0.74	0	12
SCAF_240	26148	5607	0.21	0	21
SCAF_240_region	26148	5607	0.21	0	21
SCAF_241	26131	46085	1.76	0	60
SCAF_241_region	26131	46085	1.76	0	60
SCAF_242	26114	32036	1.23	0	11
SCAF_242_region	26114	32036	1.23	0	11
SCAF_243	26085	21845	0.84	0	16
SCAF_243_region	26085	21845	0.84	0	16
SCAF_244	26060	3144	0.12	0	21
SCAF_244_region	26060	3144	0.12	0	21
SCAF_245	25968	5892	0.23	0	14
SCAF_245_region	25968	5892	0.23	0	14
SCAF_246	25946	9774661	376.73	0	10015
SCAF_246_region	25946	9774661	376.73	0	10015
SCAF_247	25940	90113	3.47	0	15
SCAF_247_region	25940	90113	3.47	0	15
SCAF_248	25895	2598	0.10	0	4
SCAF_248_region	25895	2598	0.10	0	4
SCAF_249	25885	35189	1.36	0	23
SCAF_249_region	25885	35189	1.36	0	23
SCAF_250	25884	56369	2.18	0	14
SCAF_250_region	25884	56369	2.18	0	14
SCAF_251	25874	4689	0.18	0	13
SCAF_251_region	25874	4689	0.18	0	13
SCAF_252	25864	1080	0.04	0	6
SCAF_252_region	25864	1080	0.04	0	6
SCAF_253	25825	13654	0.53	0	9
SCAF_253_region	25825	13654	0.53	0	9
SCAF_254	25798	83999	3.26	0	423
SCAF_254_region	25798	83999	3.26	0	423
SCAF_255	25728	3021	0.12	0	5
SCAF_255_region	25728	3021	0.12	0	5
SCAF_256	25725	4800	0.19	0	16
SCAF_256_region	25725	4800	0.19	0	16
SCAF_257	25720	35874	1.39	0	8
SCAF_257_region	25720	35874	1.39	0	8
SCAF_258	25700	114072	4.44	0	529
SCAF_258_region	25700	114072	4.44	0	529
SCAF_259	25645	5162	0.20	0	5
SCAF_259_region	25645	5162	0.20	0	5
SCAF_260	25595	42274	1.65	0	13
SCAF_260_region	25595	42274	1.65	0	13
SCAF_261	25593	23713	0.93	0	11
SCAF_261_region	25593	23713	0.93	0	11
SCAF_262	25592	15957	0.62	0	11
SCAF_262_region	25592	15957	0.62	0	11
SCAF_263	25481	11308	0.44	0	16
SCAF_263_region	25481	11308	0.44	0	16
SCAF_264	25444	75476	2.97	0	19
SCAF_264_region	25444	75476	2.97	0	19
SCAF_265	25436	18868	0.74	0	15
SCAF_265_region	25436	18868	0.74	0	15
SCAF_266	25377	21143	0.83	0	21
SCAF_266_region	25377	21143	0.83	0	21
SCAF_267	25340	67828	2.68	0	21
SCAF_267_region	25340	67828	2.68	0	21
SCAF_268	25329	17133	0.68	0	14
SCAF_268_region	25329	17133	0.68	0	14
SCAF_269	25264	5765	0.23	0	11
SCAF_269_region	25264	5765	0.23	0	11
SCAF_270	25225	19243	0.76	0	15
SCAF_270_region	25225	19243	0.76	0	15
SCAF_271	25206	41259	1.64	0	52
SCAF_271_region	25206	41259	1.64	0	52
SCAF_272	25161	8646	0.34	0	12
SCAF_272_region	25161	8646	0.34	0	12
SCAF_273	25090	6330	0.25	0	22
SCAF_273_region	25090	6330	0.25	0	22
SCAF_274	24834	11448	0.46	0	14
SCAF_274_region	24834	11448	0.46	0	14
SCAF_275	24832	5840058	235.18	0	3255
SCAF_275_region	24832	5840058	235.18	0	3255
SCAF_276	24811	15354	0.62	0	20
SCAF_276_region	24811	15354	0.62	0	20
SCAF_277	24713	17574	0.71	0	25
SCAF_277_region	24713	17574	0.71	0	25
SCAF_278	24673	5250	0.21	0	19
SCAF_278_region	24673	5250	0.21	0	19
SCAF_279	24542	16126	0.66	0	26
SCAF_279_region	24542	16126	0.66	0	26
SCAF_280	24528	6449	0.26	0	6
SCAF_280_region	24528	6449	0.26	0	6
SCAF_281	24435	1529	0.06	0	13
SCAF_281_region	24435	1529	0.06	0	13
SCAF_282	24359	1867	0.08	0	4
SCAF_282_region	24359	1867	0.08	0	4
SCAF_283	24173	43949	1.82	0	12
SCAF_283_region	24173	43949	1.82	0	12
SCAF_284	24152	5319976	220.27	0	1064
SCAF_284_region	24152	5319976	220.27	0	1064
SCAF_285	24110	1281	0.05	0	12
SCAF_285_region	24110	1281	0.05	0	12
SCAF_286	24066	373674	15.53	0	1042
SCAF_286_region	24066	373674	15.53	0	1042
SCAF_287	23981	2342	0.10	0	15
SCAF_287_region	23981	2342	0.10	0	15
SCAF_288	23980	8361	0.35	0	7
SCAF_288_region	23980	8361	0.35	0	7
SCAF_289	23950	10591	0.44	0	9
SCAF_289_region	23950	10591	0.44	0	9
SCAF_290	23945	13596	0.57	0	7
SCAF_290_region	23945	13596	0.57	0	7
SCAF_291	23886	5481	0.23	0	14
SCAF_291_region	23886	5481	0.23	0	14
SCAF_292	23860	14526	0.61	0	12
SCAF_292_region	23860	14526	0.61	0	12
SCAF_293	23814	19566	0.82	0	6
SCAF_293_region	23814	19566	0.82	0	6
SCAF_294	23796	32172	1.35	0	22
SCAF_294_region	23796	32172	1.35	0	22
SCAF_295	23767	24580	1.03	0	121
SCAF_295_region	23767	24580	1.03	0	121
SCAF_296	23762	205336	8.64	0	1632
SCAF_296_region	23762	205336	8.64	0	1632
SCAF_297	23695	28921	1.22	0	7
SCAF_297_region	23695	28921	1.22	0	7
SCAF_298	23666	3629	0.15	0	22
SCAF_298_region	23666	3629	0.15	0	22
SCAF_299	23648	183712	7.77	0	558
SCAF_299_region	23648	183712	7.77	0	558
SCAF_300	23643	7816323	330.60	0	1668
SCAF_300_region	23643	7816323	330.60	0	1668
SCAF_301	23638	4033	0.17	0	8
SCAF_301_region	23638	4033	0.17	0	8
SCAF_302	23633	50851	2.15	0	747
SCAF_302_region	23633	50851	2.15	0	747
SCAF_303	23629	22629	0.96	0	20
SCAF_303_region	23629	22629	0.96	0	20
SCAF_304	23571	19925	0.85	0	19
SCAF_304_region	23571	19925	0.85	0	19
SCAF_305	23555	38964	1.65	0	14
SCAF_305_region	23555	38964	1.65	0	14
SCAF_306	23322	7173	0.31	0	8
SCAF_306_region	23322	7173	0.31	0	8
SCAF_307	23295	26778	1.15	0	11
SCAF_307_region	23295	26778	1.15	0	11
SCAF_308	23075	4727237	204.86	0	5511
SCAF_308_region	23075	4727237	204.86	0	5511
SCAF_309	23057	21091	0.91	0	7
SCAF_309_region	23057	21091	0.91	0	7
SCAF_310	23011	29233	1.27	0	10
SCAF_310_region	23011	29233	1.27	0	10
SCAF_311	22999	3134	0.14	0	94
SCAF_311_region	22999	3134	0.14	0	94
SCAF_312	22896	31377	1.37	0	8
SCAF_312_region	22896	31377	1.37	0	8
SCAF_313	22877	3840	0.17	0	20
SCAF_313_region	22877	3840	0.17	0	20
SCAF_314	22871	9305002	406.85	0	5971
SCAF_314_region	22871	9305002	406.85	0	5971
SCAF_315	22844	20562	0.90	0	167
SCAF_315_region	22844	20562	0.90	0	167
SCAF_316	22844	2897	0.13	0	7
SCAF_316_region	22844	2897	0.13	0	7
SCAF_317	22833	15793	0.69	0	14
SCAF_317_region	22833	15793	0.69	0	14
SCAF_318	22713	29454	1.30	0	20
SCAF_318_region	22713	29454	1.30	0	20
SCAF_319	22685	2691	0.12	0	19
SCAF_319_region	22685	2691	0.12	0	19
SCAF_320	22653	2580	0.11	0	3
SCAF_320_region	22653	2580	0.11	0	3
SCAF_321	22554	17518	0.78	0	11
SCAF_321_region	22554	17518	0.78	0	11
SCAF_322	22539	12999	0.58	0	11
SCAF_322_region	22539	12999	0.58	0	11
SCAF_323	22525	11033	0.49	0	8
SCAF_323_region	22525	11033	0.49	0	8
SCAF_324	22489	64532	2.87	0	13
SCAF_324_region	22489	64532	2.87	0	13
SCAF_325	22468	25688	1.14	0	11
SCAF_325_region	22468	25688	1.14	0	11
SCAF_326	22392	9964188	444.99	0	5674
SCAF_326_region	22392	9964188	444.99	0	5674
SCAF_327	22337	7419	0.33	0	7
SCAF_327_region	22337	7419	0.33	0	7
SCAF_328	22280	9674025	434.20	0	2589
SCAF_328_region	22280	9674025	434.20	0	2589
SCAF_329	22245	6137	0.28	0	26
SCAF_329_region	22245	6137	0.28	0	26
SCAF_330	22040	9531	0.43	0	9
SCAF_330_region	22040	9531	0.43	0	9
SCAF_331	22029	1281	0.06	0	12
SCAF_331_region	22029	1281	0.06	0	12
SCAF_332	21923	15482	0.71	0	7
SCAF_332_region	21923	15482	0.71	0	7
SCAF_333	21867	3311	0.15	0	8
SCAF_333_region	21867	3311	0.15	0	8
SCAF_334	21813	14199	0.65	0	69
SCAF_334_region	21813	14199	0.65	0	69
SCAF_335	21800	32499	1.49	0	10
SCAF_335_region	21800	32499	1.49	0	10
SCAF_336	21691	3901	0.18	0	6
SCAF_336_region	21691	3901	0.18	0	6
SCAF_337	21675	6544	0.30	0	13
SCAF_337_region	21675	6544	0.30	0	13
SCAF_338	21621	38946	1.80	0	60
SCAF_338_region	21621	38946	1.80	0	60
SCAF_339	21529	44117	2.05	0	129
SCAF_339_region	21529	44117	2.05	0	129
SCAF_340	21472	9110	0.42	0	7
SCAF_340_region	21472	9110	0.42	0	7
SCAF_341	21449	11379	0.53	0	9
SCAF_341_region	21449	11379	0.53	0	9
SCAF_342	21444	147645	6.89	0	641
SCAF_342_region	21444	147645	6.89	0	641
SCAF_343	21365	7597	0.36	0	10
SCAF_343_region	21365	7597	0.36	0	10
SCAF_344	21355	30799	1.44	0	10
SCAF_344_region	21355	30799	1.44	0	10
SCAF_345	21334	15037	0.70	0	18
SCAF_345_region	21334	15037	0.70	0	18
SCAF_346	21294	5568251	261.49	0	1062
SCAF_346_region	21294	5568251	261.49	0	1062
SCAF_347	21288	2885	0.14	0	68
SCAF_347_region	21288	2885	0.14	0	68
SCAF_348	21209	8197	0.39	0	9
SCAF_348_region	21209	8197	0.39	0	9
SCAF_349	21199	888	0.04	0	4
SCAF_349_region	21199	888	0.04	0	4
SCAF_350	21189	20546	0.97	0	71
SCAF_350_region	21189	20546	0.97	0	71
SCAF_351	21106	42262	2.00	0	29
SCAF_351_region	21106	42262	2.00	0	29
SCAF_352	21098	5493	0.26	0	6
SCAF_352_region	21098	5493	0.26	0	6
SCAF_353	21078	6696	0.32	0	23
SCAF_353_region	21078	6696	0.32	0	23
SCAF_354	20991	5497	0.26	0	18
SCAF_354_region	20991	5497	0.26	0	18
SCAF_355	20981	2627	0.13	0	11
SCAF_355_region	20981	2627	0.13	0	11
SCAF_356	20980	19537	0.93	0	16
SCAF_356_region	20980	19537	0.93	0	16
SCAF_357	20976	7163	0.34	0	12
SCAF_357_region	20976	7163	0.34	0	12
SCAF_358	20871	2356	0.11	0	10
SCAF_358_region	20871	2356	0.11	0	10
SCAF_359	20831	2567	0.12	0	19
SCAF_359_region	20831	2567	0.12	0	19
SCAF_360	20777	8668	0.42	0	96
SCAF_360_region	20777	8668	0.42	0	96
SCAF_361	20737	12410	0.60	0	52
SCAF_361_region	20737	12410	0.60	0	52
SCAF_362	20702	64235	3.10	0	22
SCAF_362_region	20702	64235	3.10	0	22
SCAF_363	20586	896	0.04	0	7
SCAF_363_region	20586	896	0.04	0	7
SCAF_364	20574	7198	0.35	0	9
SCAF_364_region	20574	7198	0.35	0	9
SCAF_365	20553	847	0.04	0	2
SCAF_365_region	20553	847	0.04	0	2
SCAF_366	20522	5230	0.25	0	4
SCAF_366_region	20522	5230	0.25	0	4
SCAF_367	20517	4584	0.22	0	19
SCAF_367_region	20517	4584	0.22	0	19
SCAF_368	20452	24263	1.19	0	11
SCAF_368_region	20452	24263	1.19	0	11
SCAF_369	20438	46968	2.30	0	14
SCAF_369_region	20438	46968	2.30	0	14
SCAF_370	20350	40609	2.00	0	43
SCAF_370_region	20350	40609	2.00	0	43
SCAF_371	20349	59690	2.93	0	272
SCAF_371_region	20349	59690	2.93	0	272
SCAF_372	20285	4151	0.20	0	5
SCAF_372_region	20285	4151	0.20	0	5
SCAF_373	20282	1714	0.08	0	34
SCAF_373_region	20282	1714	0.08	0	34
SCAF_374	20282	6565167	323.69	0	1472
SCAF_374_region	20282	6565167	323.69	0	1472
SCAF_375	20179	217503	10.78	0	316
SCAF_375_region	20179	217503	10.78	0	316
SCAF_376	20174	24580	1.22	0	30
SCAF_376_region	20174	24580	1.22	0	30
SCAF_377	20160	21042	1.04	0	9
SCAF_377_region	20160	21042	1.04	0	9
SCAF_378	20157	3484943	172.89	0	1002
SCAF_378_region	20157	3484943	172.89	0	1002
SCAF_379	20150	19087	0.95	0	16
SCAF_379_region	20150	19087	0.95	0	16
SCAF_380	20140	55587	2.76	0	131
SCAF_380_region	20140	55587	2.76	0	131
SCAF_381	20082	7359	0.37	0	7
SCAF_381_region	20082	7359	0.37	0	7
SCAF_382	20068	5214	0.26	0	14
SCAF_382_region	20068	5214	0.26	0	14
SCAF_383	20052	6006	0.30	0	6
SCAF_383_region	20052	6006	0.30	0	6
SCAF_384	20039	31417	1.57	0	9
SCAF_384_region	20039	31417	1.57	0	9
SCAF_385	20036	9656	0.48	0	20
SCAF_385_region	20036	9656	0.48	0	20
SCAF_386	20004	21427	1.07	0	19
SCAF_386_region	20004	21427	1.07	0	19
SCAF_387	19967	15052	0.75	0	12
SCAF_387_region	19967	15052	0.75	0	12
SCAF_388	19953	20929	1.05	0	13
SCAF_388_region	19953	20929	1.05	0	13
SCAF_389	19874	4392	0.22	0	13
SCAF_389_region	19874	4392	0.22	0	13
SCAF_390	19870	4364853	219.67	0	1914
SCAF_390_region	19870	4364853	219.67	0	1914
SCAF_391	19819	5224	0.26	0	20
SCAF_391_region	19819	5224	0.26	0	20
SCAF_392	19814	4802	0.24	0	18
SCAF_392_region	19814	4802	0.24	0	18
SCAF_393	19805	8379	0.42	0	7
SCAF_393_region	19805	8379	0.42	0	7
SCAF_394	19796	21591	1.09	0	10
SCAF_394_region	19796	21591	1.09	0	10
SCAF_395	19788	14338101	724.59	0	5223
SCAF_395_region	19788	14338101	724.59	0	5223
SCAF_396	19769	15197	0.77	0	8
SCAF_396_region	19769	15197	0.77	0	8
SCAF_397	19737	20996	1.06	0	11
SCAF_397_region	19737	20996	1.06	0	11
SCAF_398	19694	27123	1.38	0	12
SCAF_398_region	19694	27123	1.38	0	12
SCAF_399	19627	15022	0.77	0	11
SCAF_399_region	19627	15022	0.77	0	11
SCAF_400	19559	23796	1.22	0	15
SCAF_400_region	19559	23796	1.22	0	15
SCAF_401	19529	10720	0.55	0	26
SCAF_401_region	19529	10720	0.55	0	26
SCAF_402	19485	4197	0.22	0	8
SCAF_402_region	19485	4197	0.22	0	8
SCAF_403	19440	5609	0.29	0	8
SCAF_403_region	19440	5609	0.29	0	8
SCAF_404	19429	16739	0.86	0	16
SCAF_404_region	19429	16739	0.86	0	16
SCAF_405	19412	4459	0.23	0	13
SCAF_405_region	19412	4459	0.23	0	13
SCAF_406	19412	6941	0.36	0	14
SCAF_406_region	19412	6941	0.36	0	14
SCAF_407	19392	8351	0.43	0	15
SCAF_407_region	19392	8351	0.43	0	15
SCAF_408	19383	627	0.03	0	4
SCAF_408_region	19383	627	0.03	0	4
SCAF_409	19350	6310	0.33	0	15
SCAF_409_region	19350	6310	0.33	0	15
SCAF_410	19334	9839	0.51	0	10
SCAF_410_region	19334	9839	0.51	0	10
SCAF_411	19319	1536	0.08	0	3
SCAF_411_region	19319	1536	0.08	0	3
SCAF_412	19298	41539	2.15	0	33
SCAF_412_region	19298	41539	2.15	0	33
SCAF_413	19281	39603	2.05	0	22
SCAF_413_region	19281	39603	2.05	0	22
SCAF_414	19250	9183	0.48	0	8
SCAF_414_region	19250	9183	0.48	0	8
SCAF_415	19240	7715	0.40	0	8
SCAF_415_region	19240	7715	0.40	0	8
SCAF_416	19198	5714	0.30	0	8
SCAF_416_region	19198	5714	0.30	0	8
SCAF_417	19156	1944	0.10	0	37
SCAF_417_region	19156	1944	0.10	0	37
SCAF_418	19069	3995777	209.54	0	1204
SCAF_418_region	19069	3995777	209.54	0	1204
SCAF_419	19061	5273	0.28	0	9
SCAF_419_region	19061	5273	0.28	0	9
SCAF_420	19040	1991	0.10	0	13
SCAF_420_region	19040	1991	0.10	0	13
SCAF_421	19012	12088	0.64	0	5
SCAF_421_region	19012	12088	0.64	0	5
SCAF_422	18950	19060	1.01	0	9
SCAF_422_region	18950	19060	1.01	0	9
SCAF_423	18945	24770	1.31	0	51
SCAF_423_region	18945	24770	1.31	0	51
SCAF_424	18943	2334	0.12	0	6
SCAF_424_region	18943	2334	0.12	0	6
SCAF_425	18932	23170	1.22	0	14
SCAF_425_region	18932	23170	1.22	0	14
SCAF_426	18882	7304	0.39	0	23
SCAF_426_region	18882	7304	0.39	0	23
SCAF_427	18874	11132	0.59	0	11
SCAF_427_region	18874	11132	0.59	0	11
SCAF_428	18866	1972000	104.53	0	1098
SCAF_428_region	18866	1972000	104.53	0	1098
SCAF_429	18866	11208	0.59	0	16
SCAF_429_region	18866	11208	0.59	0	16
SCAF_430	18815	4509	0.24	0	7
SCAF_430_region	18815	4509	0.24	0	7
SCAF_431	18805	40580	2.16	0	9
SCAF_431_region	18805	40580	2.16	0	9
SCAF_432	18790	23426	1.25	0	14
SCAF_432_region	18790	23426	1.25	0	14
SCAF_433	18773	2049	0.11	0	14
SCAF_433_region	18773	2049	0.11	0	14
SCAF_434	18766	4436	0.24	0	6
SCAF_434_region	18766	4436	0.24	0	6
SCAF_435	18753	20929	1.12	0	9
SCAF_435_region	18753	20929	1.12	0	9
SCAF_436	18746	6587	0.35	0	6
SCAF_436_region	18746	6587	0.35	0	6
SCAF_437	18721	29016	1.55	0	14
SCAF_437_region	18721	29016	1.55	0	14
SCAF_438	18669	1788	0.10	0	15
SCAF_438_region	18669	1788	0.10	0	15
SCAF_439	18588	77915	4.19	0	226
SCAF_439_region	18588	77915	4.19	0	226
SCAF_440	18561	40455	2.18	0	293
SCAF_440_region	18561	40455	2.18	0	293
SCAF_441	18530	3860	0.21	0	6
SCAF_441_region	18530	3860	0.21	0	6
SCAF_442	18489	4716	0.26	0	7
SCAF_442_region	18489	4716	0.26	0	7
SCAF_443	18479	7059	0.38	0	20
SCAF_443_region	18479	7059	0.38	0	20
SCAF_444	18424	25148	1.36	0	22
SCAF_444_region	18424	25148	1.36	0	22
SCAF_445	18396	14094	0.77	0	26
SCAF_445_region	18396	14094	0.77	0	26
SCAF_446	18392	32927	1.79	0	13
SCAF_446_region	18392	32927	1.79	0	13
SCAF_447	18255	8162	0.45	0	7
SCAF_447_region	18255	8162	0.45	0	7
SCAF_448	18252	34554	1.89	0	12
SCAF_448_region	18252	34554	1.89	0	12
SCAF_449	18248	17531	0.96	0	9
SCAF_449_region	18248	17531	0.96	0	9
SCAF_450	18208	2214	0.12	0	18
SCAF_450_region	18208	2214	0.12	0	18
SCAF_451	18202	166038	9.12	0	180
SCAF_451_region	18202	166038	9.12	0	180
SCAF_452	18192	3239	0.18	0	9
SCAF_452_region	18192	3239	0.18	0	9
SCAF_453	18150	1421	0.08	0	16
SCAF_453_region	18150	1421	0.08	0	16
SCAF_454	18134	1920	0.11	0	6
SCAF_454_region	18134	1920	0.11	0	6
SCAF_455	18114	2794	0.15	0	60
SCAF_455_region	18114	2794	0.15	0	60
SCAF_456	18112	3192	0.18	0	3
SCAF_456_region	18112	3192	0.18	0	3
SCAF_457	18054	41109	2.28	0	10
SCAF_457_region	18054	41109	2.28	0	10
SCAF_458	18006	18645	1.04	0	6
SCAF_458_region	18006	18645	1.04	0	6
SCAF_459	18000	1565	0.09	0	12
SCAF_459_region	18000	1565	0.09	0	12
SCAF_460	17967	14214	0.79	0	9
SCAF_460_region	17967	14214	0.79	0	9
SCAF_461	17943	2696	0.15	0	5
SCAF_461_region	17943	2696	0.15	0	5
SCAF_462	17929	4111	0.23	0	91
SCAF_462_region	17929	4111	0.23	0	91
SCAF_463	17921	1093	0.06	0	17
SCAF_463_region	17921	1093	0.06	0	17
SCAF_464	17913	19386	1.08	0	11
SCAF_464_region	17913	19386	1.08	0	11
SCAF_465	17912	10008	0.56	0	44
SCAF_465_region	17912	10008	0.56	0	44
SCAF_466	17886	11466	0.64	0	5
SCAF_466_region	17886	11466	0.64	0	5
SCAF_467	17859	1058	0.06	0	5
SCAF_467_region	17859	1058	0.06	0	5
SCAF_468	17837	3476	0.19	0	27
SCAF_468_region	17837	3476	0.19	0	27
SCAF_469	17802	1308	0.07	0	15
SCAF_469_region	17802	1308	0.07	0	15
SCAF_470	17776	3130	0.18	0	6
SCAF_470_region	17776	3130	0.18	0	6
SCAF_471	17682	6358	0.36	0	7
SCAF_471_region	17682	6358	0.36	0	7
SCAF_472	17646	39286	2.23	0	14
SCAF_472_region	17646	39286	2.23	0	14
SCAF_473	17646	24039	1.36	0	13
SCAF_473_region	17646	24039	1.36	0	13
SCAF_474	17642	4723279	267.73	0	985
SCAF_474_region	17642	4723279	267.73	0	985
SCAF_475	17613	7331	0.42	0	60
SCAF_475_region	17613	7331	0.42	0	60
SCAF_476	17602	52848	3.00	0	414
SCAF_476_region	17602	52848	3.00	0	414
SCAF_477	17571	768	0.04	0	6
SCAF_477_region	17571	768	0.04	0	6
SCAF_478	17535	3077	0.18	0	5
SCAF_478_region	17535	3077	0.18	0	5
SCAF_479	17528	106483	6.08	0	208
SCAF_479_region	17528	106483	6.08	0	208
SCAF_480	17503	8393	0.48	0	7
SCAF_480_region	17503	8393	0.48	0	7
SCAF_481	17502	4903	0.28	0	10
SCAF_481_region	17502	4903	0.28	0	10
SCAF_482	17480	3896	0.22	0	14
SCAF_482_region	17480	3896	0.22	0	14
SCAF_483	17476	8424	0.48	0	11
SCAF_483_region	17476	8424	0.48	0	11
SCAF_484	17457	350414	20.07	0	1154
SCAF_484_region	17457	350414	20.07	0	1154
SCAF_485	17386	21222	1.22	0	16
SCAF_485_region	17386	21222	1.22	0	16
SCAF_486	17362	11479	0.66	0	5
SCAF_486_region	17362	11479	0.66	0	5
SCAF_487	17332	9517	0.55	0	14
SCAF_487_region	17332	9517	0.55	0	14
SCAF_488	17327	15899	0.92	0	5
SCAF_488_region	17327	15899	0.92	0	5
SCAF_489	17303	15329	0.89	0	7
SCAF_489_region	17303	15329	0.89	0	7
SCAF_490	17273	11155	0.65	0	8
SCAF_490_region	17273	11155	0.65	0	8
SCAF_491	17245	102936	5.97	0	144
SCAF_491_region	17245	102936	5.97	0	144
SCAF_492	17239	24253	1.41	0	11
SCAF_492_region	17239	24253	1.41	0	11
SCAF_493	17219	22658	1.32	0	7
SCAF_493_region	17219	22658	1.32	0	7
SCAF_494	17218	5665	0.33	0	6
SCAF_494_region	17218	5665	0.33	0	6
SCAF_495	17211	9281	0.54	0	15
SCAF_495_region	17211	9281	0.54	0	15
SCAF_496	17198	35312	2.05	0	273
SCAF_496_region	17198	35312	2.05	0	273
SCAF_497	17190	828	0.05	0	8
SCAF_497_region	17190	828	0.05	0	8
SCAF_498	17162	10470	0.61	0	7
SCAF_498_region	17162	10470	0.61	0	7
SCAF_499	17147	11170	0.65	0	7
SCAF_499_region	17147	11170	0.65	0	7
SCAF_500	17144	3181	0.19	0	4
SCAF_500_region	17144	3181	0.19	0	4
SCAF_501	17142	2430	0.14	0	4
SCAF_501_region	17142	2430	0.14	0	4
SCAF_502	17124	7547	0.44	0	21
SCAF_502_region	17124	7547	0.44	0	21
SCAF_503	17118	1532334	89.52	0	482
SCAF_503_region	17118	1532334	89.52	0	482
SCAF_504	17076	31067	1.82	0	21
SCAF_504_region	17076	31067	1.82	0	21
SCAF_505	17047	3070668	180.13	0	1215
SCAF_505_region	17047	3070668	180.13	0	1215
SCAF_506	17043	30727	1.80	0	108
SCAF_506_region	17043	30727	1.80	0	108
SCAF_507	17035	6905	0.41	0	23
SCAF_507_region	17035	6905	0.41	0	23
SCAF_508	17021	12108	0.71	0	10
SCAF_508_region	17021	12108	0.71	0	10
SCAF_509	16971	17426	1.03	0	9
SCAF_509_region	16971	17426	1.03	0	9
SCAF_510	16897	33688	1.99	0	26
SCAF_510_region	16897	33688	1.99	0	26
SCAF_511	16849	6770	0.40	0	5
SCAF_511_region	16849	6770	0.40	0	5
SCAF_512	16807	11692	0.70	0	10
SCAF_512_region	16807	11692	0.70	0	10
SCAF_513	16787	1411	0.08	0	14
SCAF_513_region	16787	1411	0.08	0	14
SCAF_514	16784	18385	1.10	0	20
SCAF_514_region	16784	18385	1.10	0	20
SCAF_515	16776	15734	0.94	0	22
SCAF_515_region	16776	15734	0.94	0	22
SCAF_516	16745	2043	0.12	0	16
SCAF_516_region	16745	2043	0.12	0	16
SCAF_517	16741	11395	0.68	0	6
SCAF_517_region	16741	11395	0.68	0	6
SCAF_518	16733	39426	2.36	0	11
SCAF_518_region	16733	39426	2.36	0	11
SCAF_519	16710	6243	0.37	0	13
SCAF_519_region	16710	6243	0.37	0	13
SCAF_520	16702	4839559	289.76	0	3026
SCAF_520_region	16702	4839559	289.76	0	3026
SCAF_521	16701	10778	0.65	0	5
SCAF_521_region	16701	10778	0.65	0	5
SCAF_522	16645	3491	0.21	0	86
SCAF_522_region	16645	3491	0.21	0	86
SCAF_523	16623	15096	0.91	0	9
SCAF_523_region	16623	15096	0.91	0	9
SCAF_524	16568	2303	0.14	0	5
SCAF_524_region	16568	2303	0.14	0	5
SCAF_525	16548	2518	0.15	0	3
SCAF_525_region	16548	2518	0.15	0	3
SCAF_526	16541	17947	1.09	0	11
SCAF_526_region	16541	17947	1.09	0	11
SCAF_527	16518	3810603	230.69	0	1194
SCAF_527_region	16518	3810603	230.69	0	1194
SCAF_528	16510	23950	1.45	0	56
SCAF_528_region	16510	23950	1.45	0	56
SCAF_529	16492	3070	0.19	0	7
SCAF_529_region	16492	3070	0.19	0	7
SCAF_530	16462	9879	0.60	0	8
SCAF_530_region	16462	9879	0.60	0	8
SCAF_531	16461	970	0.06	0	11
SCAF_531_region	16461	970	0.06	0	11
SCAF_532	16447	15476	0.94	0	10
SCAF_532_region	16447	15476	0.94	0	10
SCAF_533	16383	15926	0.97	0	13
SCAF_533_region	16383	15926	0.97	0	13
SCAF_534	16345	7531	0.46	0	17
SCAF_534_region	16345	7531	0.46	0	17
SCAF_535	16343	4473	0.27	0	10
SCAF_535_region	16343	4473	0.27	0	10
SCAF_536	16333	3678	0.23	0	4
SCAF_536_region	16333	3678	0.23	0	4
SCAF_537	16287	33152	2.04	0	14
SCAF_537_region	16287	33152	2.04	0	14
SCAF_538	16266	8864	0.54	0	14
SCAF_538_region	16266	8864	0.54	0	14
SCAF_539	16246	873	0.05	0	3
SCAF_539_region	16246	873	0.05	0	3
SCAF_540	16245	4834	0.30	0	7
SCAF_540_region	16245	4834	0.30	0	7
SCAF_541	16215	4604	0.28	0	5
SCAF_541_region	16215	4604	0.28	0	5
SCAF_542	16208	6044	0.37	0	4
SCAF_542_region	16208	6044	0.37	0	4
SCAF_543	16160	6086	0.38	0	44
SCAF_543_region	16160	6086	0.38	0	44
SCAF_544	16140	900	0.06	0	3
SCAF_544_region	16140	900	0.06	0	3
SCAF_545	16102	2339	0.15	0	8
SCAF_545_region	16102	2339	0.15	0	8
SCAF_546	16083	12789	0.80	0	17
SCAF_546_region	16083	12789	0.80	0	17
SCAF_547	16037	3616	0.23	0	9
SCAF_547_region	16037	3616	0.23	0	9
SCAF_548	16034	31653	1.97	0	561
SCAF_548_region	16034	31653	1.97	0	561
SCAF_549	16030	13423	0.84	0	12
SCAF_549_region	16030	13423	0.84	0	12
SCAF_550	16027	774	0.05	0	3
SCAF_550_region	16027	774	0.05	0	3
SCAF_551	15990	21833	1.37	0	22
SCAF_551_region	15990	21833	1.37	0	22
SCAF_552	15913	60482	3.80	0	49
SCAF_552_region	15913	60482	3.80	0	49
SCAF_553	15906	5042	0.32	0	32
SCAF_553_region	15906	5042	0.32	0	32
SCAF_554	15898	9329	0.59	0	15
SCAF_554_region	15898	9329	0.59	0	15
SCAF_555	15891	4873	0.31	0	4
SCAF_555_region	15891	4873	0.31	0	4
SCAF_556	15885	13552	0.85	0	8
SCAF_556_region	15885	13552	0.85	0	8
SCAF_557	15855	4753	0.30	0	6
SCAF_557_region	15855	4753	0.30	0	6
SCAF_558	15839	7785	0.49	0	9
SCAF_558_region	15839	7785	0.49	0	9
SCAF_559	15827	21007	1.33	0	7
SCAF_559_region	15827	21007	1.33	0	7
SCAF_560	15823	12397	0.78	0	23
SCAF_560_region	15823	12397	0.78	0	23
SCAF_561	15791	16268	1.03	0	7
SCAF_561_region	15791	16268	1.03	0	7
SCAF_562	15777	3097749	196.35	0	582
SCAF_562_region	15777	3097749	196.35	0	582
SCAF_563	15776	12454	0.79	0	8
SCAF_563_region	15776	12454	0.79	0	8
SCAF_564	15761	19707	1.25	0	100
SCAF_564_region	15761	19707	1.25	0	100
SCAF_565	15717	7201	0.46	0	11
SCAF_565_region	15717	7201	0.46	0	11
SCAF_566	15706	664	0.04	0	2
SCAF_566_region	15706	664	0.04	0	2
SCAF_567	15696	11091	0.71	0	9
SCAF_567_region	15696	11091	0.71	0	9
SCAF_568	15657	14366	0.92	0	7
SCAF_568_region	15657	14366	0.92	0	7
SCAF_569	15650	4766	0.30	0	10
SCAF_569_region	15650	4766	0.30	0	10
SCAF_570	15646	1218	0.08	0	8
SCAF_570_region	15646	1218	0.08	0	8
SCAF_571	15619	401	0.03	0	2
SCAF_571_region	15619	401	0.03	0	2
SCAF_572	15612	4415	0.28	0	8
SCAF_572_region	15612	4415	0.28	0	8
SCAF_573	15605	2715	0.17	0	4
SCAF_573_region	15605	2715	0.17	0	4
SCAF_574	15575	1971	0.13	0	3
SCAF_574_region	15575	1971	0.13	0	3
SCAF_575	15573	1760	0.11	0	7
SCAF_575_region	15573	1760	0.11	0	7
SCAF_576	15571	15602	1.00	0	27
SCAF_576_region	15571	15602	1.00	0	27
SCAF_577	15544	3589	0.23	0	15
SCAF_577_region	15544	3589	0.23	0	15
SCAF_578	15521	767	0.05	0	24
SCAF_578_region	15521	767	0.05	0	24
SCAF_579	15497	28514	1.84	0	165
SCAF_579_region	15497	28514	1.84	0	165
SCAF_580	15481	9457	0.61	0	23
SCAF_580_region	15481	9457	0.61	0	23
SCAF_581	15458	6814	0.44	0	7
SCAF_581_region	15458	6814	0.44	0	7
SCAF_582	15439	20384	1.32	0	16
SCAF_582_region	15439	20384	1.32	0	16
SCAF_583	15421	29762	1.93	0	13
SCAF_583_region	15421	29762	1.93	0	13
SCAF_584	15337	3596	0.23	0	17
SCAF_584_region	15337	3596	0.23	0	17
SCAF_585	15336	3252	0.21	0	12
SCAF_585_region	15336	3252	0.21	0	12
SCAF_586	15301	16391	1.07	0	11
SCAF_586_region	15301	16391	1.07	0	11
SCAF_587	15300	3139859	205.22	0	7693
SCAF_587_region	15300	3139859	205.22	0	7693
SCAF_588	15298	7403	0.48	0	18
SCAF_588_region	15298	7403	0.48	0	18
SCAF_589	15238	13095	0.86	0	9
SCAF_589_region	15238	13095	0.86	0	9
SCAF_590	15205	40172	2.64	0	12
SCAF_590_region	15205	40172	2.64	0	12
SCAF_591	15162	33899	2.24	0	14
SCAF_591_region	15162	33899	2.24	0	14
SCAF_592	15154	7987	0.53	0	10
SCAF_592_region	15154	7987	0.53	0	10
SCAF_593	15087	17984	1.19	0	15
SCAF_593_region	15087	17984	1.19	0	15
SCAF_594	15082	36699	2.43	0	16
SCAF_594_region	15082	36699	2.43	0	16
SCAF_595	15055	40817	2.71	0	16
SCAF_595_region	15055	40817	2.71	0	16
SCAF_596	15045	2513	0.17	0	20
SCAF_596_region	15045	2513	0.17	0	20
SCAF_597	15030	21918	1.46	0	10
SCAF_597_region	15030	21918	1.46	0	10
SCAF_598	15027	2408	0.16	0	5
SCAF_598_region	15027	2408	0.16	0	5
SCAF_599	15000	37331	2.49	0	24
SCAF_599_region	15000	37331	2.49	0	24
SCAF_600	14995	3852	0.26	0	15
SCAF_600_region	14995	3852	0.26	0	15
SCAF_601	14985	10949	0.73	0	28
SCAF_601_region	14985	10949	0.73	0	28
SCAF_602	14930	15111	1.01	0	7
SCAF_602_region	14930	15111	1.01	0	7
SCAF_603	14898	5378	0.36	0	6
SCAF_603_region	14898	5378	0.36	0	6
SCAF_604	14863	6214	0.42	0	17
SCAF_604_region	14863	6214	0.42	0	17
SCAF_605	14840	2403	0.16	0	15
SCAF_605_region	14840	2403	0.16	0	15
SCAF_606	14808	659	0.04	0	8
SCAF_606_region	14808	659	0.04	0	8
SCAF_607	14807	9953	0.67	0	11
SCAF_607_region	14807	9953	0.67	0	11
SCAF_608	14785	7092	0.48	0	6
SCAF_608_region	14785	7092	0.48	0	6
SCAF_609	14742	350800	23.80	0	388
SCAF_609_region	14742	350800	23.80	0	388
SCAF_610	14738	5154	0.35	0	9
SCAF_610_region	14738	5154	0.35	0	9
SCAF_611	14737	22142	1.50	0	11
SCAF_611_region	14737	22142	1.50	0	11
SCAF_612	14712	3907071	265.57	0	1059
SCAF_612_region	14712	3907071	265.57	0	1059
SCAF_613	14708	18204	1.24	0	24
SCAF_613_region	14708	18204	1.24	0	24
SCAF_614	14694	1720	0.12	0	20
SCAF_614_region	14694	1720	0.12	0	20
SCAF_615	14684	6524	0.44	0	27
SCAF_615_region	14684	6524	0.44	0	27
SCAF_616	14676	726	0.05	0	5
SCAF_616_region	14676	726	0.05	0	5
SCAF_617	14662	2812	0.19	0	5
SCAF_617_region	14662	2812	0.19	0	5
SCAF_618	14658	10457	0.71	0	5
SCAF_618_region	14658	10457	0.71	0	5
SCAF_619	14650	125063	8.54	0	742
SCAF_619_region	14650	125063	8.54	0	742
SCAF_620	14639	4996	0.34	0	7
SCAF_620_region	14639	4996	0.34	0	7
SCAF_621	14614	11545	0.79	0	10
SCAF_621_region	14614	11545	0.79	0	10
SCAF_622	14596	7709	0.53	0	10
SCAF_622_region	14596	7709	0.53	0	10
SCAF_623	14590	9782	0.67	0	10
SCAF_623_region	14590	9782	0.67	0	10
SCAF_624	14581	1116	0.08	0	8
SCAF_624_region	14581	1116	0.08	0	8
SCAF_625	14547	1333	0.09	0	3
SCAF_625_region	14547	1333	0.09	0	3
SCAF_626	14527	6009	0.41	0	16
SCAF_626_region	14527	6009	0.41	0	16
SCAF_627	14523	8520	0.59	0	7
SCAF_627_region	14523	8520	0.59	0	7
SCAF_628	14498	7482	0.52	0	9
SCAF_628_region	14498	7482	0.52	0	9
SCAF_629	14453	5050	0.35	0	20
SCAF_629_region	14453	5050	0.35	0	20
SCAF_630	14414	7163	0.50	0	5
SCAF_630_region	14414	7163	0.50	0	5
SCAF_631	14395	3199	0.22	0	14
SCAF_631_region	14395	3199	0.22	0	14
SCAF_632	14385	14622	1.02	0	12
SCAF_632_region	14385	14622	1.02	0	12
SCAF_633	14371	3408	0.24	0	7
SCAF_633_region	14371	3408	0.24	0	7
SCAF_634	14371	4147	0.29	0	7
SCAF_634_region	14371	4147	0.29	0	7
SCAF_635	14280	140152	9.81	0	169
SCAF_635_region	14280	140152	9.81	0	169
SCAF_636	14276	4569	0.32	0	8
SCAF_636_region	14276	4569	0.32	0	8
SCAF_637	14236	13084	0.92	0	9
SCAF_637_region	14236	13084	0.92	0	9
SCAF_638	14229	11018	0.77	0	8
SCAF_638_region	14229	11018	0.77	0	8
SCAF_639	14202	496	0.03	0	2
SCAF_639_region	14202	496	0.03	0	2
SCAF_640	14111	7301	0.52	0	6
SCAF_640_region	14111	7301	0.52	0	6
SCAF_641	14088	16011	1.14	0	7
SCAF_641_region	14088	16011	1.14	0	7
SCAF_642	14005	16213	1.16	0	8
SCAF_642_region	14005	16213	1.16	0	8
SCAF_643	13977	1248430	89.32	0	776
SCAF_643_region	13977	1248430	89.32	0	776
SCAF_644	13890	2064	0.15	0	4
SCAF_644_region	13890	2064	0.15	0	4
SCAF_645	13875	16139	1.16	0	10
SCAF_645_region	13875	16139	1.16	0	10
SCAF_646	13874	26864	1.94	0	9
SCAF_646_region	13874	26864	1.94	0	9
SCAF_647	13848	6084	0.44	0	6
SCAF_647_region	13848	6084	0.44	0	6
SCAF_648	13847	14252	1.03	0	53
SCAF_648_region	13847	14252	1.03	0	53
SCAF_649	13838	9440	0.68	0	8
SCAF_649_region	13838	9440	0.68	0	8
SCAF_650	13812	3560	0.26	0	5
SCAF_650_region	13812	3560	0.26	0	5
SCAF_651	13758	28008	2.04	0	9
SCAF_651_region	13758	28008	2.04	0	9
SCAF_652	13727	4578	0.33	0	15
SCAF_652_region	13727	4578	0.33	0	15
SCAF_653	13703	2119	0.15	0	5
SCAF_653_region	13703	2119	0.15	0	5
SCAF_654	13701	225	0.02	0	3
SCAF_654_region	13701	225	0.02	0	3
SCAF_655	13677	635	0.05	0	4
SCAF_655_region	13677	635	0.05	0	4
SCAF_656	13622	12750	0.94	0	7
SCAF_656_region	13622	12750	0.94	0	7
SCAF_657	13584	1700	0.13	0	16
SCAF_657_region	13584	1700	0.13	0	16
SCAF_658	13583	10053	0.74	0	9
SCAF_658_region	13583	10053	0.74	0	9
SCAF_659	13535	12652	0.93	0	6
SCAF_659_region	13535	12652	0.93	0	6
SCAF_660	13535	585	0.04	0	3
SCAF_660_region	13535	585	0.04	0	3
SCAF_661	13499	4728	0.35	0	10
SCAF_661_region	13499	4728	0.35	0	10
SCAF_662	13464	1198	0.09	0	2
SCAF_662_region	13464	1198	0.09	0	2
SCAF_663	13438	8845	0.66	0	7
SCAF_663_region	13438	8845	0.66	0	7
SCAF_664	13385	3072092	229.52	0	1042
SCAF_664_region	13385	3072092	229.52	0	1042
SCAF_665	13357	384	0.03	0	2
SCAF_665_region	13357	384	0.03	0	2
SCAF_666	13330	7596	0.57	0	19
SCAF_666_region	13330	7596	0.57	0	19
SCAF_667	13327	5274	0.40	0	10
SCAF_667_region	13327	5274	0.40	0	10
SCAF_668	13319	4895	0.37	0	4
SCAF_668_region	13319	4895	0.37	0	4
SCAF_669	13303	20638	1.55	0	23
SCAF_669_region	13303	20638	1.55	0	23
SCAF_670	13293	14707	1.11	0	16
SCAF_670_region	13293	14707	1.11	0	16
SCAF_671	13288	20818	1.57	0	19
SCAF_671_region	13288	20818	1.57	0	19
SCAF_672	13266	5329	0.40	0	5
SCAF_672_region	13266	5329	0.40	0	5
SCAF_673	13189	32775	2.49	0	136
SCAF_673_region	13189	32775	2.49	0	136
SCAF_674	13149	19754	1.50	0	9
SCAF_674_region	13149	19754	1.50	0	9
SCAF_675	13128	9338	0.71	0	11
SCAF_675_region	13128	9338	0.71	0	11
SCAF_676	13120	11742	0.89	0	5
SCAF_676_region	13120	11742	0.89	0	5
SCAF_677	13080	90815	6.94	0	662
SCAF_677_region	13080	90815	6.94	0	662
SCAF_678	13050	2609	0.20	0	16
SCAF_678_region	13050	2609	0.20	0	16
SCAF_679	13043	2894	0.22	0	7
SCAF_679_region	13043	2894	0.22	0	7
SCAF_680	13008	4213	0.32	0	12
SCAF_680_region	13008	4213	0.32	0	12
SCAF_681	13001	2404	0.18	0	9
SCAF_681_region	13001	2404	0.18	0	9
SCAF_682	12997	27484	2.11	0	10
SCAF_682_region	12997	27484	2.11	0	10
SCAF_683	12986	6981	0.54	0	18
SCAF_683_region	12986	6981	0.54	0	18
SCAF_684	12871	2608	0.20	0	5
SCAF_684_region	12871	2608	0.20	0	5
SCAF_685	12842	2173	0.17	0	15
SCAF_685_region	12842	2173	0.17	0	15
SCAF_686	12830	2133	0.17	0	20
SCAF_686_region	12830	2133	0.17	0	20
SCAF_687	12781	7987	0.62	0	23
SCAF_687_region	12781	7987	0.62	0	23
SCAF_688	12768	15893	1.24	0	12
SCAF_688_region	12768	15893	1.24	0	12
SCAF_689	12768	9068	0.71	0	30
SCAF_689_region	12768	9068	0.71	0	30
SCAF_690	12764	2706	0.21	0	4
SCAF_690_region	12764	2706	0.21	0	4
SCAF_691	12677	3145	0.25	0	15
SCAF_691_region	12677	3145	0.25	0	15
SCAF_692	12675	802	0.06	0	3
SCAF_692_region	12675	802	0.06	0	3
SCAF_693	12651	1600	0.13	0	4
SCAF_693_region	12651	1600	0.13	0	4
SCAF_694	12646	2620	0.21	0	4
SCAF_694_region	12646	2620	0.21	0	4
SCAF_695	12643	21630	1.71	0	7
SCAF_695_region	12643	21630	1.71	0	7
SCAF_696	12633	5095	0.40	0	12
SCAF_696_region	12633	5095	0.40	0	12
SCAF_697	12625	8906	0.71	0	13
SCAF_697_region	12625	8906	0.71	0	13
SCAF_698	12617	10323	0.82	0	14
SCAF_698_region	12617	10323	0.82	0	14
SCAF_699	12540	3355	0.27	0	7
SCAF_699_region	12540	3355	0.27	0	7
SCAF_700	12515	687	0.05	0	16
SCAF_700_region	12515	687	0.05	0	16
SCAF_701	12482	470	0.04	0	2
SCAF_701_region	12482	470	0.04	0	2
SCAF_702	12461	3080	0.25	0	7
SCAF_702_region	12461	3080	0.25	0	7
SCAF_703	12456	14529	1.17	0	13
SCAF_703_region	12456	14529	1.17	0	13
SCAF_704	12456	1973	0.16	0	4
SCAF_704_region	12456	1973	0.16	0	4
SCAF_705	12358	4795	0.39	0	11
SCAF_705_region	12358	4795	0.39	0	11
SCAF_706	12350	32610	2.64	0	11
SCAF_706_region	12350	32610	2.64	0	11
SCAF_707	12343	4681	0.38	0	23
SCAF_707_region	12343	4681	0.38	0	23
SCAF_708	12333	389	0.03	0	3
SCAF_708_region	12333	389	0.03	0	3
SCAF_709	12319	2553993	207.32	0	1163
SCAF_709_region	12319	2553993	207.32	0	1163
SCAF_710	12288	2722	0.22	0	3
SCAF_710_region	12288	2722	0.22	0	3
SCAF_711	12252	35333	2.88	0	12
SCAF_711_region	12252	35333	2.88	0	12
SCAF_712	12218	276704	22.65	0	740
SCAF_712_region	12218	276704	22.65	0	740
SCAF_713	12177	33316	2.74	0	11
SCAF_713_region	12177	33316	2.74	0	11
SCAF_714	12167	3600	0.30	0	13
SCAF_714_region	12167	3600	0.30	0	13
SCAF_715	12163	3537	0.29	0	7
SCAF_715_region	12163	3537	0.29	0	7
SCAF_716	12143	7509	0.62	0	4
SCAF_716_region	12143	7509	0.62	0	4
SCAF_717	12102	2346	0.19	0	12
SCAF_717_region	12102	2346	0.19	0	12
SCAF_718	12099	5456	0.45	0	7
SCAF_718_region	12099	5456	0.45	0	7
SCAF_719	12095	3432	0.28	0	6
SCAF_719_region	12095	3432	0.28	0	6
SCAF_720	12085	3940	0.33	0	7
SCAF_720_region	12085	3940	0.33	0	7
SCAF_721	12078	2355	0.19	0	6
SCAF_721_region	12078	2355	0.19	0	6
SCAF_722	12066	17466	1.45	0	9
SCAF_722_region	12066	17466	1.45	0	9
SCAF_723	12015	12777	1.06	0	6
SCAF_723_region	12015	12777	1.06	0	6
SCAF_724	12004	1920	0.16	0	5
SCAF_724_region	12004	1920	0.16	0	5
SCAF_725	11949	3699	0.31	0	11
SCAF_725_region	11949	3699	0.31	0	11
SCAF_726	11911	925	0.08	0	12
SCAF_726_region	11911	925	0.08	0	12
SCAF_727	11900	988	0.08	0	4
SCAF_727_region	11900	988	0.08	0	4
SCAF_728	11869	6953	0.59	0	8
SCAF_728_region	11869	6953	0.59	0	8
SCAF_729	11788	37402	3.17	0	13
SCAF_729_region	11788	37402	3.17	0	13
SCAF_730	11785	7702	0.65	0	17
SCAF_730_region	11785	7702	0.65	0	17
SCAF_731	11750	14222	1.21	0	8
SCAF_731_region	11750	14222	1.21	0	8
SCAF_732	11699	1191	0.10	0	17
SCAF_732_region	11699	1191	0.10	0	17
SCAF_733	11674	3087	0.26	0	8
SCAF_733_region	11674	3087	0.26	0	8
SCAF_734	11658	4552	0.39	0	7
SCAF_734_region	11658	4552	0.39	0	7
SCAF_735	11648	23512	2.02	0	9
SCAF_735_region	11648	23512	2.02	0	9
SCAF_736	11642	9646	0.83	0	5
SCAF_736_region	11642	9646	0.83	0	5
SCAF_737	11612	726	0.06	0	16
SCAF_737_region	11612	726	0.06	0	16
SCAF_738	11595	355	0.03	0	3
SCAF_738_region	11595	355	0.03	0	3
SCAF_739	11525	43332	3.76	0	313
SCAF_739_region	11525	43332	3.76	0	313
SCAF_740	11505	12299	1.07	0	9
SCAF_740_region	11505	12299	1.07	0	9
SCAF_741	11492	1130	0.10	0	11
SCAF_741_region	11492	1130	0.10	0	11
SCAF_742	11467	9291555	810.29	0	3643
SCAF_742_region	11467	9291555	810.29	0	3643
SCAF_743	11404	256	0.02	0	2
SCAF_743_region	11404	256	0.02	0	2
SCAF_744	11377	2871	0.25	0	5
SCAF_744_region	11377	2871	0.25	0	5
SCAF_745	11364	9121	0.80	0	10
SCAF_745_region	11364	9121	0.80	0	10
SCAF_746	11318	679	0.06	0	3
SCAF_746_region	11318	679	0.06	0	3
SCAF_747	11311	61055	5.40	0	272
SCAF_747_region	11311	61055	5.40	0	272
SCAF_748	11306	2689	0.24	0	4
SCAF_748_region	11306	2689	0.24	0	4
SCAF_749	11299	6956	0.62	0	7
SCAF_749_region	11299	6956	0.62	0	7
SCAF_750	11284	2096	0.19	0	6
SCAF_750_region	11284	2096	0.19	0	6
SCAF_751	11276	1696	0.15	0	10
SCAF_751_region	11276	1696	0.15	0	10
SCAF_752	11267	1381	0.12	0	4
SCAF_752_region	11267	1381	0.12	0	4
SCAF_753	11254	4475	0.40	0	9
SCAF_753_region	11254	4475	0.40	0	9
SCAF_754	11236	3273	0.29	0	11
SCAF_754_region	11236	3273	0.29	0	11
SCAF_755	11231	880	0.08	0	3
SCAF_755_region	11231	880	0.08	0	3
SCAF_756	11200	14713	1.31	0	7
SCAF_756_region	11200	14713	1.31	0	7
SCAF_757	11195	6779	0.61	0	15
SCAF_757_region	11195	6779	0.61	0	15
SCAF_758	11126	1569	0.14	0	3
SCAF_758_region	11126	1569	0.14	0	3
SCAF_759	11118	9296	0.84	0	7
SCAF_759_region	11118	9296	0.84	0	7
SCAF_760	11100	3561	0.32	0	6
SCAF_760_region	11100	3561	0.32	0	6
SCAF_761	11097	1822	0.16	0	5
SCAF_761_region	11097	1822	0.16	0	5
SCAF_762	11029	1484	0.13	0	25
SCAF_762_region	11029	1484	0.13	0	25
SCAF_763	11019	8538	0.77	0	8
SCAF_763_region	11019	8538	0.77	0	8
SCAF_764	10979	4094	0.37	0	53
SCAF_764_region	10979	4094	0.37	0	53
SCAF_765	10957	210	0.02	0	1
SCAF_765_region	10957	210	0.02	0	1
SCAF_766	10940	7366	0.67	0	24
SCAF_766_region	10940	7366	0.67	0	24
SCAF_767	10913	1930	0.18	0	12
SCAF_767_region	10913	1930	0.18	0	12
SCAF_768	10886	10078	0.93	0	7
SCAF_768_region	10886	10078	0.93	0	7
SCAF_769	10867	1438	0.13	0	3
SCAF_769_region	10867	1438	0.13	0	3
SCAF_770	10816	2227	0.21	0	33
SCAF_770_region	10816	2227	0.21	0	33
SCAF_771	10810	737	0.07	0	2
SCAF_771_region	10810	737	0.07	0	2
SCAF_772	10709	3030	0.28	0	10
SCAF_772_region	10709	3030	0.28	0	10
SCAF_773	10688	197152	18.45	0	480
SCAF_773_region	10688	197152	18.45	0	480
SCAF_774	10648	7049	0.66	0	10
SCAF_774_region	10648	7049	0.66	0	10
SCAF_775	10642	571	0.05	0	10
SCAF_775_region	10642	571	0.05	0	10
SCAF_776	10612	2261	0.21	0	36
SCAF_776_region	10612	2261	0.21	0	36
SCAF_777	10608	19612	1.85	0	8
SCAF_777_region	10608	19612	1.85	0	8
SCAF_778	10604	6185	0.58	0	19
SCAF_778_region	10604	6185	0.58	0	19
SCAF_779	10578	3236	0.31	0	6
SCAF_779_region	10578	3236	0.31	0	6
SCAF_780	10571	327	0.03	0	2
SCAF_780_region	10571	327	0.03	0	2
SCAF_781	10511	978	0.09	0	3
SCAF_781_region	10511	978	0.09	0	3
SCAF_782	10492	600	0.06	0	14
SCAF_782_region	10492	600	0.06	0	14
SCAF_783	10421	7934	0.76	0	5
SCAF_783_region	10421	7934	0.76	0	5
SCAF_784	10379	18628	1.79	0	9
SCAF_784_region	10379	18628	1.79	0	9
SCAF_785	10337	5895	0.57	0	17
SCAF_785_region	10337	5895	0.57	0	17
SCAF_786	10326	10919	1.06	0	13
SCAF_786_region	10326	10919	1.06	0	13
SCAF_787	10326	1519	0.15	0	13
SCAF_787_region	10326	1519	0.15	0	13
SCAF_788	10316	1302	0.13	0	13
SCAF_788_region	10316	1302	0.13	0	13
SCAF_789	10256	275	0.03	0	2
SCAF_789_region	10256	275	0.03	0	2
SCAF_790	10228	1856	0.18	0	6
SCAF_790_region	10228	1856	0.18	0	6
SCAF_791	10185	9989	0.98	0	15
SCAF_791_region	10185	9989	0.98	0	15
SCAF_792	10184	11246	1.10	0	31
SCAF_792_region	10184	11246	1.10	0	31
SCAF_793	10160	4815	0.47	0	4
SCAF_793_region	10160	4815	0.47	0	4
SCAF_794	10147	458	0.05	0	2
SCAF_794_region	10147	458	0.05	0	2
SCAF_795	10110	1337	0.13	0	5
SCAF_795_region	10110	1337	0.13	0	5
SCAF_796	10045	258	0.03	0	3
SCAF_796_region	10045	258	0.03	0	3
SCAF_797	10015	8232	0.82	0	24
SCAF_797_region	10015	8232	0.82	0	24
SCAF_798	10012	12146	1.21	0	8
SCAF_798_region	10012	12146	1.21	0	8
SCAF_799	9978	6352	0.64	0	5
SCAF_799_region	9978	6352	0.64	0	5
SCAF_800	9947	38661	3.89	0	131
SCAF_800_region	9947	38661	3.89	0	131
SCAF_801	9941	4782	0.48	0	10
SCAF_801_region	9941	4782	0.48	0	10
SCAF_802	9910	256	0.03	0	2
SCAF_802_region	9910	256	0.03	0	2
SCAF_803	9879	5382	0.54	0	5
SCAF_803_region	9879	5382	0.54	0	5
SCAF_804	9861	4834	0.49	0	6
SCAF_804_region	9861	4834	0.49	0	6
SCAF_805	9859	480	0.05	0	4
SCAF_805_region	9859	480	0.05	0	4
SCAF_806	9855	9209	0.93	0	5
SCAF_806_region	9855	9209	0.93	0	5
SCAF_807	9792	7958	0.81	0	25
SCAF_807_region	9792	7958	0.81	0	25
SCAF_808	9784	4513	0.46	0	4
SCAF_808_region	9784	4513	0.46	0	4
SCAF_809	9773	9734	1.00	0	7
SCAF_809_region	9773	9734	1.00	0	7
SCAF_810	9756	610	0.06	0	2
SCAF_810_region	9756	610	0.06	0	2
SCAF_811	9753	16246	1.67	0	147
SCAF_811_region	9753	16246	1.67	0	147
SCAF_812	9719	406	0.04	0	4
SCAF_812_region	9719	406	0.04	0	4
SCAF_813	9715	5287	0.54	0	12
SCAF_813_region	9715	5287	0.54	0	12
SCAF_814	9708	9941	1.02	0	11
SCAF_814_region	9708	9941	1.02	0	11
SCAF_815	9700	2806	0.29	0	6
SCAF_815_region	9700	2806	0.29	0	6
SCAF_816	9673	775	0.08	0	3
SCAF_816_region	9673	775	0.08	0	3
SCAF_817	9638	8007	0.83	0	7
SCAF_817_region	9638	8007	0.83	0	7
SCAF_818	9601	8636	0.90	0	13
SCAF_818_region	9601	8636	0.90	0	13
SCAF_819	9601	5767	0.60	0	13
SCAF_819_region	9601	5767	0.60	0	13
SCAF_820	9550	98025	10.26	0	112
SCAF_820_region	9550	98025	10.26	0	112
SCAF_821	9533	3091	0.32	0	4
SCAF_821_region	9533	3091	0.32	0	4
SCAF_822	9498	3950	0.42	0	10
SCAF_822_region	9498	3950	0.42	0	10
SCAF_823	9466	2494356	263.51	0	1070
SCAF_823_region	9466	2494356	263.51	0	1070
SCAF_824	9457	1961	0.21	0	73
SCAF_824_region	9457	1961	0.21	0	73
SCAF_825	9446	1065	0.11	0	14
SCAF_825_region	9446	1065	0.11	0	14
SCAF_826	9385	11570	1.23	0	6
SCAF_826_region	9385	11570	1.23	0	6
SCAF_827	9376	2809	0.30	0	6
SCAF_827_region	9376	2809	0.30	0	6
SCAF_828	9365	440	0.05	0	3
SCAF_828_region	9365	440	0.05	0	3
SCAF_829	9320	1879	0.20	0	3
SCAF_829_region	9320	1879	0.20	0	3
SCAF_830	9303	1678	0.18	0	6
SCAF_830_region	9303	1678	0.18	0	6
SCAF_831	9295	1549	0.17	0	3
SCAF_831_region	9295	1549	0.17	0	3
SCAF_832	9282	3728	0.40	0	8
SCAF_832_region	9282	3728	0.40	0	8
SCAF_833	9263	902	0.10	0	20
SCAF_833_region	9263	902	0.10	0	20
SCAF_834	9159	291161	31.79	0	1519
SCAF_834_region	9159	291161	31.79	0	1519
SCAF_835	9159	11280	1.23	0	11
SCAF_835_region	9159	11280	1.23	0	11
SCAF_836	9157	4340	0.47	0	7
SCAF_836_region	9157	4340	0.47	0	7
SCAF_837	9095	965	0.11	0	21
SCAF_837_region	9095	965	0.11	0	21
SCAF_838	9078	4303	0.47	0	6
SCAF_838_region	9078	4303	0.47	0	6
SCAF_839	9057	5955	0.66	0	7
SCAF_839_region	9057	5955	0.66	0	7
SCAF_840	9014	2551	0.28	0	5
SCAF_840_region	9014	2551	0.28	0	5
SCAF_841	8986	11028	1.23	0	23
SCAF_841_region	8986	11028	1.23	0	23
SCAF_842	8986	1743	0.19	0	15
SCAF_842_region	8986	1743	0.19	0	15
SCAF_843	8952	500	0.06	0	2
SCAF_843_region	8952	500	0.06	0	2
SCAF_844	8935	123277	13.80	0	582
SCAF_844_region	8935	123277	13.80	0	582
SCAF_845	8927	22079	2.47	0	27
SCAF_845_region	8927	22079	2.47	0	27
SCAF_846	8908	109827	12.33	0	273
SCAF_846_region	8908	109827	12.33	0	273
SCAF_847	8868	3615	0.41	0	12
SCAF_847_region	8868	3615	0.41	0	12
SCAF_848	8867	718	0.08	0	5
SCAF_848_region	8867	718	0.08	0	5
SCAF_849	8825	5307	0.60	0	13
SCAF_849_region	8825	5307	0.60	0	13
SCAF_850	8771	867	0.10	0	8
SCAF_850_region	8771	867	0.10	0	8
SCAF_851	8703	6012	0.69	0	6
SCAF_851_region	8703	6012	0.69	0	6
SCAF_852	8695	442	0.05	0	4
SCAF_852_region	8695	442	0.05	0	4
SCAF_853	8662	128	0.01	0	1
SCAF_853_region	8662	128	0.01	0	1
SCAF_854	8634	847	0.10	0	14
SCAF_854_region	8634	847	0.10	0	14
SCAF_855	8630	265	0.03	0	2
SCAF_855_region	8630	265	0.03	0	2
SCAF_856	8617	3592476	416.91	0	2241
SCAF_856_region	8617	3592476	416.91	0	2241
SCAF_857	8469	8221	0.97	0	8
SCAF_857_region	8469	8221	0.97	0	8
SCAF_858	8431	520	0.06	0	6
SCAF_858_region	8431	520	0.06	0	6
SCAF_859	8397	280	0.03	0	1
SCAF_859_region	8397	280	0.03	0	1
SCAF_860	8390	777	0.09	0	11
SCAF_860_region	8390	777	0.09	0	11
SCAF_861	8357	1311	0.16	0	3
SCAF_861_region	8357	1311	0.16	0	3
SCAF_862	8342	5198340	623.15	0	7958
SCAF_862_region	8342	5198340	623.15	0	7958
SCAF_863	8337	735	0.09	0	5
SCAF_863_region	8337	735	0.09	0	5
SCAF_864	8258	2342	0.28	0	5
SCAF_864_region	8258	2342	0.28	0	5
SCAF_865	8103	337	0.04	0	1
SCAF_865_region	8103	337	0.04	0	1
SCAF_866	8034	322	0.04	0	2
SCAF_866_region	8034	322	0.04	0	2
SCAF_867	8027	3563	0.44	0	9
SCAF_867_region	8027	3563	0.44	0	9
SCAF_868	8017	4553	0.57	0	6
SCAF_868_region	8017	4553	0.57	0	6
SCAF_869	8015	982	0.12	0	13
SCAF_869_region	8015	982	0.12	0	13
SCAF_870	8015	4235	0.53	0	4
SCAF_870_region	8015	4235	0.53	0	4
SCAF_871	8000	556	0.07	0	6
SCAF_871_region	8000	556	0.07	0	6
SCAF_872	7790	1453	0.19	0	3
SCAF_872_region	7790	1453	0.19	0	3
SCAF_873	7773	241	0.03	0	2
SCAF_873_region	7773	241	0.03	0	2
SCAF_874	7763	10450	1.35	0	9
SCAF_874_region	7763	10450	1.35	0	9
SCAF_875	7721	580	0.08	0	5
SCAF_875_region	7721	580	0.08	0	5
SCAF_876	7701	7199	0.93	0	6
SCAF_876_region	7701	7199	0.93	0	6
SCAF_877	7680	452	0.06	0	4
SCAF_877_region	7680	452	0.06	0	4
SCAF_878	7622	1372	0.18	0	3
SCAF_878_region	7622	1372	0.18	0	3
SCAF_879	7582	835	0.11	0	6
SCAF_879_region	7582	835	0.11	0	6
SCAF_880	7559	8868	1.17	0	12
SCAF_880_region	7559	8868	1.17	0	12
SCAF_881	7416	189920	25.61	0	1239
SCAF_881_region	7416	189920	25.61	0	1239
SCAF_882	7394	9415	1.27	0	7
SCAF_882_region	7394	9415	1.27	0	7
SCAF_883	7363	584	0.08	0	2
SCAF_883_region	7363	584	0.08	0	2
SCAF_884	7338	6220	0.85	0	5
SCAF_884_region	7338	6220	0.85	0	5
SCAF_885	7324	425	0.06	0	3
SCAF_885_region	7324	425	0.06	0	3
SCAF_886	7276	262	0.04	0	1
SCAF_886_region	7276	262	0.04	0	1
SCAF_887	7242	1312	0.18	0	3
SCAF_887_region	7242	1312	0.18	0	3
SCAF_888	7231	1054	0.15	0	5
SCAF_888_region	7231	1054	0.15	0	5
SCAF_889	7198	359	0.05	0	3
SCAF_889_region	7198	359	0.05	0	3
SCAF_890	7142	1945	0.27	0	19
SCAF_890_region	7142	1945	0.27	0	19
SCAF_891	7028	2975	0.42	0	10
SCAF_891_region	7028	2975	0.42	0	10
SCAF_892	7025	4989	0.71	0	9
SCAF_892_region	7025	4989	0.71	0	9
SCAF_893	7015	1572	0.22	0	4
SCAF_893_region	7015	1572	0.22	0	4
SCAF_894	6958	6578	0.95	0	7
SCAF_894_region	6958	6578	0.95	0	7
SCAF_895	6948	2090	0.30	0	6
SCAF_895_region	6948	2090	0.30	0	6
SCAF_896	6829	1483705	217.27	0	915
SCAF_896_region	6829	1483705	217.27	0	915
SCAF_897	6804	1337	0.20	0	24
SCAF_897_region	6804	1337	0.20	0	24
SCAF_898	6754	1258222	186.29	0	3673
SCAF_898_region	6754	1258222	186.29	0	3673
SCAF_899	6732	5659	0.84	0	21
SCAF_899_region	6732	5659	0.84	0	21
SCAF_900	6698	4089	0.61	0	14
SCAF_900_region	6698	4089	0.61	0	14
SCAF_901	6642	537	0.08	0	2
SCAF_901_region	6642	537	0.08	0	2
SCAF_902	6588	7394	1.12	0	6
SCAF_902_region	6588	7394	1.12	0	6
SCAF_903	6549	15298	2.34	0	7
SCAF_903_region	6549	15298	2.34	0	7
SCAF_904	6496	6485	1.00	0	9
SCAF_904_region	6496	6485	1.00	0	9
SCAF_905	6483	137	0.02	0	2
SCAF_905_region	6483	137	0.02	0	2
SCAF_906	6367	220	0.03	0	2
SCAF_906_region	6367	220	0.03	0	2
SCAF_907	6367	8701	1.37	0	17
SCAF_907_region	6367	8701	1.37	0	17
SCAF_908	6228	224854	36.10	0	289
SCAF_908_region	6228	224854	36.10	0	289
SCAF_909	6173	2110	0.34	0	4
SCAF_909_region	6173	2110	0.34	0	4
SCAF_910	6170	640	0.10	0	14
SCAF_910_region	6170	640	0.10	0	14
SCAF_911	6077	4697	0.77	0	6
SCAF_911_region	6077	4697	0.77	0	6
SCAF_912	6073	12217	2.01	0	13
SCAF_912_region	6073	12217	2.01	0	13
SCAF_913	6059	1032897	170.47	0	1552
SCAF_913_region	6059	1032897	170.47	0	1552
SCAF_914	6001	6672	1.11	0	5
SCAF_914_region	6001	6672	1.11	0	5
SCAF_915	5869	219308	37.37	0	541
SCAF_915_region	5869	219308	37.37	0	541
SCAF_916	5803	4810	0.83	0	15
SCAF_916_region	5803	4810	0.83	0	15
SCAF_917	5661	4207	0.74	0	6
SCAF_917_region	5661	4207	0.74	0	6
SCAF_918	5277	3563	0.68	0	8
SCAF_918_region	5277	3563	0.68	0	8
total	51514314	3540795495	68.73	0	223249
total_region	51514314	3540795495	68.73	0	223249
