chrom	length	bases	mean	min	max
SCAF_1	5574741	108145538	19.40	0	1707
SCAF_1_region	5574741	108145538	19.40	0	1707
SCAF_2	4079479	82274015	20.17	0	1638
SCAF_2_region	4079479	82274015	20.17	0	1638
SCAF_3	3666439	80868311	22.06	0	2943
SCAF_3_region	3666439	80868311	22.06	0	2943
SCAF_4	2601389	63139975	24.27	0	1812
SCAF_4_region	2601389	63139975	24.27	0	1812
SCAF_5	2032088	40764265	20.06	0	3314
SCAF_5_region	2032088	40764265	20.06	0	3314
SCAF_6	1976889	43292598	21.90	0	1523
SCAF_6_region	1976889	43292598	21.90	0	1523
SCAF_7	1932263	38252364	19.80	0	1265
SCAF_7_region	1932263	38252364	19.80	0	1265
SCAF_8	1669080	29380933	17.60	0	931
SCAF_8_region	1669080	29380933	17.60	0	931
SCAF_9	1646134	32365688	19.66	0	1587
SCAF_9_region	1646134	32365688	19.66	0	1587
SCAF_10	1570817	29687631	18.90	0	570
SCAF_10_region	1570817	29687631	18.90	0	570
SCAF_11	1437752	29388175	20.44	0	1017
SCAF_11_region	1437752	29388175	20.44	0	1017
SCAF_12	978195	26179825	26.76	0	100610
SCAF_12_region	978195	26179825	26.76	0	100610
SCAF_13	598471	2605571	4.35	0	1533
SCAF_13_region	598471	2605571	4.35	0	1533
SCAF_14	247525	66769938	269.75	0	3801
SCAF_14_region	247525	66769938	269.75	0	3801
SCAF_15	224905	20542	0.09	0	166
SCAF_15_region	224905	20542	0.09	0	166
SCAF_16	181804	2973926	16.36	0	3081
SCAF_16_region	181804	2973926	16.36	0	3081
SCAF_17	176395	11777	0.07	0	12
SCAF_17_region	176395	11777	0.07	0	12
SCAF_18	160122	7367	0.05	0	31
SCAF_18_region	160122	7367	0.05	0	31
SCAF_19	139354	4826	0.03	0	12
SCAF_19_region	139354	4826	0.03	0	12
SCAF_20	131876	10469	0.08	0	159
SCAF_20_region	131876	10469	0.08	0	159
SCAF_21	130124	209598	1.61	0	302
SCAF_21_region	130124	209598	1.61	0	302
SCAF_22	121580	8148	0.07	0	10
SCAF_22_region	121580	8148	0.07	0	10
SCAF_23	117381	5940	0.05	0	21
SCAF_23_region	117381	5940	0.05	0	21
SCAF_24	115879	11149	0.10	0	229
SCAF_24_region	115879	11149	0.10	0	229
SCAF_25	115495	16181	0.14	0	466
SCAF_25_region	115495	16181	0.14	0	466
SCAF_26	113072	5707	0.05	0	8
SCAF_26_region	113072	5707	0.05	0	8
SCAF_27	110609	1532677	13.86	0	1686
SCAF_27_region	110609	1532677	13.86	0	1686
SCAF_28	109542	4263	0.04	0	9
SCAF_28_region	109542	4263	0.04	0	9
SCAF_29	108319	1804918	16.66	0	663
SCAF_29_region	108319	1804918	16.66	0	663
SCAF_30	107902	230493	2.14	0	222
SCAF_30_region	107902	230493	2.14	0	222
SCAF_31	106626	128422	1.20	0	374
SCAF_31_region	106626	128422	1.20	0	374
SCAF_32	102192	191091	1.87	0	568
SCAF_32_region	102192	191091	1.87	0	568
SCAF_33	98221	7849	0.08	0	11
SCAF_33_region	98221	7849	0.08	0	11
SCAF_34	97882	6954	0.07	0	13
SCAF_34_region	97882	6954	0.07	0	13
SCAF_35	95705	488032	5.10	0	1949
SCAF_35_region	95705	488032	5.10	0	1949
SCAF_36	94431	4688	0.05	0	9
SCAF_36_region	94431	4688	0.05	0	9
SCAF_37	92851	4250	0.05	0	13
SCAF_37_region	92851	4250	0.05	0	13
SCAF_38	89142	203584	2.28	0	295
SCAF_38_region	89142	203584	2.28	0	295
SCAF_39	88257	4463	0.05	0	7
SCAF_39_region	88257	4463	0.05	0	7
SCAF_40	85354	186564	2.19	0	363
SCAF_40_region	85354	186564	2.19	0	363
SCAF_41	82239	4858	0.06	0	10
SCAF_41_region	82239	4858	0.06	0	10
SCAF_42	77162	3961	0.05	0	7
SCAF_42_region	77162	3961	0.05	0	7
SCAF_43	76714	4023	0.05	0	6
SCAF_43_region	76714	4023	0.05	0	6
SCAF_44	76272	50824	0.67	0	442
SCAF_44_region	76272	50824	0.67	0	442
SCAF_45	73110	97201	1.33	0	414
SCAF_45_region	73110	97201	1.33	0	414
SCAF_46	72118	5076	0.07	0	5
SCAF_46_region	72118	5076	0.07	0	5
SCAF_47	70166	3472	0.05	0	10
SCAF_47_region	70166	3472	0.05	0	10
SCAF_48	69627	8512	0.12	0	15
SCAF_48_region	69627	8512	0.12	0	15
SCAF_49	69624	66191	0.95	0	176
SCAF_49_region	69624	66191	0.95	0	176
SCAF_50	68258	4619	0.07	0	9
SCAF_50_region	68258	4619	0.07	0	9
SCAF_51	66966	2400	0.04	0	6
SCAF_51_region	66966	2400	0.04	0	6
SCAF_52	66855	4046	0.06	0	9
SCAF_52_region	66855	4046	0.06	0	9
SCAF_53	65552	2072	0.03	0	9
SCAF_53_region	65552	2072	0.03	0	9
SCAF_54	65267	5683	0.09	0	122
SCAF_54_region	65267	5683	0.09	0	122
SCAF_55	65114	3063	0.05	0	8
SCAF_55_region	65114	3063	0.05	0	8
SCAF_56	62812	9395	0.15	0	204
SCAF_56_region	62812	9395	0.15	0	204
SCAF_57	62187	2015	0.03	0	6
SCAF_57_region	62187	2015	0.03	0	6
SCAF_58	61544	160426	2.61	0	458
SCAF_58_region	61544	160426	2.61	0	458
SCAF_59	61533	2606	0.04	0	6
SCAF_59_region	61533	2606	0.04	0	6
SCAF_60	61411	680012	11.07	0	749
SCAF_60_region	61411	680012	11.07	0	749
SCAF_61	61115	5371	0.09	0	6
SCAF_61_region	61115	5371	0.09	0	6
SCAF_62	59972	9019	0.15	0	26
SCAF_62_region	59972	9019	0.15	0	26
SCAF_63	59743	267379	4.48	0	454
SCAF_63_region	59743	267379	4.48	0	454
SCAF_64	58841	85369	1.45	0	317
SCAF_64_region	58841	85369	1.45	0	317
SCAF_65	58838	3177	0.05	0	9
SCAF_65_region	58838	3177	0.05	0	9
SCAF_66	58483	16751	0.29	0	103
SCAF_66_region	58483	16751	0.29	0	103
SCAF_67	57162	1575	0.03	0	8
SCAF_67_region	57162	1575	0.03	0	8
SCAF_68	56404	57933	1.03	0	177
SCAF_68_region	56404	57933	1.03	0	177
SCAF_69	55942	3420	0.06	0	9
SCAF_69_region	55942	3420	0.06	0	9
SCAF_70	55722	4994	0.09	0	16
SCAF_70_region	55722	4994	0.09	0	16
SCAF_71	55604	4399	0.08	0	5
SCAF_71_region	55604	4399	0.08	0	5
SCAF_72	54709	36246	0.66	0	10
SCAF_72_region	54709	36246	0.66	0	10
SCAF_73	52157	23586	0.45	0	13
SCAF_73_region	52157	23586	0.45	0	13
SCAF_74	52077	3170	0.06	0	7
SCAF_74_region	52077	3170	0.06	0	7
SCAF_75	51185	2507	0.05	0	7
SCAF_75_region	51185	2507	0.05	0	7
SCAF_76	50428	2087530	41.40	0	806
SCAF_76_region	50428	2087530	41.40	0	806
SCAF_77	50384	391	0.01	0	3
SCAF_77_region	50384	391	0.01	0	3
SCAF_78	49366	5258	0.11	0	12
SCAF_78_region	49366	5258	0.11	0	12
SCAF_79	49160	1885	0.04	0	6
SCAF_79_region	49160	1885	0.04	0	6
SCAF_80	48966	3737	0.08	0	8
SCAF_80_region	48966	3737	0.08	0	8
SCAF_81	48848	2564	0.05	0	7
SCAF_81_region	48848	2564	0.05	0	7
SCAF_82	48542	1883	0.04	0	5
SCAF_82_region	48542	1883	0.04	0	5
SCAF_83	48542	39655	0.82	0	31
SCAF_83_region	48542	39655	0.82	0	31
SCAF_84	47775	1446	0.03	0	5
SCAF_84_region	47775	1446	0.03	0	5
SCAF_85	47318	4278	0.09	0	11
SCAF_85_region	47318	4278	0.09	0	11
SCAF_86	46994	4369	0.09	0	10
SCAF_86_region	46994	4369	0.09	0	10
SCAF_87	46805	2379	0.05	0	7
SCAF_87_region	46805	2379	0.05	0	7
SCAF_88	46738	2633	0.06	0	7
SCAF_88_region	46738	2633	0.06	0	7
SCAF_89	46547	3070	0.07	0	5
SCAF_89_region	46547	3070	0.07	0	5
SCAF_90	46221	2758	0.06	0	20
SCAF_90_region	46221	2758	0.06	0	20
SCAF_91	44916	4400	0.10	0	5
SCAF_91_region	44916	4400	0.10	0	5
SCAF_92	44616	6731657	150.88	0	3195
SCAF_92_region	44616	6731657	150.88	0	3195
SCAF_93	44136	2334	0.05	0	31
SCAF_93_region	44136	2334	0.05	0	31
SCAF_94	43913	1936	0.04	0	3
SCAF_94_region	43913	1936	0.04	0	3
SCAF_95	43808	2983	0.07	0	9
SCAF_95_region	43808	2983	0.07	0	9
SCAF_96	43342	1443	0.03	0	6
SCAF_96_region	43342	1443	0.03	0	6
SCAF_97	43038	5468018	127.05	0	5174
SCAF_97_region	43038	5468018	127.05	0	5174
SCAF_98	42896	1710	0.04	0	9
SCAF_98_region	42896	1710	0.04	0	9
SCAF_99	42178	1748	0.04	0	4
SCAF_99_region	42178	1748	0.04	0	4
SCAF_100	41993	1293	0.03	0	8
SCAF_100_region	41993	1293	0.03	0	8
SCAF_101	41585	3297	0.08	0	8
SCAF_101_region	41585	3297	0.08	0	8
SCAF_102	41267	2290116	55.50	0	195
SCAF_102_region	41267	2290116	55.50	0	195
SCAF_103	41164	912	0.02	0	3
SCAF_103_region	41164	912	0.02	0	3
SCAF_104	40984	1625	0.04	0	4
SCAF_104_region	40984	1625	0.04	0	4
SCAF_105	40971	1012	0.02	0	3
SCAF_105_region	40971	1012	0.02	0	3
SCAF_106	40689	2175	0.05	0	8
SCAF_106_region	40689	2175	0.05	0	8
SCAF_107	40038	817	0.02	0	7
SCAF_107_region	40038	817	0.02	0	7
SCAF_108	39998	1432	0.04	0	5
SCAF_108_region	39998	1432	0.04	0	5
SCAF_109	39904	3062	0.08	0	54
SCAF_109_region	39904	3062	0.08	0	54
SCAF_110	39605	1642	0.04	0	4
SCAF_110_region	39605	1642	0.04	0	4
SCAF_111	39279	20473	0.52	0	146
SCAF_111_region	39279	20473	0.52	0	146
SCAF_112	39164	2237755	57.14	0	222
SCAF_112_region	39164	2237755	57.14	0	222
SCAF_113	39049	1685	0.04	0	3
SCAF_113_region	39049	1685	0.04	0	3
SCAF_114	38983	2317	0.06	0	6
SCAF_114_region	38983	2317	0.06	0	6
SCAF_115	38824	409697	10.55	0	443
SCAF_115_region	38824	409697	10.55	0	443
SCAF_116	37823	1712	0.05	0	15
SCAF_116_region	37823	1712	0.05	0	15
SCAF_117	37728	5430373	143.93	0	2961
SCAF_117_region	37728	5430373	143.93	0	2961
SCAF_118	37705	2260	0.06	0	4
SCAF_118_region	37705	2260	0.06	0	4
SCAF_119	37514	5119	0.14	0	179
SCAF_119_region	37514	5119	0.14	0	179
SCAF_120	37456	3101381	82.80	0	519
SCAF_120_region	37456	3101381	82.80	0	519
SCAF_121	37441	2801503	74.82	0	1028
SCAF_121_region	37441	2801503	74.82	0	1028
SCAF_122	37347	83703	2.24	0	201
SCAF_122_region	37347	83703	2.24	0	201
SCAF_123	37222	36309	0.98	0	8
SCAF_123_region	37222	36309	0.98	0	8
SCAF_124	36961	47303	1.28	0	376
SCAF_124_region	36961	47303	1.28	0	376
SCAF_125	36710	1714	0.05	0	5
SCAF_125_region	36710	1714	0.05	0	5
SCAF_126	36614	2036	0.06	0	12
SCAF_126_region	36614	2036	0.06	0	12
SCAF_127	36584	1325	0.04	0	7
SCAF_127_region	36584	1325	0.04	0	7
SCAF_128	36068	2190	0.06	0	4
SCAF_128_region	36068	2190	0.06	0	4
SCAF_129	35972	3299	0.09	0	65
SCAF_129_region	35972	3299	0.09	0	65
SCAF_130	35925	2737	0.08	0	5
SCAF_130_region	35925	2737	0.08	0	5
SCAF_131	35704	1348	0.04	0	23
SCAF_131_region	35704	1348	0.04	0	23
SCAF_132	35264	2473	0.07	0	4
SCAF_132_region	35264	2473	0.07	0	4
SCAF_133	35121	4338611	123.53	0	2752
SCAF_133_region	35121	4338611	123.53	0	2752
SCAF_134	35117	1428	0.04	0	4
SCAF_134_region	35117	1428	0.04	0	4
SCAF_135	34903	36124	1.03	0	8
SCAF_135_region	34903	36124	1.03	0	8
SCAF_136	34900	3459947	99.14	0	500
SCAF_136_region	34900	3459947	99.14	0	500
SCAF_137	34765	1109	0.03	0	3
SCAF_137_region	34765	1109	0.03	0	3
SCAF_138	34687	277731	8.01	0	1522
SCAF_138_region	34687	277731	8.01	0	1522
SCAF_139	34615	1629	0.05	0	3
SCAF_139_region	34615	1629	0.05	0	3
SCAF_140	34599	3603400	104.15	0	944
SCAF_140_region	34599	3603400	104.15	0	944
SCAF_141	34497	2296667	66.58	0	2848
SCAF_141_region	34497	2296667	66.58	0	2848
SCAF_142	34440	3226899	93.70	0	431
SCAF_142_region	34440	3226899	93.70	0	431
SCAF_143	34384	37564	1.09	0	14
SCAF_143_region	34384	37564	1.09	0	14
SCAF_144	34330	1185	0.03	0	4
SCAF_144_region	34330	1185	0.03	0	4
SCAF_145	34087	1412	0.04	0	7
SCAF_145_region	34087	1412	0.04	0	7
SCAF_146	33692	2346	0.07	0	5
SCAF_146_region	33692	2346	0.07	0	5
SCAF_147	33483	3403305	101.64	0	1473
SCAF_147_region	33483	3403305	101.64	0	1473
SCAF_148	33469	1178	0.04	0	8
SCAF_148_region	33469	1178	0.04	0	8
SCAF_149	33420	2003045	59.94	0	478
SCAF_149_region	33420	2003045	59.94	0	478
SCAF_150	33347	1248	0.04	0	6
SCAF_150_region	33347	1248	0.04	0	6
SCAF_151	33283	109765	3.30	0	464
SCAF_151_region	33283	109765	3.30	0	464
SCAF_152	33266	34586	1.04	0	12
SCAF_152_region	33266	34586	1.04	0	12
SCAF_153	33237	1305	0.04	0	3
SCAF_153_region	33237	1305	0.04	0	3
SCAF_154	33139	1511	0.05	0	10
SCAF_154_region	33139	1511	0.05	0	10
SCAF_155	33127	4766206	143.88	0	841
SCAF_155_region	33127	4766206	143.88	0	841
SCAF_156	32748	281595	8.60	0	545
SCAF_156_region	32748	281595	8.60	0	545
SCAF_157	32666	1661694	50.87	0	773
SCAF_157_region	32666	1661694	50.87	0	773
SCAF_158	32618	2663	0.08	0	7
SCAF_158_region	32618	2663	0.08	0	7
SCAF_159	32358	1028	0.03	0	4
SCAF_159_region	32358	1028	0.03	0	4
SCAF_160	32136	1565	0.05	0	3
SCAF_160_region	32136	1565	0.05	0	3
SCAF_161	32035	934	0.03	0	5
SCAF_161_region	32035	934	0.03	0	5
SCAF_162	31954	805	0.03	0	3
SCAF_162_region	31954	805	0.03	0	3
SCAF_163	31782	2238	0.07	0	6
SCAF_163_region	31782	2238	0.07	0	6
SCAF_164	31669	20318	0.64	0	8
SCAF_164_region	31669	20318	0.64	0	8
SCAF_165	31629	9751	0.31	0	355
SCAF_165_region	31629	9751	0.31	0	355
SCAF_166	31581	1134	0.04	0	3
SCAF_166_region	31581	1134	0.04	0	3
SCAF_167	31556	2454	0.08	0	6
SCAF_167_region	31556	2454	0.08	0	6
SCAF_168	31421	1937	0.06	0	7
SCAF_168_region	31421	1937	0.06	0	7
SCAF_169	31314	34457	1.10	0	12
SCAF_169_region	31314	34457	1.10	0	12
SCAF_170	31127	887	0.03	0	2
SCAF_170_region	31127	887	0.03	0	2
SCAF_171	31061	3189256	102.68	0	685
SCAF_171_region	31061	3189256	102.68	0	685
SCAF_172	31059	1018	0.03	0	10
SCAF_172_region	31059	1018	0.03	0	10
SCAF_173	30866	2199	0.07	0	4
SCAF_173_region	30866	2199	0.07	0	4
SCAF_174	30739	3979420	129.46	0	2567
SCAF_174_region	30739	3979420	129.46	0	2567
SCAF_175	30330	922	0.03	0	6
SCAF_175_region	30330	922	0.03	0	6
SCAF_176	30301	1033213	34.10	0	4182
SCAF_176_region	30301	1033213	34.10	0	4182
SCAF_177	30226	747	0.02	0	4
SCAF_177_region	30226	747	0.02	0	4
SCAF_178	30187	1779	0.06	0	27
SCAF_178_region	30187	1779	0.06	0	27
SCAF_179	30183	1051	0.03	0	7
SCAF_179_region	30183	1051	0.03	0	7
SCAF_180	30131	1836	0.06	0	28
SCAF_180_region	30131	1836	0.06	0	28
SCAF_181	30071	970	0.03	0	13
SCAF_181_region	30071	970	0.03	0	13
SCAF_182	30032	1122	0.04	0	6
SCAF_182_region	30032	1122	0.04	0	6
SCAF_183	30005	643	0.02	0	5
SCAF_183_region	30005	643	0.02	0	5
SCAF_184	29541	23379	0.79	0	62
SCAF_184_region	29541	23379	0.79	0	62
SCAF_185	29415	1649	0.06	0	5
SCAF_185_region	29415	1649	0.06	0	5
SCAF_186	29375	1106	0.04	0	11
SCAF_186_region	29375	1106	0.04	0	11
SCAF_187	29360	1278	0.04	0	9
SCAF_187_region	29360	1278	0.04	0	9
SCAF_188	29327	3133	0.11	0	7
SCAF_188_region	29327	3133	0.11	0	7
SCAF_189	29236	699	0.02	0	7
SCAF_189_region	29236	699	0.02	0	7
SCAF_190	29216	202640	6.94	0	295
SCAF_190_region	29216	202640	6.94	0	295
SCAF_191	29200	822	0.03	0	3
SCAF_191_region	29200	822	0.03	0	3
SCAF_192	29083	1495100	51.41	0	206
SCAF_192_region	29083	1495100	51.41	0	206
SCAF_193	29081	5105	0.18	0	204
SCAF_193_region	29081	5105	0.18	0	204
SCAF_194	28863	893861	30.97	0	238
SCAF_194_region	28863	893861	30.97	0	238
SCAF_195	28688	6705	0.23	0	188
SCAF_195_region	28688	6705	0.23	0	188
SCAF_196	28688	134709	4.70	0	416
SCAF_196_region	28688	134709	4.70	0	416
SCAF_197	28670	763	0.03	0	3
SCAF_197_region	28670	763	0.03	0	3
SCAF_198	28585	1914	0.07	0	38
SCAF_198_region	28585	1914	0.07	0	38
SCAF_199	28585	8238	0.29	0	70
SCAF_199_region	28585	8238	0.29	0	70
SCAF_200	28563	6756	0.24	0	109
SCAF_200_region	28563	6756	0.24	0	109
SCAF_201	28551	891	0.03	0	3
SCAF_201_region	28551	891	0.03	0	3
SCAF_202	28219	1173	0.04	0	3
SCAF_202_region	28219	1173	0.04	0	3
SCAF_203	28217	790	0.03	0	4
SCAF_203_region	28217	790	0.03	0	4
SCAF_204	28187	173590	6.16	0	1084
SCAF_204_region	28187	173590	6.16	0	1084
SCAF_205	28138	24430	0.87	0	7
SCAF_205_region	28138	24430	0.87	0	7
SCAF_206	28111	1876	0.07	0	12
SCAF_206_region	28111	1876	0.07	0	12
SCAF_207	27959	1912	0.07	0	5
SCAF_207_region	27959	1912	0.07	0	5
SCAF_208	27935	3251350	116.39	0	4023
SCAF_208_region	27935	3251350	116.39	0	4023
SCAF_209	27830	803	0.03	0	4
SCAF_209_region	27830	803	0.03	0	4
SCAF_210	27781	6468	0.23	0	7
SCAF_210_region	27781	6468	0.23	0	7
SCAF_211	27774	5995	0.22	0	210
SCAF_211_region	27774	5995	0.22	0	210
SCAF_212	27772	972	0.03	0	2
SCAF_212_region	27772	972	0.03	0	2
SCAF_213	27728	937	0.03	0	10
SCAF_213_region	27728	937	0.03	0	10
SCAF_214	27690	795	0.03	0	4
SCAF_214_region	27690	795	0.03	0	4
SCAF_215	27659	3177367	114.88	0	512
SCAF_215_region	27659	3177367	114.88	0	512
SCAF_216	27637	799	0.03	0	2
SCAF_216_region	27637	799	0.03	0	2
SCAF_217	27634	1204	0.04	0	4
SCAF_217_region	27634	1204	0.04	0	4
SCAF_218	27594	1365	0.05	0	8
SCAF_218_region	27594	1365	0.05	0	8
SCAF_219	27563	830	0.03	0	7
SCAF_219_region	27563	830	0.03	0	7
SCAF_220	27545	2781	0.10	0	7
SCAF_220_region	27545	2781	0.10	0	7
SCAF_221	27530	851	0.03	0	3
SCAF_221_region	27530	851	0.03	0	3
SCAF_222	27515	650	0.02	0	10
SCAF_222_region	27515	650	0.02	0	10
SCAF_223	27476	4774	0.17	0	143
SCAF_223_region	27476	4774	0.17	0	143
SCAF_224	27450	1093	0.04	0	4
SCAF_224_region	27450	1093	0.04	0	4
SCAF_225	27344	686	0.03	0	5
SCAF_225_region	27344	686	0.03	0	5
SCAF_226	27270	151556	5.56	0	273
SCAF_226_region	27270	151556	5.56	0	273
SCAF_227	27232	1648	0.06	0	11
SCAF_227_region	27232	1648	0.06	0	11
SCAF_228	27189	541100	19.90	0	227
SCAF_228_region	27189	541100	19.90	0	227
SCAF_229	27037	2118	0.08	0	9
SCAF_229_region	27037	2118	0.08	0	9
SCAF_230	26948	1091	0.04	0	6
SCAF_230_region	26948	1091	0.04	0	6
SCAF_231	26899	1116	0.04	0	12
SCAF_231_region	26899	1116	0.04	0	12
SCAF_232	26856	941	0.04	0	5
SCAF_232_region	26856	941	0.04	0	5
SCAF_233	26767	1065	0.04	0	12
SCAF_233_region	26767	1065	0.04	0	12
SCAF_234	26700	2340841	87.67	0	414
SCAF_234_region	26700	2340841	87.67	0	414
SCAF_235	26660	4737223	177.69	0	1550
SCAF_235_region	26660	4737223	177.69	0	1550
SCAF_236	26499	4549	0.17	0	7
SCAF_236_region	26499	4549	0.17	0	7
SCAF_237	26482	866	0.03	0	4
SCAF_237_region	26482	866	0.03	0	4
SCAF_238	26369	824	0.03	0	2
SCAF_238_region	26369	824	0.03	0	2
SCAF_239	26171	1117	0.04	0	11
SCAF_239_region	26171	1117	0.04	0	11
SCAF_240	26148	1034	0.04	0	7
SCAF_240_region	26148	1034	0.04	0	7
SCAF_241	26131	3646	0.14	0	92
SCAF_241_region	26131	3646	0.14	0	92
SCAF_242	26114	32475	1.24	0	28
SCAF_242_region	26114	32475	1.24	0	28
SCAF_243	26085	784	0.03	0	4
SCAF_243_region	26085	784	0.03	0	4
SCAF_244	26060	913	0.04	0	8
SCAF_244_region	26060	913	0.04	0	8
SCAF_245	25968	1341	0.05	0	12
SCAF_245_region	25968	1341	0.05	0	12
SCAF_246	25946	3025785	116.62	0	3174
SCAF_246_region	25946	3025785	116.62	0	3174
SCAF_247	25940	3410	0.13	0	4
SCAF_247_region	25940	3410	0.13	0	4
SCAF_248	25895	962	0.04	0	4
SCAF_248_region	25895	962	0.04	0	4
SCAF_249	25885	840	0.03	0	2
SCAF_249_region	25885	840	0.03	0	2
SCAF_250	25884	1882	0.07	0	5
SCAF_250_region	25884	1882	0.07	0	5
SCAF_251	25874	1707	0.07	0	4
SCAF_251_region	25874	1707	0.07	0	4
SCAF_252	25864	1344	0.05	0	31
SCAF_252_region	25864	1344	0.05	0	31
SCAF_253	25825	1028	0.04	0	3
SCAF_253_region	25825	1028	0.04	0	3
SCAF_254	25798	168559	6.53	0	632
SCAF_254_region	25798	168559	6.53	0	632
SCAF_255	25728	796	0.03	0	4
SCAF_255_region	25728	796	0.03	0	4
SCAF_256	25725	1294	0.05	0	7
SCAF_256_region	25725	1294	0.05	0	7
SCAF_257	25720	951	0.04	0	4
SCAF_257_region	25720	951	0.04	0	4
SCAF_258	25700	239846	9.33	0	815
SCAF_258_region	25700	239846	9.33	0	815
SCAF_259	25645	1182	0.05	0	8
SCAF_259_region	25645	1182	0.05	0	8
SCAF_260	25595	1685	0.07	0	17
SCAF_260_region	25595	1685	0.07	0	17
SCAF_261	25593	1072	0.04	0	10
SCAF_261_region	25593	1072	0.04	0	10
SCAF_262	25592	564	0.02	0	3
SCAF_262_region	25592	564	0.02	0	3
SCAF_263	25481	1679	0.07	0	24
SCAF_263_region	25481	1679	0.07	0	24
SCAF_264	25444	2476	0.10	0	7
SCAF_264_region	25444	2476	0.10	0	7
SCAF_265	25436	14745	0.58	0	6
SCAF_265_region	25436	14745	0.58	0	6
SCAF_266	25377	757	0.03	0	8
SCAF_266_region	25377	757	0.03	0	8
SCAF_267	25340	2303	0.09	0	7
SCAF_267_region	25340	2303	0.09	0	7
SCAF_268	25329	1879	0.07	0	5
SCAF_268_region	25329	1879	0.07	0	5
SCAF_269	25264	1107	0.04	0	3
SCAF_269_region	25264	1107	0.04	0	3
SCAF_270	25225	13701	0.54	0	7
SCAF_270_region	25225	13701	0.54	0	7
SCAF_271	25206	72450	2.87	0	108
SCAF_271_region	25206	72450	2.87	0	108
SCAF_272	25161	880	0.03	0	9
SCAF_272_region	25161	880	0.03	0	9
SCAF_273	25090	1139	0.05	0	11
SCAF_273_region	25090	1139	0.05	0	11
SCAF_274	24834	6745	0.27	0	7
SCAF_274_region	24834	6745	0.27	0	7
SCAF_275	24832	7193747	289.70	0	3587
SCAF_275_region	24832	7193747	289.70	0	3587
SCAF_276	24811	424	0.02	0	2
SCAF_276_region	24811	424	0.02	0	2
SCAF_277	24713	1140	0.05	0	4
SCAF_277_region	24713	1140	0.05	0	4
SCAF_278	24673	2758	0.11	0	10
SCAF_278_region	24673	2758	0.11	0	10
SCAF_279	24542	1217	0.05	0	12
SCAF_279_region	24542	1217	0.05	0	12
SCAF_280	24528	1288	0.05	0	4
SCAF_280_region	24528	1288	0.05	0	4
SCAF_281	24435	1126	0.05	0	9
SCAF_281_region	24435	1126	0.05	0	9
SCAF_282	24359	571	0.02	0	4
SCAF_282_region	24359	571	0.02	0	4
SCAF_283	24173	753	0.03	0	3
SCAF_283_region	24173	753	0.03	0	3
SCAF_284	24152	1840929	76.22	0	346
SCAF_284_region	24152	1840929	76.22	0	346
SCAF_285	24110	1002	0.04	0	7
SCAF_285_region	24110	1002	0.04	0	7
SCAF_286	24066	78505	3.26	0	212
SCAF_286_region	24066	78505	3.26	0	212
SCAF_287	23981	783	0.03	0	2
SCAF_287_region	23981	783	0.03	0	2
SCAF_288	23980	832	0.03	0	6
SCAF_288_region	23980	832	0.03	0	6
SCAF_289	23950	1173	0.05	0	4
SCAF_289_region	23950	1173	0.05	0	4
SCAF_290	23945	1693	0.07	0	32
SCAF_290_region	23945	1693	0.07	0	32
SCAF_291	23886	750	0.03	0	7
SCAF_291_region	23886	750	0.03	0	7
SCAF_292	23860	529	0.02	0	6
SCAF_292_region	23860	529	0.02	0	6
SCAF_293	23814	909	0.04	0	15
SCAF_293_region	23814	909	0.04	0	15
SCAF_294	23796	23069	0.97	0	7
SCAF_294_region	23796	23069	0.97	0	7
SCAF_295	23767	12594	0.53	0	249
SCAF_295_region	23767	12594	0.53	0	249
SCAF_296	23762	485074	20.41	0	3356
SCAF_296_region	23762	485074	20.41	0	3356
SCAF_297	23695	820	0.03	0	5
SCAF_297_region	23695	820	0.03	0	5
SCAF_298	23666	824	0.03	0	8
SCAF_298_region	23666	824	0.03	0	8
SCAF_299	23648	40156	1.70	0	168
SCAF_299_region	23648	40156	1.70	0	168
SCAF_300	23643	2805919	118.68	0	776
SCAF_300_region	23643	2805919	118.68	0	776
SCAF_301	23638	1090	0.05	0	3
SCAF_301_region	23638	1090	0.05	0	3
SCAF_302	23633	35624	1.51	0	115
SCAF_302_region	23633	35624	1.51	0	115
SCAF_303	23629	970	0.04	0	10
SCAF_303_region	23629	970	0.04	0	10
SCAF_304	23571	604	0.03	0	7
SCAF_304_region	23571	604	0.03	0	7
SCAF_305	23555	1155	0.05	0	4
SCAF_305_region	23555	1155	0.05	0	4
SCAF_306	23322	822	0.04	0	2
SCAF_306_region	23322	822	0.04	0	2
SCAF_307	23295	22728	0.98	0	6
SCAF_307_region	23295	22728	0.98	0	6
SCAF_308	23075	1901667	82.41	0	1779
SCAF_308_region	23075	1901667	82.41	0	1779
SCAF_309	23057	1276	0.06	0	7
SCAF_309_region	23057	1276	0.06	0	7
SCAF_310	23011	723	0.03	0	4
SCAF_310_region	23011	723	0.03	0	4
SCAF_311	22999	6601	0.29	0	220
SCAF_311_region	22999	6601	0.29	0	220
SCAF_312	22896	1846	0.08	0	9
SCAF_312_region	22896	1846	0.08	0	9
SCAF_313	22877	656	0.03	0	4
SCAF_313_region	22877	656	0.03	0	4
SCAF_314	22871	3120273	136.43	0	1964
SCAF_314_region	22871	3120273	136.43	0	1964
SCAF_315	22844	10958	0.48	0	97
SCAF_315_region	22844	10958	0.48	0	97
SCAF_316	22844	652	0.03	0	5
SCAF_316_region	22844	652	0.03	0	5
SCAF_317	22833	925	0.04	0	6
SCAF_317_region	22833	925	0.04	0	6
SCAF_318	22713	65206	2.87	0	78
SCAF_318_region	22713	65206	2.87	0	78
SCAF_319	22685	666	0.03	0	4
SCAF_319_region	22685	666	0.03	0	4
SCAF_320	22653	997	0.04	0	7
SCAF_320_region	22653	997	0.04	0	7
SCAF_321	22554	1051	0.05	0	4
SCAF_321_region	22554	1051	0.05	0	4
SCAF_322	22539	1018	0.05	0	12
SCAF_322_region	22539	1018	0.05	0	12
SCAF_323	22525	485	0.02	0	2
SCAF_323_region	22525	485	0.02	0	2
SCAF_324	22489	1980	0.09	0	6
SCAF_324_region	22489	1980	0.09	0	6
SCAF_325	22468	887	0.04	0	4
SCAF_325_region	22468	887	0.04	0	4
SCAF_326	22392	2979136	133.04	0	1582
SCAF_326_region	22392	2979136	133.04	0	1582
SCAF_327	22337	1148	0.05	0	6
SCAF_327_region	22337	1148	0.05	0	6
SCAF_328	22280	3107397	139.47	0	751
SCAF_328_region	22280	3107397	139.47	0	751
SCAF_329	22245	1377	0.06	0	9
SCAF_329_region	22245	1377	0.06	0	9
SCAF_330	22040	1491	0.07	0	5
SCAF_330_region	22040	1491	0.07	0	5
SCAF_331	22029	456	0.02	0	2
SCAF_331_region	22029	456	0.02	0	2
SCAF_332	21923	839	0.04	0	4
SCAF_332_region	21923	839	0.04	0	4
SCAF_333	21867	1307	0.06	0	7
SCAF_333_region	21867	1307	0.06	0	7
SCAF_334	21813	3739	0.17	0	144
SCAF_334_region	21813	3739	0.17	0	144
SCAF_335	21800	1235	0.06	0	8
SCAF_335_region	21800	1235	0.06	0	8
SCAF_336	21691	700	0.03	0	3
SCAF_336_region	21691	700	0.03	0	3
SCAF_337	21675	1246	0.06	0	11
SCAF_337_region	21675	1246	0.06	0	11
SCAF_338	21621	69472	3.21	0	83
SCAF_338_region	21621	69472	3.21	0	83
SCAF_339	21529	78378	3.64	0	194
SCAF_339_region	21529	78378	3.64	0	194
SCAF_340	21472	1020	0.05	0	4
SCAF_340_region	21472	1020	0.05	0	4
SCAF_341	21449	825	0.04	0	8
SCAF_341_region	21449	825	0.04	0	8
SCAF_342	21444	82340	3.84	0	160
SCAF_342_region	21444	82340	3.84	0	160
SCAF_343	21365	3109	0.15	0	14
SCAF_343_region	21365	3109	0.15	0	14
SCAF_344	21355	1250	0.06	0	3
SCAF_344_region	21355	1250	0.06	0	3
SCAF_345	21334	1153	0.05	0	18
SCAF_345_region	21334	1153	0.05	0	18
SCAF_346	21294	1983546	93.15	0	333
SCAF_346_region	21294	1983546	93.15	0	333
SCAF_347	21288	4494	0.21	0	123
SCAF_347_region	21288	4494	0.21	0	123
SCAF_348	21209	2260	0.11	0	72
SCAF_348_region	21209	2260	0.11	0	72
SCAF_349	21199	456	0.02	0	7
SCAF_349_region	21199	456	0.02	0	7
SCAF_350	21189	50530	2.38	0	159
SCAF_350_region	21189	50530	2.38	0	159
SCAF_351	21106	701	0.03	0	4
SCAF_351_region	21106	701	0.03	0	4
SCAF_352	21098	926	0.04	0	9
SCAF_352_region	21098	926	0.04	0	9
SCAF_353	21078	308	0.01	0	3
SCAF_353_region	21078	308	0.01	0	3
SCAF_354	20991	997	0.05	0	5
SCAF_354_region	20991	997	0.05	0	5
SCAF_355	20981	350	0.02	0	2
SCAF_355_region	20981	350	0.02	0	2
SCAF_356	20980	1348	0.06	0	14
SCAF_356_region	20980	1348	0.06	0	14
SCAF_357	20976	818	0.04	0	7
SCAF_357_region	20976	818	0.04	0	7
SCAF_358	20871	778	0.04	0	10
SCAF_358_region	20871	778	0.04	0	10
SCAF_359	20831	1036	0.05	0	11
SCAF_359_region	20831	1036	0.05	0	11
SCAF_360	20777	8373	0.40	0	226
SCAF_360_region	20777	8373	0.40	0	226
SCAF_361	20737	2124	0.10	0	64
SCAF_361_region	20737	2124	0.10	0	64
SCAF_362	20702	2567	0.12	0	21
SCAF_362_region	20702	2567	0.12	0	21
SCAF_363	20586	372	0.02	0	5
SCAF_363_region	20586	372	0.02	0	5
SCAF_364	20574	1542	0.07	0	15
SCAF_364_region	20574	1542	0.07	0	15
SCAF_365	20553	510	0.02	0	7
SCAF_365_region	20553	510	0.02	0	7
SCAF_366	20522	503	0.02	0	3
SCAF_366_region	20522	503	0.02	0	3
SCAF_367	20517	483	0.02	0	7
SCAF_367_region	20517	483	0.02	0	7
SCAF_368	20452	929	0.05	0	8
SCAF_368_region	20452	929	0.05	0	8
SCAF_369	20438	1471	0.07	0	5
SCAF_369_region	20438	1471	0.07	0	5
SCAF_370	20350	69726	3.43	0	114
SCAF_370_region	20350	69726	3.43	0	114
SCAF_371	20349	88463	4.35	0	330
SCAF_371_region	20349	88463	4.35	0	330
SCAF_372	20285	586	0.03	0	2
SCAF_372_region	20285	586	0.03	0	2
SCAF_373	20282	987	0.05	0	14
SCAF_373_region	20282	987	0.05	0	14
SCAF_374	20282	2160039	106.50	0	510
SCAF_374_region	20282	2160039	106.50	0	510
SCAF_375	20179	177392	8.79	0	270
SCAF_375_region	20179	177392	8.79	0	270
SCAF_376	20174	821	0.04	0	4
SCAF_376_region	20174	821	0.04	0	4
SCAF_377	20160	702	0.03	0	3
SCAF_377_region	20160	702	0.03	0	3
SCAF_378	20157	1460421	72.45	0	401
SCAF_378_region	20157	1460421	72.45	0	401
SCAF_379	20150	622	0.03	0	5
SCAF_379_region	20150	622	0.03	0	5
SCAF_380	20140	93789	4.66	0	231
SCAF_380_region	20140	93789	4.66	0	231
SCAF_381	20082	697	0.03	0	2
SCAF_381_region	20082	697	0.03	0	2
SCAF_382	20068	925	0.05	0	4
SCAF_382_region	20068	925	0.05	0	4
SCAF_383	20052	847	0.04	0	6
SCAF_383_region	20052	847	0.04	0	6
SCAF_384	20039	1113	0.06	0	2
SCAF_384_region	20039	1113	0.06	0	2
SCAF_385	20036	982	0.05	0	7
SCAF_385_region	20036	982	0.05	0	7
SCAF_386	20004	4010	0.20	0	8
SCAF_386_region	20004	4010	0.20	0	8
SCAF_387	19967	1612	0.08	0	6
SCAF_387_region	19967	1612	0.08	0	6
SCAF_388	19953	567	0.03	0	3
SCAF_388_region	19953	567	0.03	0	3
SCAF_389	19874	495	0.02	0	3
SCAF_389_region	19874	495	0.02	0	3
SCAF_390	19870	1447211	72.83	0	506
SCAF_390_region	19870	1447211	72.83	0	506
SCAF_391	19819	2368	0.12	0	8
SCAF_391_region	19819	2368	0.12	0	8
SCAF_392	19814	1694	0.09	0	7
SCAF_392_region	19814	1694	0.09	0	7
SCAF_393	19805	1364	0.07	0	2
SCAF_393_region	19805	1364	0.07	0	2
SCAF_394	19796	677	0.03	0	3
SCAF_394_region	19796	677	0.03	0	3
SCAF_395	19788	5161710	260.85	0	1830
SCAF_395_region	19788	5161710	260.85	0	1830
SCAF_396	19769	1235	0.06	0	3
SCAF_396_region	19769	1235	0.06	0	3
SCAF_397	19737	662	0.03	0	8
SCAF_397_region	19737	662	0.03	0	8
SCAF_398	19694	918	0.05	0	10
SCAF_398_region	19694	918	0.05	0	10
SCAF_399	19627	637	0.03	0	9
SCAF_399_region	19627	637	0.03	0	9
SCAF_400	19559	1111	0.06	0	4
SCAF_400_region	19559	1111	0.06	0	4
SCAF_401	19529	1983	0.10	0	48
SCAF_401_region	19529	1983	0.10	0	48
SCAF_402	19485	1057	0.05	0	3
SCAF_402_region	19485	1057	0.05	0	3
SCAF_403	19440	1314	0.07	0	5
SCAF_403_region	19440	1314	0.07	0	5
SCAF_404	19429	771	0.04	0	9
SCAF_404_region	19429	771	0.04	0	9
SCAF_405	19412	878	0.05	0	7
SCAF_405_region	19412	878	0.05	0	7
SCAF_406	19412	1348	0.07	0	6
SCAF_406_region	19412	1348	0.07	0	6
SCAF_407	19392	1222	0.06	0	7
SCAF_407_region	19392	1222	0.06	0	7
SCAF_408	19383	538	0.03	0	6
SCAF_408_region	19383	538	0.03	0	6
SCAF_409	19350	807	0.04	0	5
SCAF_409_region	19350	807	0.04	0	5
SCAF_410	19334	698	0.04	0	3
SCAF_410_region	19334	698	0.04	0	3
SCAF_411	19319	317	0.02	0	2
SCAF_411_region	19319	317	0.02	0	2
SCAF_412	19298	1776	0.09	0	29
SCAF_412_region	19298	1776	0.09	0	29
SCAF_413	19281	1293	0.07	0	10
SCAF_413_region	19281	1293	0.07	0	10
SCAF_414	19250	499	0.03	0	7
SCAF_414_region	19250	499	0.03	0	7
SCAF_415	19240	793	0.04	0	10
SCAF_415_region	19240	793	0.04	0	10
SCAF_416	19198	824	0.04	0	3
SCAF_416_region	19198	824	0.04	0	3
SCAF_417	19156	3139	0.16	0	105
SCAF_417_region	19156	3139	0.16	0	105
SCAF_418	19069	1516266	79.51	0	345
SCAF_418_region	19069	1516266	79.51	0	345
SCAF_419	19061	633	0.03	0	3
SCAF_419_region	19061	633	0.03	0	3
SCAF_420	19040	356	0.02	0	2
SCAF_420_region	19040	356	0.02	0	2
SCAF_421	19012	599	0.03	0	2
SCAF_421_region	19012	599	0.03	0	2
SCAF_422	18950	1105	0.06	0	2
SCAF_422_region	18950	1105	0.06	0	2
SCAF_423	18945	26264	1.39	0	133
SCAF_423_region	18945	26264	1.39	0	133
SCAF_424	18943	564	0.03	0	4
SCAF_424_region	18943	564	0.03	0	4
SCAF_425	18932	1041	0.05	0	2
SCAF_425_region	18932	1041	0.05	0	2
SCAF_426	18882	1202	0.06	0	13
SCAF_426_region	18882	1202	0.06	0	13
SCAF_427	18874	986	0.05	0	9
SCAF_427_region	18874	986	0.05	0	9
SCAF_428	18866	555191	29.43	0	343
SCAF_428_region	18866	555191	29.43	0	343
SCAF_429	18866	732	0.04	0	10
SCAF_429_region	18866	732	0.04	0	10
SCAF_430	18815	597	0.03	0	2
SCAF_430_region	18815	597	0.03	0	2
SCAF_431	18805	1352	0.07	0	5
SCAF_431_region	18805	1352	0.07	0	5
SCAF_432	18790	940	0.05	0	8
SCAF_432_region	18790	940	0.05	0	8
SCAF_433	18773	453	0.02	0	3
SCAF_433_region	18773	453	0.02	0	3
SCAF_434	18766	620	0.03	0	5
SCAF_434_region	18766	620	0.03	0	5
SCAF_435	18753	998	0.05	0	3
SCAF_435_region	18753	998	0.05	0	3
SCAF_436	18746	493	0.03	0	2
SCAF_436_region	18746	493	0.03	0	2
SCAF_437	18721	22035	1.18	0	8
SCAF_437_region	18721	22035	1.18	0	8
SCAF_438	18669	531	0.03	0	6
SCAF_438_region	18669	531	0.03	0	6
SCAF_439	18588	28764	1.55	0	298
SCAF_439_region	18588	28764	1.55	0	298
SCAF_440	18561	72598	3.91	0	353
SCAF_440_region	18561	72598	3.91	0	353
SCAF_441	18530	655	0.04	0	5
SCAF_441_region	18530	655	0.04	0	5
SCAF_442	18489	793	0.04	0	7
SCAF_442_region	18489	793	0.04	0	7
SCAF_443	18479	976	0.05	0	19
SCAF_443_region	18479	976	0.05	0	19
SCAF_444	18424	536	0.03	0	5
SCAF_444_region	18424	536	0.03	0	5
SCAF_445	18396	745	0.04	0	8
SCAF_445_region	18396	745	0.04	0	8
SCAF_446	18392	1155	0.06	0	2
SCAF_446_region	18392	1155	0.06	0	2
SCAF_447	18255	854	0.05	0	3
SCAF_447_region	18255	854	0.05	0	3
SCAF_448	18252	843	0.05	0	8
SCAF_448_region	18252	843	0.05	0	8
SCAF_449	18248	621	0.03	0	4
SCAF_449_region	18248	621	0.03	0	4
SCAF_450	18208	520	0.03	0	3
SCAF_450_region	18208	520	0.03	0	3
SCAF_451	18202	41354	2.27	0	35
SCAF_451_region	18202	41354	2.27	0	35
SCAF_452	18192	761	0.04	0	5
SCAF_452_region	18192	761	0.04	0	5
SCAF_453	18150	367	0.02	0	4
SCAF_453_region	18150	367	0.02	0	4
SCAF_454	18134	887	0.05	0	6
SCAF_454_region	18134	887	0.05	0	6
SCAF_455	18114	5956	0.33	0	105
SCAF_455_region	18114	5956	0.33	0	105
SCAF_456	18112	849	0.05	0	5
SCAF_456_region	18112	849	0.05	0	5
SCAF_457	18054	1738	0.10	0	17
SCAF_457_region	18054	1738	0.10	0	17
SCAF_458	18006	389	0.02	0	4
SCAF_458_region	18006	389	0.02	0	4
SCAF_459	18000	620	0.03	0	4
SCAF_459_region	18000	620	0.03	0	4
SCAF_460	17967	862	0.05	0	4
SCAF_460_region	17967	862	0.05	0	4
SCAF_461	17943	1301	0.07	0	10
SCAF_461_region	17943	1301	0.07	0	10
SCAF_462	17929	630	0.04	0	8
SCAF_462_region	17929	630	0.04	0	8
SCAF_463	17921	571	0.03	0	3
SCAF_463_region	17921	571	0.03	0	3
SCAF_464	17913	874	0.05	0	7
SCAF_464_region	17913	874	0.05	0	7
SCAF_465	17912	3053	0.17	0	120
SCAF_465_region	17912	3053	0.17	0	120
SCAF_466	17886	571	0.03	0	2
SCAF_466_region	17886	571	0.03	0	2
SCAF_467	17859	5121	0.29	0	31
SCAF_467_region	17859	5121	0.29	0	31
SCAF_468	17837	840	0.05	0	9
SCAF_468_region	17837	840	0.05	0	9
SCAF_469	17802	604	0.03	0	8
SCAF_469_region	17802	604	0.03	0	8
SCAF_470	17776	372	0.02	0	5
SCAF_470_region	17776	372	0.02	0	5
SCAF_471	17682	1366	0.08	0	7
SCAF_471_region	17682	1366	0.08	0	7
SCAF_472	17646	825	0.05	0	4
SCAF_472_region	17646	825	0.05	0	4
SCAF_473	17646	539	0.03	0	3
SCAF_473_region	17646	539	0.03	0	3
SCAF_474	17642	1543109	87.47	0	346
SCAF_474_region	17642	1543109	87.47	0	346
SCAF_475	17613	8539	0.48	0	82
SCAF_475_region	17613	8539	0.48	0	82
SCAF_476	17602	82163	4.67	0	465
SCAF_476_region	17602	82163	4.67	0	465
SCAF_477	17571	486	0.03	0	3
SCAF_477_region	17571	486	0.03	0	3
SCAF_478	17535	1283	0.07	0	11
SCAF_478_region	17535	1283	0.07	0	11
SCAF_479	17528	51833	2.96	0	264
SCAF_479_region	17528	51833	2.96	0	264
SCAF_480	17503	522	0.03	0	2
SCAF_480_region	17503	522	0.03	0	2
SCAF_481	17502	1266	0.07	0	12
SCAF_481_region	17502	1266	0.07	0	12
SCAF_482	17480	1953	0.11	0	4
SCAF_482_region	17480	1953	0.11	0	4
SCAF_483	17476	1288	0.07	0	3
SCAF_483_region	17476	1288	0.07	0	3
SCAF_484	17457	136420	7.81	0	488
SCAF_484_region	17457	136420	7.81	0	488
SCAF_485	17386	1413	0.08	0	7
SCAF_485_region	17386	1413	0.08	0	7
SCAF_486	17362	512	0.03	0	3
SCAF_486_region	17362	512	0.03	0	3
SCAF_487	17332	897	0.05	0	8
SCAF_487_region	17332	897	0.05	0	8
SCAF_488	17327	495	0.03	0	4
SCAF_488_region	17327	495	0.03	0	4
SCAF_489	17303	587	0.03	0	4
SCAF_489_region	17303	587	0.03	0	4
SCAF_490	17273	3825	0.22	0	4
SCAF_490_region	17273	3825	0.22	0	4
SCAF_491	17245	22508	1.31	0	35
SCAF_491_region	17245	22508	1.31	0	35
SCAF_492	17239	19680	1.14	0	6
SCAF_492_region	17239	19680	1.14	0	6
SCAF_493	17219	668	0.04	0	4
SCAF_493_region	17219	668	0.04	0	4
SCAF_494	17218	723	0.04	0	11
SCAF_494_region	17218	723	0.04	0	11
SCAF_495	17211	1010	0.06	0	10
SCAF_495_region	17211	1010	0.06	0	10
SCAF_496	17198	38829	2.26	0	356
SCAF_496_region	17198	38829	2.26	0	356
SCAF_497	17190	663	0.04	0	12
SCAF_497_region	17190	663	0.04	0	12
SCAF_498	17162	309	0.02	0	2
SCAF_498_region	17162	309	0.02	0	2
SCAF_499	17147	541	0.03	0	3
SCAF_499_region	17147	541	0.03	0	3
SCAF_500	17144	806	0.05	0	7
SCAF_500_region	17144	806	0.05	0	7
SCAF_501	17142	879	0.05	0	3
SCAF_501_region	17142	879	0.05	0	3
SCAF_502	17124	874	0.05	0	20
SCAF_502_region	17124	874	0.05	0	20
SCAF_503	17118	900460	52.60	0	248
SCAF_503_region	17118	900460	52.60	0	248
SCAF_504	17076	487	0.03	0	3
SCAF_504_region	17076	487	0.03	0	3
SCAF_505	17047	1194506	70.07	0	356
SCAF_505_region	17047	1194506	70.07	0	356
SCAF_506	17043	3214	0.19	0	44
SCAF_506_region	17043	3214	0.19	0	44
SCAF_507	17035	1346	0.08	0	13
SCAF_507_region	17035	1346	0.08	0	13
SCAF_508	17021	387	0.02	0	2
SCAF_508_region	17021	387	0.02	0	2
SCAF_509	16971	521	0.03	0	4
SCAF_509_region	16971	521	0.03	0	4
SCAF_510	16897	2377	0.14	0	65
SCAF_510_region	16897	2377	0.14	0	65
SCAF_511	16849	562	0.03	0	9
SCAF_511_region	16849	562	0.03	0	9
SCAF_512	16807	815	0.05	0	7
SCAF_512_region	16807	815	0.05	0	7
SCAF_513	16787	509	0.03	0	4
SCAF_513_region	16787	509	0.03	0	4
SCAF_514	16784	714	0.04	0	4
SCAF_514_region	16784	714	0.04	0	4
SCAF_515	16776	703	0.04	0	6
SCAF_515_region	16776	703	0.04	0	6
SCAF_516	16745	655	0.04	0	10
SCAF_516_region	16745	655	0.04	0	10
SCAF_517	16741	481	0.03	0	3
SCAF_517_region	16741	481	0.03	0	3
SCAF_518	16733	737	0.04	0	4
SCAF_518_region	16733	737	0.04	0	4
SCAF_519	16710	991	0.06	0	3
SCAF_519_region	16710	991	0.06	0	3
SCAF_520	16702	1569171	93.95	0	933
SCAF_520_region	16702	1569171	93.95	0	933
SCAF_521	16701	592	0.04	0	3
SCAF_521_region	16701	592	0.04	0	3
SCAF_522	16645	3458	0.21	0	136
SCAF_522_region	16645	3458	0.21	0	136
SCAF_523	16623	480	0.03	0	1
SCAF_523_region	16623	480	0.03	0	1
SCAF_524	16568	498	0.03	0	2
SCAF_524_region	16568	498	0.03	0	2
SCAF_525	16548	360	0.02	0	2
SCAF_525_region	16548	360	0.02	0	2
SCAF_526	16541	17666	1.07	0	6
SCAF_526_region	16541	17666	1.07	0	6
SCAF_527	16518	1235695	74.81	0	483
SCAF_527_region	16518	1235695	74.81	0	483
SCAF_528	16510	21479	1.30	0	94
SCAF_528_region	16510	21479	1.30	0	94
SCAF_529	16492	411	0.02	0	4
SCAF_529_region	16492	411	0.02	0	4
SCAF_530	16462	579	0.04	0	5
SCAF_530_region	16462	579	0.04	0	5
SCAF_531	16461	796	0.05	0	7
SCAF_531_region	16461	796	0.05	0	7
SCAF_532	16447	847	0.05	0	3
SCAF_532_region	16447	847	0.05	0	3
SCAF_533	16383	365	0.02	0	4
SCAF_533_region	16383	365	0.02	0	4
SCAF_534	16345	1087	0.07	0	4
SCAF_534_region	16345	1087	0.07	0	4
SCAF_535	16343	2913	0.18	0	9
SCAF_535_region	16343	2913	0.18	0	9
SCAF_536	16333	616	0.04	0	5
SCAF_536_region	16333	616	0.04	0	5
SCAF_537	16287	1154	0.07	0	11
SCAF_537_region	16287	1154	0.07	0	11
SCAF_538	16266	2475	0.15	0	4
SCAF_538_region	16266	2475	0.15	0	4
SCAF_539	16246	552	0.03	0	2
SCAF_539_region	16246	552	0.03	0	2
SCAF_540	16245	828	0.05	0	3
SCAF_540_region	16245	828	0.05	0	3
SCAF_541	16215	707	0.04	0	10
SCAF_541_region	16215	707	0.04	0	10
SCAF_542	16208	810	0.05	0	3
SCAF_542_region	16208	810	0.05	0	3
SCAF_543	16160	1498	0.09	0	15
SCAF_543_region	16160	1498	0.09	0	15
SCAF_544	16140	452	0.03	0	4
SCAF_544_region	16140	452	0.03	0	4
SCAF_545	16102	1220	0.08	0	20
SCAF_545_region	16102	1220	0.08	0	20
SCAF_546	16083	957	0.06	0	10
SCAF_546_region	16083	957	0.06	0	10
SCAF_547	16037	370	0.02	0	3
SCAF_547_region	16037	370	0.02	0	3
SCAF_548	16034	18303	1.14	0	850
SCAF_548_region	16034	18303	1.14	0	850
SCAF_549	16030	1085	0.07	0	23
SCAF_549_region	16030	1085	0.07	0	23
SCAF_550	16027	764	0.05	0	6
SCAF_550_region	16027	764	0.05	0	6
SCAF_551	15990	634	0.04	0	8
SCAF_551_region	15990	634	0.04	0	8
SCAF_552	15913	2261	0.14	0	52
SCAF_552_region	15913	2261	0.14	0	52
SCAF_553	15906	934	0.06	0	30
SCAF_553_region	15906	934	0.06	0	30
SCAF_554	15898	595	0.04	0	4
SCAF_554_region	15898	595	0.04	0	4
SCAF_555	15891	430	0.03	0	4
SCAF_555_region	15891	430	0.03	0	4
SCAF_556	15885	471	0.03	0	3
SCAF_556_region	15885	471	0.03	0	3
SCAF_557	15855	674	0.04	0	2
SCAF_557_region	15855	674	0.04	0	2
SCAF_558	15839	936	0.06	0	9
SCAF_558_region	15839	936	0.06	0	9
SCAF_559	15827	868	0.05	0	5
SCAF_559_region	15827	868	0.05	0	5
SCAF_560	15823	542	0.03	0	2
SCAF_560_region	15823	542	0.03	0	2
SCAF_561	15791	1048	0.07	0	26
SCAF_561_region	15791	1048	0.07	0	26
SCAF_562	15777	669820	42.46	0	161
SCAF_562_region	15777	669820	42.46	0	161
SCAF_563	15776	808	0.05	0	10
SCAF_563_region	15776	808	0.05	0	10
SCAF_564	15761	17854	1.13	0	80
SCAF_564_region	15761	17854	1.13	0	80
SCAF_565	15717	947	0.06	0	4
SCAF_565_region	15717	947	0.06	0	4
SCAF_566	15706	430	0.03	0	4
SCAF_566_region	15706	430	0.03	0	4
SCAF_567	15696	465	0.03	0	3
SCAF_567_region	15696	465	0.03	0	3
SCAF_568	15657	603	0.04	0	14
SCAF_568_region	15657	603	0.04	0	14
SCAF_569	15650	261	0.02	0	2
SCAF_569_region	15650	261	0.02	0	2
SCAF_570	15646	366	0.02	0	3
SCAF_570_region	15646	366	0.02	0	3
SCAF_571	15619	468	0.03	0	6
SCAF_571_region	15619	468	0.03	0	6
SCAF_572	15612	412	0.03	0	3
SCAF_572_region	15612	412	0.03	0	3
SCAF_573	15605	898	0.06	0	11
SCAF_573_region	15605	898	0.06	0	11
SCAF_574	15575	585	0.04	0	7
SCAF_574_region	15575	585	0.04	0	7
SCAF_575	15573	367	0.02	0	4
SCAF_575_region	15573	367	0.02	0	4
SCAF_576	15571	1350	0.09	0	16
SCAF_576_region	15571	1350	0.09	0	16
SCAF_577	15544	508	0.03	0	4
SCAF_577_region	15544	508	0.03	0	4
SCAF_578	15521	513	0.03	0	7
SCAF_578_region	15521	513	0.03	0	7
SCAF_579	15497	67793	4.37	0	553
SCAF_579_region	15497	67793	4.37	0	553
SCAF_580	15481	891	0.06	0	10
SCAF_580_region	15481	891	0.06	0	10
SCAF_581	15458	369	0.02	0	2
SCAF_581_region	15458	369	0.02	0	2
SCAF_582	15439	563	0.04	0	3
SCAF_582_region	15439	563	0.04	0	3
SCAF_583	15421	178	0.01	0	1
SCAF_583_region	15421	178	0.01	0	1
SCAF_584	15337	714	0.05	0	14
SCAF_584_region	15337	714	0.05	0	14
SCAF_585	15336	1372	0.09	0	10
SCAF_585_region	15336	1372	0.09	0	10
SCAF_586	15301	930	0.06	0	11
SCAF_586_region	15301	930	0.06	0	11
SCAF_587	15300	497615	32.52	0	1724
SCAF_587_region	15300	497615	32.52	0	1724
SCAF_588	15298	527	0.03	0	2
SCAF_588_region	15298	527	0.03	0	2
SCAF_589	15238	463	0.03	0	2
SCAF_589_region	15238	463	0.03	0	2
SCAF_590	15205	1547	0.10	0	3
SCAF_590_region	15205	1547	0.10	0	3
SCAF_591	15162	769	0.05	0	3
SCAF_591_region	15162	769	0.05	0	3
SCAF_592	15154	1290	0.09	0	3
SCAF_592_region	15154	1290	0.09	0	3
SCAF_593	15087	14232	0.94	0	12
SCAF_593_region	15087	14232	0.94	0	12
SCAF_594	15082	1346	0.09	0	8
SCAF_594_region	15082	1346	0.09	0	8
SCAF_595	15055	787	0.05	0	4
SCAF_595_region	15055	787	0.05	0	4
SCAF_596	15045	909	0.06	0	6
SCAF_596_region	15045	909	0.06	0	6
SCAF_597	15030	18214	1.21	0	7
SCAF_597_region	15030	18214	1.21	0	7
SCAF_598	15027	434	0.03	0	5
SCAF_598_region	15027	434	0.03	0	5
SCAF_599	15000	875	0.06	0	3
SCAF_599_region	15000	875	0.06	0	3
SCAF_600	14995	683	0.05	0	2
SCAF_600_region	14995	683	0.05	0	2
SCAF_601	14985	957	0.06	0	25
SCAF_601_region	14985	957	0.06	0	25
SCAF_602	14930	668	0.04	0	4
SCAF_602_region	14930	668	0.04	0	4
SCAF_603	14898	397	0.03	0	2
SCAF_603_region	14898	397	0.03	0	2
SCAF_604	14863	569	0.04	0	4
SCAF_604_region	14863	569	0.04	0	4
SCAF_605	14840	944	0.06	0	7
SCAF_605_region	14840	944	0.06	0	7
SCAF_606	14808	258	0.02	0	2
SCAF_606_region	14808	258	0.02	0	2
SCAF_607	14807	895	0.06	0	2
SCAF_607_region	14807	895	0.06	0	2
SCAF_608	14785	660	0.04	0	5
SCAF_608_region	14785	660	0.04	0	5
SCAF_609	14742	115274	7.82	0	161
SCAF_609_region	14742	115274	7.82	0	161
SCAF_610	14738	701	0.05	0	3
SCAF_610_region	14738	701	0.05	0	3
SCAF_611	14737	859	0.06	0	2
SCAF_611_region	14737	859	0.06	0	2
SCAF_612	14712	1155507	78.54	0	319
SCAF_612_region	14712	1155507	78.54	0	319
SCAF_613	14708	506	0.03	0	3
SCAF_613_region	14708	506	0.03	0	3
SCAF_614	14694	641	0.04	0	7
SCAF_614_region	14694	641	0.04	0	7
SCAF_615	14684	2135	0.15	0	9
SCAF_615_region	14684	2135	0.15	0	9
SCAF_616	14676	674	0.05	0	10
SCAF_616_region	14676	674	0.05	0	10
SCAF_617	14662	647	0.04	0	5
SCAF_617_region	14662	647	0.04	0	5
SCAF_618	14658	497	0.03	0	3
SCAF_618_region	14658	497	0.03	0	3
SCAF_619	14650	69385	4.74	0	160
SCAF_619_region	14650	69385	4.74	0	160
SCAF_620	14639	894	0.06	0	18
SCAF_620_region	14639	894	0.06	0	18
SCAF_621	14614	75051	5.14	0	472
SCAF_621_region	14614	75051	5.14	0	472
SCAF_622	14596	402	0.03	0	3
SCAF_622_region	14596	402	0.03	0	3
SCAF_623	14590	923	0.06	0	8
SCAF_623_region	14590	923	0.06	0	8
SCAF_624	14581	732	0.05	0	5
SCAF_624_region	14581	732	0.05	0	5
SCAF_625	14547	378	0.03	0	2
SCAF_625_region	14547	378	0.03	0	2
SCAF_626	14527	767	0.05	0	7
SCAF_626_region	14527	767	0.05	0	7
SCAF_627	14523	476	0.03	0	4
SCAF_627_region	14523	476	0.03	0	4
SCAF_628	14498	232	0.02	0	2
SCAF_628_region	14498	232	0.02	0	2
SCAF_629	14453	1457	0.10	0	11
SCAF_629_region	14453	1457	0.10	0	11
SCAF_630	14414	829	0.06	0	6
SCAF_630_region	14414	829	0.06	0	6
SCAF_631	14395	628	0.04	0	6
SCAF_631_region	14395	628	0.04	0	6
SCAF_632	14385	8539	0.59	0	8
SCAF_632_region	14385	8539	0.59	0	8
SCAF_633	14371	296	0.02	0	2
SCAF_633_region	14371	296	0.02	0	2
SCAF_634	14371	937	0.07	0	2
SCAF_634_region	14371	937	0.07	0	2
SCAF_635	14280	147589	10.34	0	248
SCAF_635_region	14280	147589	10.34	0	248
SCAF_636	14276	874	0.06	0	6
SCAF_636_region	14276	874	0.06	0	6
SCAF_637	14236	644	0.05	0	3
SCAF_637_region	14236	644	0.05	0	3
SCAF_638	14229	567	0.04	0	7
SCAF_638_region	14229	567	0.04	0	7
SCAF_639	14202	332	0.02	0	4
SCAF_639_region	14202	332	0.02	0	4
SCAF_640	14111	377	0.03	0	2
SCAF_640_region	14111	377	0.03	0	2
SCAF_641	14088	394	0.03	0	2
SCAF_641_region	14088	394	0.03	0	2
SCAF_642	14005	503	0.04	0	2
SCAF_642_region	14005	503	0.04	0	2
SCAF_643	13977	686552	49.12	0	273
SCAF_643_region	13977	686552	49.12	0	273
SCAF_644	13890	603	0.04	0	5
SCAF_644_region	13890	603	0.04	0	5
SCAF_645	13875	800	0.06	0	4
SCAF_645_region	13875	800	0.06	0	4
SCAF_646	13874	625	0.05	0	1
SCAF_646_region	13874	625	0.05	0	1
SCAF_647	13848	278	0.02	0	2
SCAF_647_region	13848	278	0.02	0	2
SCAF_648	13847	43375	3.13	0	122
SCAF_648_region	13847	43375	3.13	0	122
SCAF_649	13838	662	0.05	0	3
SCAF_649_region	13838	662	0.05	0	3
SCAF_650	13812	313	0.02	0	2
SCAF_650_region	13812	313	0.02	0	2
SCAF_651	13758	1019	0.07	0	2
SCAF_651_region	13758	1019	0.07	0	2
SCAF_652	13727	687	0.05	0	5
SCAF_652_region	13727	687	0.05	0	5
SCAF_653	13703	441	0.03	0	4
SCAF_653_region	13703	441	0.03	0	4
SCAF_654	13701	405	0.03	0	3
SCAF_654_region	13701	405	0.03	0	3
SCAF_655	13677	299	0.02	0	4
SCAF_655_region	13677	299	0.02	0	4
SCAF_656	13622	361	0.03	0	6
SCAF_656_region	13622	361	0.03	0	6
SCAF_657	13584	897	0.07	0	4
SCAF_657_region	13584	897	0.07	0	4
SCAF_658	13583	392	0.03	0	4
SCAF_658_region	13583	392	0.03	0	4
SCAF_659	13535	564	0.04	0	9
SCAF_659_region	13535	564	0.04	0	9
SCAF_660	13535	443	0.03	0	3
SCAF_660_region	13535	443	0.03	0	3
SCAF_661	13499	544	0.04	0	2
SCAF_661_region	13499	544	0.04	0	2
SCAF_662	13464	175	0.01	0	2
SCAF_662_region	13464	175	0.01	0	2
SCAF_663	13438	597	0.04	0	4
SCAF_663_region	13438	597	0.04	0	4
SCAF_664	13385	1079757	80.67	0	326
SCAF_664_region	13385	1079757	80.67	0	326
SCAF_665	13357	466	0.03	0	3
SCAF_665_region	13357	466	0.03	0	3
SCAF_666	13330	346	0.03	0	3
SCAF_666_region	13330	346	0.03	0	3
SCAF_667	13327	135	0.01	0	1
SCAF_667_region	13327	135	0.01	0	1
SCAF_668	13319	913	0.07	0	7
SCAF_668_region	13319	913	0.07	0	7
SCAF_669	13303	41673	3.13	0	97
SCAF_669_region	13303	41673	3.13	0	97
SCAF_670	13293	646	0.05	0	9
SCAF_670_region	13293	646	0.05	0	9
SCAF_671	13288	644	0.05	0	3
SCAF_671_region	13288	644	0.05	0	3
SCAF_672	13266	5617	0.42	0	5
SCAF_672_region	13266	5617	0.42	0	5
SCAF_673	13189	1166	0.09	0	14
SCAF_673_region	13189	1166	0.09	0	14
SCAF_674	13149	561	0.04	0	2
SCAF_674_region	13149	561	0.04	0	2
SCAF_675	13128	653	0.05	0	3
SCAF_675_region	13128	653	0.05	0	3
SCAF_676	13120	173	0.01	0	2
SCAF_676_region	13120	173	0.01	0	2
SCAF_677	13080	155106	11.86	0	1086
SCAF_677_region	13080	155106	11.86	0	1086
SCAF_678	13050	470	0.04	0	6
SCAF_678_region	13050	470	0.04	0	6
SCAF_679	13043	605	0.05	0	5
SCAF_679_region	13043	605	0.05	0	5
SCAF_680	13008	510	0.04	0	2
SCAF_680_region	13008	510	0.04	0	2
SCAF_681	13001	626	0.05	0	14
SCAF_681_region	13001	626	0.05	0	14
SCAF_682	12997	804	0.06	0	9
SCAF_682_region	12997	804	0.06	0	9
SCAF_683	12986	635	0.05	0	17
SCAF_683_region	12986	635	0.05	0	17
SCAF_684	12871	582	0.05	0	9
SCAF_684_region	12871	582	0.05	0	9
SCAF_685	12842	762	0.06	0	6
SCAF_685_region	12842	762	0.06	0	6
SCAF_686	12830	1505	0.12	0	59
SCAF_686_region	12830	1505	0.12	0	59
SCAF_687	12781	280	0.02	0	3
SCAF_687_region	12781	280	0.02	0	3
SCAF_688	12768	330	0.03	0	3
SCAF_688_region	12768	330	0.03	0	3
SCAF_689	12768	707	0.06	0	11
SCAF_689_region	12768	707	0.06	0	11
SCAF_690	12764	661	0.05	0	3
SCAF_690_region	12764	661	0.05	0	3
SCAF_691	12677	720	0.06	0	6
SCAF_691_region	12677	720	0.06	0	6
SCAF_692	12675	756	0.06	0	9
SCAF_692_region	12675	756	0.06	0	9
SCAF_693	12651	544	0.04	0	6
SCAF_693_region	12651	544	0.04	0	6
SCAF_694	12646	622	0.05	0	9
SCAF_694_region	12646	622	0.05	0	9
SCAF_695	12643	842	0.07	0	2
SCAF_695_region	12643	842	0.07	0	2
SCAF_696	12633	543	0.04	0	3
SCAF_696_region	12633	543	0.04	0	3
SCAF_697	12625	822	0.07	0	8
SCAF_697_region	12625	822	0.07	0	8
SCAF_698	12617	667	0.05	0	2
SCAF_698_region	12617	667	0.05	0	2
SCAF_699	12540	499	0.04	0	4
SCAF_699_region	12540	499	0.04	0	4
SCAF_700	12515	312	0.02	0	5
SCAF_700_region	12515	312	0.02	0	5
SCAF_701	12482	570	0.05	0	4
SCAF_701_region	12482	570	0.05	0	4
SCAF_702	12461	586	0.05	0	2
SCAF_702_region	12461	586	0.05	0	2
SCAF_703	12456	538	0.04	0	3
SCAF_703_region	12456	538	0.04	0	3
SCAF_704	12456	409	0.03	0	2
SCAF_704_region	12456	409	0.03	0	2
SCAF_705	12358	309	0.03	0	4
SCAF_705_region	12358	309	0.03	0	4
SCAF_706	12350	1226	0.10	0	6
SCAF_706_region	12350	1226	0.10	0	6
SCAF_707	12343	1282	0.10	0	37
SCAF_707_region	12343	1282	0.10	0	37
SCAF_708	12333	587	0.05	0	6
SCAF_708_region	12333	587	0.05	0	6
SCAF_709	12319	1377138	111.79	0	1416
SCAF_709_region	12319	1377138	111.79	0	1416
SCAF_710	12288	505	0.04	0	4
SCAF_710_region	12288	505	0.04	0	4
SCAF_711	12252	468	0.04	0	2
SCAF_711_region	12252	468	0.04	0	2
SCAF_712	12218	280753	22.98	0	802
SCAF_712_region	12218	280753	22.98	0	802
SCAF_713	12177	933	0.08	0	6
SCAF_713_region	12177	933	0.08	0	6
SCAF_714	12167	1442	0.12	0	38
SCAF_714_region	12167	1442	0.12	0	38
SCAF_715	12163	431	0.04	0	7
SCAF_715_region	12163	431	0.04	0	7
SCAF_716	12143	542	0.04	0	11
SCAF_716_region	12143	542	0.04	0	11
SCAF_717	12102	377	0.03	0	2
SCAF_717_region	12102	377	0.03	0	2
SCAF_718	12099	871	0.07	0	4
SCAF_718_region	12099	871	0.07	0	4
SCAF_719	12095	890	0.07	0	8
SCAF_719_region	12095	890	0.07	0	8
SCAF_720	12085	530	0.04	0	4
SCAF_720_region	12085	530	0.04	0	4
SCAF_721	12078	720	0.06	0	7
SCAF_721_region	12078	720	0.06	0	7
SCAF_722	12066	366	0.03	0	3
SCAF_722_region	12066	366	0.03	0	3
SCAF_723	12015	760	0.06	0	3
SCAF_723_region	12015	760	0.06	0	3
SCAF_724	12004	368	0.03	0	3
SCAF_724_region	12004	368	0.03	0	3
SCAF_725	11949	796	0.07	0	8
SCAF_725_region	11949	796	0.07	0	8
SCAF_726	11911	448	0.04	0	6
SCAF_726_region	11911	448	0.04	0	6
SCAF_727	11900	400	0.03	0	5
SCAF_727_region	11900	400	0.03	0	5
SCAF_728	11869	1297	0.11	0	10
SCAF_728_region	11869	1297	0.11	0	10
SCAF_729	11788	782	0.07	0	4
SCAF_729_region	11788	782	0.07	0	4
SCAF_730	11785	637	0.05	0	4
SCAF_730_region	11785	637	0.05	0	4
SCAF_731	11750	13991	1.19	0	7
SCAF_731_region	11750	13991	1.19	0	7
SCAF_732	11699	244	0.02	0	2
SCAF_732_region	11699	244	0.02	0	2
SCAF_733	11674	937	0.08	0	3
SCAF_733_region	11674	937	0.08	0	3
SCAF_734	11658	852	0.07	0	7
SCAF_734_region	11658	852	0.07	0	7
SCAF_735	11648	1167	0.10	0	2
SCAF_735_region	11648	1167	0.10	0	2
SCAF_736	11642	344	0.03	0	2
SCAF_736_region	11642	344	0.03	0	2
SCAF_737	11612	433	0.04	0	4
SCAF_737_region	11612	433	0.04	0	4
SCAF_738	11595	371	0.03	0	6
SCAF_738_region	11595	371	0.03	0	6
SCAF_739	11525	83073	7.21	0	427
SCAF_739_region	11525	83073	7.21	0	427
SCAF_740	11505	617	0.05	0	9
SCAF_740_region	11505	617	0.05	0	9
SCAF_741	11492	1243	0.11	0	18
SCAF_741_region	11492	1243	0.11	0	18
SCAF_742	11467	2828707	246.68	0	1129
SCAF_742_region	11467	2828707	246.68	0	1129
SCAF_743	11404	176	0.02	0	2
SCAF_743_region	11404	176	0.02	0	2
SCAF_744	11377	275	0.02	0	2
SCAF_744_region	11377	275	0.02	0	2
SCAF_745	11364	507	0.04	0	7
SCAF_745_region	11364	507	0.04	0	7
SCAF_746	11318	447	0.04	0	3
SCAF_746_region	11318	447	0.04	0	3
SCAF_747	11311	11731	1.04	0	53
SCAF_747_region	11311	11731	1.04	0	53
SCAF_748	11306	372	0.03	0	4
SCAF_748_region	11306	372	0.03	0	4
SCAF_749	11299	350	0.03	0	2
SCAF_749_region	11299	350	0.03	0	2
SCAF_750	11284	524	0.05	0	3
SCAF_750_region	11284	524	0.05	0	3
SCAF_751	11276	317	0.03	0	2
SCAF_751_region	11276	317	0.03	0	2
SCAF_752	11267	685	0.06	0	4
SCAF_752_region	11267	685	0.06	0	4
SCAF_753	11254	534	0.05	0	3
SCAF_753_region	11254	534	0.05	0	3
SCAF_754	11236	479	0.04	0	3
SCAF_754_region	11236	479	0.04	0	3
SCAF_755	11231	350	0.03	0	2
SCAF_755_region	11231	350	0.03	0	2
SCAF_756	11200	667	0.06	0	9
SCAF_756_region	11200	667	0.06	0	9
SCAF_757	11195	396	0.04	0	6
SCAF_757_region	11195	396	0.04	0	6
SCAF_758	11126	721	0.06	0	6
SCAF_758_region	11126	721	0.06	0	6
SCAF_759	11118	298	0.03	0	3
SCAF_759_region	11118	298	0.03	0	3
SCAF_760	11100	627	0.06	0	4
SCAF_760_region	11100	627	0.06	0	4
SCAF_761	11097	424	0.04	0	2
SCAF_761_region	11097	424	0.04	0	2
SCAF_762	11029	1609	0.15	0	45
SCAF_762_region	11029	1609	0.15	0	45
SCAF_763	11019	328	0.03	0	2
SCAF_763_region	11019	328	0.03	0	2
SCAF_764	10979	2456	0.22	0	16
SCAF_764_region	10979	2456	0.22	0	16
SCAF_765	10957	310	0.03	0	2
SCAF_765_region	10957	310	0.03	0	2
SCAF_766	10940	934	0.09	0	11
SCAF_766_region	10940	934	0.09	0	11
SCAF_767	10913	304	0.03	0	2
SCAF_767_region	10913	304	0.03	0	2
SCAF_768	10886	240	0.02	0	3
SCAF_768_region	10886	240	0.02	0	3
SCAF_769	10867	334	0.03	0	8
SCAF_769_region	10867	334	0.03	0	8
SCAF_770	10816	223	0.02	0	4
SCAF_770_region	10816	223	0.02	0	4
SCAF_771	10810	295	0.03	0	2
SCAF_771_region	10810	295	0.03	0	2
SCAF_772	10709	799	0.07	0	5
SCAF_772_region	10709	799	0.07	0	5
SCAF_773	10688	162350	15.19	0	355
SCAF_773_region	10688	162350	15.19	0	355
SCAF_774	10648	557	0.05	0	3
SCAF_774_region	10648	557	0.05	0	3
SCAF_775	10642	437	0.04	0	13
SCAF_775_region	10642	437	0.04	0	13
SCAF_776	10612	563	0.05	0	6
SCAF_776_region	10612	563	0.05	0	6
SCAF_777	10608	774	0.07	0	3
SCAF_777_region	10608	774	0.07	0	3
SCAF_778	10604	290	0.03	0	2
SCAF_778_region	10604	290	0.03	0	2
SCAF_779	10578	164	0.02	0	1
SCAF_779_region	10578	164	0.02	0	1
SCAF_780	10571	327	0.03	0	2
SCAF_780_region	10571	327	0.03	0	2
SCAF_781	10511	194	0.02	0	2
SCAF_781_region	10511	194	0.02	0	2
SCAF_782	10492	197	0.02	0	3
SCAF_782_region	10492	197	0.02	0	3
SCAF_783	10421	320	0.03	0	2
SCAF_783_region	10421	320	0.03	0	2
SCAF_784	10379	773	0.07	0	3
SCAF_784_region	10379	773	0.07	0	3
SCAF_785	10337	486	0.05	0	4
SCAF_785_region	10337	486	0.05	0	4
SCAF_786	10326	465	0.05	0	3
SCAF_786_region	10326	465	0.05	0	3
SCAF_787	10326	856	0.08	0	16
SCAF_787_region	10326	856	0.08	0	16
SCAF_788	10316	608	0.06	0	9
SCAF_788_region	10316	608	0.06	0	9
SCAF_789	10256	194	0.02	0	2
SCAF_789_region	10256	194	0.02	0	2
SCAF_790	10228	266	0.03	0	3
SCAF_790_region	10228	266	0.03	0	3
SCAF_791	10185	278	0.03	0	2
SCAF_791_region	10185	278	0.03	0	2
SCAF_792	10184	538	0.05	0	5
SCAF_792_region	10184	538	0.05	0	5
SCAF_793	10160	344	0.03	0	1
SCAF_793_region	10160	344	0.03	0	1
SCAF_794	10147	315	0.03	0	2
SCAF_794_region	10147	315	0.03	0	2
SCAF_795	10110	349	0.03	0	2
SCAF_795_region	10110	349	0.03	0	2
SCAF_796	10045	317	0.03	0	7
SCAF_796_region	10045	317	0.03	0	7
SCAF_797	10015	2141	0.21	0	7
SCAF_797_region	10015	2141	0.21	0	7
SCAF_798	10012	565	0.06	0	3
SCAF_798_region	10012	565	0.06	0	3
SCAF_799	9978	319	0.03	0	3
SCAF_799_region	9978	319	0.03	0	3
SCAF_800	9947	7402	0.74	0	20
SCAF_800_region	9947	7402	0.74	0	20
SCAF_801	9941	491	0.05	0	3
SCAF_801_region	9941	491	0.05	0	3
SCAF_802	9910	157	0.02	0	2
SCAF_802_region	9910	157	0.02	0	2
SCAF_803	9879	1418	0.14	0	53
SCAF_803_region	9879	1418	0.14	0	53
SCAF_804	9861	234	0.02	0	3
SCAF_804_region	9861	234	0.02	0	3
SCAF_805	9859	176	0.02	0	4
SCAF_805_region	9859	176	0.02	0	4
SCAF_806	9855	351	0.04	0	3
SCAF_806_region	9855	351	0.04	0	3
SCAF_807	9792	5521	0.56	0	7
SCAF_807_region	9792	5521	0.56	0	7
SCAF_808	9784	278	0.03	0	4
SCAF_808_region	9784	278	0.03	0	4
SCAF_809	9773	664	0.07	0	17
SCAF_809_region	9773	664	0.07	0	17
SCAF_810	9756	157	0.02	0	2
SCAF_810_region	9756	157	0.02	0	2
SCAF_811	9753	33363	3.42	0	363
SCAF_811_region	9753	33363	3.42	0	363
SCAF_812	9719	135	0.01	0	3
SCAF_812_region	9719	135	0.01	0	3
SCAF_813	9715	425	0.04	0	8
SCAF_813_region	9715	425	0.04	0	8
SCAF_814	9708	421	0.04	0	6
SCAF_814_region	9708	421	0.04	0	6
SCAF_815	9700	361	0.04	0	4
SCAF_815_region	9700	361	0.04	0	4
SCAF_816	9673	287	0.03	0	5
SCAF_816_region	9673	287	0.03	0	5
SCAF_817	9638	231	0.02	0	2
SCAF_817_region	9638	231	0.02	0	2
SCAF_818	9601	1219	0.13	0	3
SCAF_818_region	9601	1219	0.13	0	3
SCAF_819	9601	222	0.02	0	2
SCAF_819_region	9601	222	0.02	0	2
SCAF_820	9550	20262	2.12	0	26
SCAF_820_region	9550	20262	2.12	0	26
SCAF_821	9533	493	0.05	0	3
SCAF_821_region	9533	493	0.05	0	3
SCAF_822	9498	439	0.05	0	2
SCAF_822_region	9498	439	0.05	0	2
SCAF_823	9466	774805	81.85	0	547
SCAF_823_region	9466	774805	81.85	0	547
SCAF_824	9457	3971	0.42	0	172
SCAF_824_region	9457	3971	0.42	0	172
SCAF_825	9446	577	0.06	0	4
SCAF_825_region	9446	577	0.06	0	4
SCAF_826	9385	219	0.02	0	2
SCAF_826_region	9385	219	0.02	0	2
SCAF_827	9376	312	0.03	0	2
SCAF_827_region	9376	312	0.03	0	2
SCAF_828	9365	98	0.01	0	2
SCAF_828_region	9365	98	0.01	0	2
SCAF_829	9320	530	0.06	0	2
SCAF_829_region	9320	530	0.06	0	2
SCAF_830	9303	531	0.06	0	3
SCAF_830_region	9303	531	0.06	0	3
SCAF_831	9295	250	0.03	0	2
SCAF_831_region	9295	250	0.03	0	2
SCAF_832	9282	926	0.10	0	29
SCAF_832_region	9282	926	0.10	0	29
SCAF_833	9263	303	0.03	0	2
SCAF_833_region	9263	303	0.03	0	2
SCAF_834	9159	60114	6.56	0	285
SCAF_834_region	9159	60114	6.56	0	285
SCAF_835	9159	398	0.04	0	4
SCAF_835_region	9159	398	0.04	0	4
SCAF_836	9157	737	0.08	0	2
SCAF_836_region	9157	737	0.08	0	2
SCAF_837	9095	741	0.08	0	22
SCAF_837_region	9095	741	0.08	0	22
SCAF_838	9078	366	0.04	0	4
SCAF_838_region	9078	366	0.04	0	4
SCAF_839	9057	325	0.04	0	4
SCAF_839_region	9057	325	0.04	0	4
SCAF_840	9014	154	0.02	0	2
SCAF_840_region	9014	154	0.02	0	2
SCAF_841	8986	625	0.07	0	5
SCAF_841_region	8986	625	0.07	0	5
SCAF_842	8986	447	0.05	0	3
SCAF_842_region	8986	447	0.05	0	3
SCAF_843	8952	190	0.02	0	3
SCAF_843_region	8952	190	0.02	0	3
SCAF_844	8935	140354	15.71	0	791
SCAF_844_region	8935	140354	15.71	0	791
SCAF_845	8927	474	0.05	0	3
SCAF_845_region	8927	474	0.05	0	3
SCAF_846	8908	105311	11.82	0	256
SCAF_846_region	8908	105311	11.82	0	256
SCAF_847	8868	605	0.07	0	3
SCAF_847_region	8868	605	0.07	0	3
SCAF_848	8867	283	0.03	0	3
SCAF_848_region	8867	283	0.03	0	3
SCAF_849	8825	731	0.08	0	11
SCAF_849_region	8825	731	0.08	0	11
SCAF_850	8771	413	0.05	0	5
SCAF_850_region	8771	413	0.05	0	5
SCAF_851	8703	302	0.03	0	4
SCAF_851_region	8703	302	0.03	0	4
SCAF_852	8695	378	0.04	0	3
SCAF_852_region	8695	378	0.04	0	3
SCAF_853	8662	217	0.03	0	2
SCAF_853_region	8662	217	0.03	0	2
SCAF_854	8634	394	0.05	0	5
SCAF_854_region	8634	394	0.05	0	5
SCAF_855	8630	405	0.05	0	9
SCAF_855_region	8630	405	0.05	0	9
SCAF_856	8617	1204478	139.78	0	686
SCAF_856_region	8617	1204478	139.78	0	686
SCAF_857	8469	313	0.04	0	3
SCAF_857_region	8469	313	0.04	0	3
SCAF_858	8431	252	0.03	0	5
SCAF_858_region	8431	252	0.03	0	5
SCAF_859	8397	240	0.03	0	2
SCAF_859_region	8397	240	0.03	0	2
SCAF_860	8390	317	0.04	0	4
SCAF_860_region	8390	317	0.04	0	4
SCAF_861	8357	307	0.04	0	2
SCAF_861_region	8357	307	0.04	0	2
SCAF_862	8342	5886400	705.63	0	3729
SCAF_862_region	8342	5886400	705.63	0	3729
SCAF_863	8337	452	0.05	0	9
SCAF_863_region	8337	452	0.05	0	9
SCAF_864	8258	367	0.04	0	2
SCAF_864_region	8258	367	0.04	0	2
SCAF_865	8103	296	0.04	0	3
SCAF_865_region	8103	296	0.04	0	3
SCAF_866	8034	314	0.04	0	5
SCAF_866_region	8034	314	0.04	0	5
SCAF_867	8027	832	0.10	0	4
SCAF_867_region	8027	832	0.10	0	4
SCAF_868	8017	485	0.06	0	7
SCAF_868_region	8017	485	0.06	0	7
SCAF_869	8015	348	0.04	0	10
SCAF_869_region	8015	348	0.04	0	10
SCAF_870	8015	263	0.03	0	1
SCAF_870_region	8015	263	0.03	0	1
SCAF_871	8000	314	0.04	0	4
SCAF_871_region	8000	314	0.04	0	4
SCAF_872	7790	278	0.04	0	2
SCAF_872_region	7790	278	0.04	0	2
SCAF_873	7773	938	0.12	0	40
SCAF_873_region	7773	938	0.12	0	40
SCAF_874	7763	549	0.07	0	4
SCAF_874_region	7763	549	0.07	0	4
SCAF_875	7721	210	0.03	0	2
SCAF_875_region	7721	210	0.03	0	2
SCAF_876	7701	182	0.02	0	2
SCAF_876_region	7701	182	0.02	0	2
SCAF_877	7680	199	0.03	0	1
SCAF_877_region	7680	199	0.03	0	1
SCAF_878	7622	309	0.04	0	4
SCAF_878_region	7622	309	0.04	0	4
SCAF_879	7582	235	0.03	0	2
SCAF_879_region	7582	235	0.03	0	2
SCAF_880	7559	59	0.01	0	2
SCAF_880_region	7559	59	0.01	0	2
SCAF_881	7416	333456	44.96	0	758
SCAF_881_region	7416	333456	44.96	0	758
SCAF_882	7394	546	0.07	0	3
SCAF_882_region	7394	546	0.07	0	3
SCAF_883	7363	65	0.01	0	1
SCAF_883_region	7363	65	0.01	0	1
SCAF_884	7338	97	0.01	0	1
SCAF_884_region	7338	97	0.01	0	1
SCAF_885	7324	218	0.03	0	2
SCAF_885_region	7324	218	0.03	0	2
SCAF_886	7276	158	0.02	0	2
SCAF_886_region	7276	158	0.02	0	2
SCAF_887	7242	194	0.03	0	2
SCAF_887_region	7242	194	0.03	0	2
SCAF_888	7231	367	0.05	0	9
SCAF_888_region	7231	367	0.05	0	9
SCAF_889	7198	273	0.04	0	3
SCAF_889_region	7198	273	0.04	0	3
SCAF_890	7142	466	0.07	0	3
SCAF_890_region	7142	466	0.07	0	3
SCAF_891	7028	134	0.02	0	1
SCAF_891_region	7028	134	0.02	0	1
SCAF_892	7025	248	0.04	0	2
SCAF_892_region	7025	248	0.04	0	2
SCAF_893	7015	353	0.05	0	2
SCAF_893_region	7015	353	0.05	0	2
SCAF_894	6958	245	0.04	0	2
SCAF_894_region	6958	245	0.04	0	2
SCAF_895	6948	388	0.06	0	6
SCAF_895_region	6948	388	0.06	0	6
SCAF_896	6829	534379	78.25	0	297
SCAF_896_region	6829	534379	78.25	0	297
SCAF_897	6804	285	0.04	0	10
SCAF_897_region	6804	285	0.04	0	10
SCAF_898	6754	507422	75.13	0	1007
SCAF_898_region	6754	507422	75.13	0	1007
SCAF_899	6732	764	0.11	0	27
SCAF_899_region	6732	764	0.11	0	27
SCAF_900	6698	324	0.05	0	3
SCAF_900_region	6698	324	0.05	0	3
SCAF_901	6642	138	0.02	0	2
SCAF_901_region	6642	138	0.02	0	2
SCAF_902	6588	197	0.03	0	2
SCAF_902_region	6588	197	0.03	0	2
SCAF_903	6549	366	0.06	0	6
SCAF_903_region	6549	366	0.06	0	6
SCAF_904	6496	446	0.07	0	4
SCAF_904_region	6496	446	0.07	0	4
SCAF_905	6483	215	0.03	0	3
SCAF_905_region	6483	215	0.03	0	3
SCAF_906	6367	211	0.03	0	2
SCAF_906_region	6367	211	0.03	0	2
SCAF_907	6367	313	0.05	0	1
SCAF_907_region	6367	313	0.05	0	1
SCAF_908	6228	14758	2.37	0	79
SCAF_908_region	6228	14758	2.37	0	79
SCAF_909	6173	105	0.02	0	1
SCAF_909_region	6173	105	0.02	0	1
SCAF_910	6170	344	0.06	0	12
SCAF_910_region	6170	344	0.06	0	12
SCAF_911	6077	340	0.06	0	12
SCAF_911_region	6077	340	0.06	0	12
SCAF_912	6073	134	0.02	0	2
SCAF_912_region	6073	134	0.02	0	2
SCAF_913	6059	233286	38.50	0	401
SCAF_913_region	6059	233286	38.50	0	401
SCAF_914	6001	119	0.02	0	3
SCAF_914_region	6001	119	0.02	0	3
SCAF_915	5869	408931	69.68	0	930
SCAF_915_region	5869	408931	69.68	0	930
SCAF_916	5803	38	0.01	0	1
SCAF_916_region	5803	38	0.01	0	1
SCAF_917	5661	157	0.03	0	2
SCAF_917_region	5661	157	0.03	0	2
SCAF_918	5277	499	0.09	0	2
SCAF_918_region	5277	499	0.09	0	2
total	51514314	838529619	16.28	0	100610
total_region	51514314	838529619	16.28	0	100610
