chrom	length	bases	mean	min	max
SCAF_1	5574741	243915092	43.75	0	3029
SCAF_1_region	5574741	243915092	43.75	0	3029
SCAF_2	4079479	185316866	45.43	0	2642
SCAF_2_region	4079479	185316866	45.43	0	2642
SCAF_3	3666439	179940329	49.08	0	5222
SCAF_3_region	3666439	179940329	49.08	0	5222
SCAF_4	2601389	139231156	53.52	0	2907
SCAF_4_region	2601389	139231156	53.52	0	2907
SCAF_5	2032088	92299022	45.42	0	6944
SCAF_5_region	2032088	92299022	45.42	0	6944
SCAF_6	1976889	98277152	49.71	0	3198
SCAF_6_region	1976889	98277152	49.71	0	3198
SCAF_7	1932263	87744650	45.41	0	3232
SCAF_7_region	1932263	87744650	45.41	0	3232
SCAF_8	1669080	67270872	40.30	0	1782
SCAF_8_region	1669080	67270872	40.30	0	1782
SCAF_9	1646134	76436151	46.43	0	3085
SCAF_9_region	1646134	76436151	46.43	0	3085
SCAF_10	1570817	69256309	44.09	0	1477
SCAF_10_region	1570817	69256309	44.09	0	1477
SCAF_11	1437752	66862551	46.50	0	637
SCAF_11_region	1437752	66862551	46.50	0	637
SCAF_12	978195	54853274	56.08	0	96342
SCAF_12_region	978195	54853274	56.08	0	96342
SCAF_13	598471	14169033	23.68	0	3547
SCAF_13_region	598471	14169033	23.68	0	3547
SCAF_14	247525	123554839	499.16	0	6679
SCAF_14_region	247525	123554839	499.16	0	6679
SCAF_15	224905	5631473	25.04	0	134
SCAF_15_region	224905	5631473	25.04	0	134
SCAF_16	181804	5447065	29.96	0	5746
SCAF_16_region	181804	5447065	29.96	0	5746
SCAF_17	176395	4523950	25.65	0	125
SCAF_17_region	176395	4523950	25.65	0	125
SCAF_18	160122	2124493	13.27	0	152
SCAF_18_region	160122	2124493	13.27	0	152
SCAF_19	139354	769451	5.52	0	121
SCAF_19_region	139354	769451	5.52	0	121
SCAF_20	131876	3580895	27.15	0	159
SCAF_20_region	131876	3580895	27.15	0	159
SCAF_21	130124	3283142	25.23	0	230
SCAF_21_region	130124	3283142	25.23	0	230
SCAF_22	121580	3898904	32.07	0	108
SCAF_22_region	121580	3898904	32.07	0	108
SCAF_23	117381	2925733	24.93	0	119
SCAF_23_region	117381	2925733	24.93	0	119
SCAF_24	115879	3572245	30.83	0	108
SCAF_24_region	115879	3572245	30.83	0	108
SCAF_25	115495	2761249	23.91	0	210
SCAF_25_region	115495	2761249	23.91	0	210
SCAF_26	113072	3166477	28.00	0	143
SCAF_26_region	113072	3166477	28.00	0	143
SCAF_27	110609	3543786	32.04	0	3335
SCAF_27_region	110609	3543786	32.04	0	3335
SCAF_28	109542	1058044	9.66	0	177
SCAF_28_region	109542	1058044	9.66	0	177
SCAF_29	108319	4261198	39.34	0	882
SCAF_29_region	108319	4261198	39.34	0	882
SCAF_30	107902	532952	4.94	0	551
SCAF_30_region	107902	532952	4.94	0	551
SCAF_31	106626	316351	2.97	0	285
SCAF_31_region	106626	316351	2.97	0	285
SCAF_32	102192	407399	3.99	0	690
SCAF_32_region	102192	407399	3.99	0	690
SCAF_33	98221	3270610	33.30	0	77
SCAF_33_region	98221	3270610	33.30	0	77
SCAF_34	97882	3355552	34.28	0	97
SCAF_34_region	97882	3355552	34.28	0	97
SCAF_35	95705	685761	7.17	0	1393
SCAF_35_region	95705	685761	7.17	0	1393
SCAF_36	94431	1922677	20.36	0	77
SCAF_36_region	94431	1922677	20.36	0	77
SCAF_37	92851	1551265	16.71	0	204
SCAF_37_region	92851	1551265	16.71	0	204
SCAF_38	89142	2312676	25.94	0	225
SCAF_38_region	89142	2312676	25.94	0	225
SCAF_39	88257	1970491	22.33	0	70
SCAF_39_region	88257	1970491	22.33	0	70
SCAF_40	85354	2373484	27.81	0	190
SCAF_40_region	85354	2373484	27.81	0	190
SCAF_41	82239	2250223	27.36	0	85
SCAF_41_region	82239	2250223	27.36	0	85
SCAF_42	77162	1952765	25.31	0	89
SCAF_42_region	77162	1952765	25.31	0	89
SCAF_43	76714	2377090	30.99	0	187
SCAF_43_region	76714	2377090	30.99	0	187
SCAF_44	76272	170628	2.24	0	578
SCAF_44_region	76272	170628	2.24	0	578
SCAF_45	73110	455250	6.23	0	107
SCAF_45_region	73110	455250	6.23	0	107
SCAF_46	72118	2664939	36.95	0	94
SCAF_46_region	72118	2664939	36.95	0	94
SCAF_47	70166	1860153	26.51	0	68
SCAF_47_region	70166	1860153	26.51	0	68
SCAF_48	69627	2447973	35.16	0	84
SCAF_48_region	69627	2447973	35.16	0	84
SCAF_49	69624	142169	2.04	0	234
SCAF_49_region	69624	142169	2.04	0	234
SCAF_50	68258	2345308	34.36	0	85
SCAF_50_region	68258	2345308	34.36	0	85
SCAF_51	66966	1431150	21.37	0	264
SCAF_51_region	66966	1431150	21.37	0	264
SCAF_52	66855	1360413	20.35	0	179
SCAF_52_region	66855	1360413	20.35	0	179
SCAF_53	65552	725601	11.07	0	210
SCAF_53_region	65552	725601	11.07	0	210
SCAF_54	65267	618922	9.48	0	102
SCAF_54_region	65267	618922	9.48	0	102
SCAF_55	65114	1421240	21.83	0	99
SCAF_55_region	65114	1421240	21.83	0	99
SCAF_56	62812	425528	6.77	0	205
SCAF_56_region	62812	425528	6.77	0	205
SCAF_57	62187	432535	6.96	0	150
SCAF_57_region	62187	432535	6.96	0	150
SCAF_58	61544	492355	8.00	0	294
SCAF_58_region	61544	492355	8.00	0	294
SCAF_59	61533	657575	10.69	0	117
SCAF_59_region	61533	657575	10.69	0	117
SCAF_60	61411	1391453	22.66	0	1452
SCAF_60_region	61411	1391453	22.66	0	1452
SCAF_61	61115	2305145	37.72	0	99
SCAF_61_region	61115	2305145	37.72	0	99
SCAF_62	59972	22789	0.38	0	87
SCAF_62_region	59972	22789	0.38	0	87
SCAF_63	59743	101097	1.69	0	211
SCAF_63_region	59743	101097	1.69	0	211
SCAF_64	58841	135935	2.31	0	258
SCAF_64_region	58841	135935	2.31	0	258
SCAF_65	58838	792372	13.47	0	86
SCAF_65_region	58838	792372	13.47	0	86
SCAF_66	58483	36675	0.63	0	68
SCAF_66_region	58483	36675	0.63	0	68
SCAF_67	57162	823093	14.40	0	152
SCAF_67_region	57162	823093	14.40	0	152
SCAF_68	56404	225051	3.99	0	97
SCAF_68_region	56404	225051	3.99	0	97
SCAF_69	55942	251290	4.49	0	54
SCAF_69_region	55942	251290	4.49	0	54
SCAF_70	55722	2113017	37.92	0	99
SCAF_70_region	55722	2113017	37.92	0	99
SCAF_71	55604	2020122	36.33	0	79
SCAF_71_region	55604	2020122	36.33	0	79
SCAF_72	54709	194950	3.56	0	34
SCAF_72_region	54709	194950	3.56	0	34
SCAF_73	52157	129064	2.47	0	50
SCAF_73_region	52157	129064	2.47	0	50
SCAF_74	52077	1859944	35.72	0	93
SCAF_74_region	52077	1859944	35.72	0	93
SCAF_75	51185	1177852	23.01	0	146
SCAF_75_region	51185	1177852	23.01	0	146
SCAF_76	50428	4957612	98.31	0	1926
SCAF_76_region	50428	4957612	98.31	0	1926
SCAF_77	50384	193510	3.84	0	146
SCAF_77_region	50384	193510	3.84	0	146
SCAF_78	49366	1804339	36.55	0	106
SCAF_78_region	49366	1804339	36.55	0	106
SCAF_79	49160	302543	6.15	0	182
SCAF_79_region	49160	302543	6.15	0	182
SCAF_80	48966	1671863	34.14	0	83
SCAF_80_region	48966	1671863	34.14	0	83
SCAF_81	48848	83004	1.70	0	42
SCAF_81_region	48848	83004	1.70	0	42
SCAF_82	48542	856618	17.65	0	179
SCAF_82_region	48542	856618	17.65	0	179
SCAF_83	48542	190596	3.93	0	65
SCAF_83_region	48542	190596	3.93	0	65
SCAF_84	47775	202903	4.25	0	79
SCAF_84_region	47775	202903	4.25	0	79
SCAF_85	47318	1791952	37.87	0	151
SCAF_85_region	47318	1791952	37.87	0	151
SCAF_86	46994	1589743	33.83	0	73
SCAF_86_region	46994	1589743	33.83	0	73
SCAF_87	46805	1436481	30.69	0	163
SCAF_87_region	46805	1436481	30.69	0	163
SCAF_88	46738	327569	7.01	0	34
SCAF_88_region	46738	327569	7.01	0	34
SCAF_89	46547	1111710	23.88	0	181
SCAF_89_region	46547	1111710	23.88	0	181
SCAF_90	46221	235675	5.10	0	92
SCAF_90_region	46221	235675	5.10	0	92
SCAF_91	44916	1670281	37.19	0	95
SCAF_91_region	44916	1670281	37.19	0	95
SCAF_92	44616	12467827	279.45	0	5538
SCAF_92_region	44616	12467827	279.45	0	5538
SCAF_93	44136	149019	3.38	0	56
SCAF_93_region	44136	149019	3.38	0	56
SCAF_94	43913	374139	8.52	0	79
SCAF_94_region	43913	374139	8.52	0	79
SCAF_95	43808	128385	2.93	0	43
SCAF_95_region	43808	128385	2.93	0	43
SCAF_96	43342	561256	12.95	0	77
SCAF_96_region	43342	561256	12.95	0	77
SCAF_97	43038	9919391	230.48	0	9036
SCAF_97_region	43038	9919391	230.48	0	9036
SCAF_98	42896	107775	2.51	0	53
SCAF_98_region	42896	107775	2.51	0	53
SCAF_99	42178	702177	16.65	0	63
SCAF_99_region	42178	702177	16.65	0	63
SCAF_100	41993	80253	1.91	0	62
SCAF_100_region	41993	80253	1.91	0	62
SCAF_101	41585	1180576	28.39	0	81
SCAF_101_region	41585	1180576	28.39	0	81
SCAF_102	41267	4093684	99.20	0	285
SCAF_102_region	41267	4093684	99.20	0	285
SCAF_103	41164	51548	1.25	0	34
SCAF_103_region	41164	51548	1.25	0	34
SCAF_104	40984	169461	4.13	0	49
SCAF_104_region	40984	169461	4.13	0	49
SCAF_105	40971	438989	10.71	0	107
SCAF_105_region	40971	438989	10.71	0	107
SCAF_106	40689	1302714	32.02	0	131
SCAF_106_region	40689	1302714	32.02	0	131
SCAF_107	40038	359005	8.97	0	118
SCAF_107_region	40038	359005	8.97	0	118
SCAF_108	39998	294629	7.37	0	253
SCAF_108_region	39998	294629	7.37	0	253
SCAF_109	39904	50865	1.27	0	44
SCAF_109_region	39904	50865	1.27	0	44
SCAF_110	39605	850383	21.47	0	128
SCAF_110_region	39605	850383	21.47	0	128
SCAF_111	39279	160837	4.09	0	83
SCAF_111_region	39279	160837	4.09	0	83
SCAF_112	39164	4027437	102.84	0	360
SCAF_112_region	39164	4027437	102.84	0	360
SCAF_113	39049	258926	6.63	0	61
SCAF_113_region	39049	258926	6.63	0	61
SCAF_114	38983	199496	5.12	0	69
SCAF_114_region	38983	199496	5.12	0	69
SCAF_115	38824	783374	20.18	0	779
SCAF_115_region	38824	783374	20.18	0	779
SCAF_116	37823	106753	2.82	0	80
SCAF_116_region	37823	106753	2.82	0	80
SCAF_117	37728	10077124	267.10	0	5581
SCAF_117_region	37728	10077124	267.10	0	5581
SCAF_118	37705	1244185	33.00	0	78
SCAF_118_region	37705	1244185	33.00	0	78
SCAF_119	37514	909369	24.24	0	192
SCAF_119_region	37514	909369	24.24	0	192
SCAF_120	37456	5555296	148.32	0	927
SCAF_120_region	37456	5555296	148.32	0	927
SCAF_121	37441	5173957	138.19	0	1671
SCAF_121_region	37441	5173957	138.19	0	1671
SCAF_122	37347	128789	3.45	0	282
SCAF_122_region	37347	128789	3.45	0	282
SCAF_123	37222	143729	3.86	0	66
SCAF_123_region	37222	143729	3.86	0	66
SCAF_124	36961	102191	2.76	0	711
SCAF_124_region	36961	102191	2.76	0	711
SCAF_125	36710	162866	4.44	0	27
SCAF_125_region	36710	162866	4.44	0	27
SCAF_126	36614	47328	1.29	0	27
SCAF_126_region	36614	47328	1.29	0	27
SCAF_127	36584	1028520	28.11	0	81
SCAF_127_region	36584	1028520	28.11	0	81
SCAF_128	36068	1436956	39.84	0	71
SCAF_128_region	36068	1436956	39.84	0	71
SCAF_129	35972	1296527	36.04	0	75
SCAF_129_region	35972	1296527	36.04	0	75
SCAF_130	35925	1085493	30.22	0	84
SCAF_130_region	35925	1085493	30.22	0	84
SCAF_131	35704	8673	0.24	0	8
SCAF_131_region	35704	8673	0.24	0	8
SCAF_132	35264	730804	20.72	0	59
SCAF_132_region	35264	730804	20.72	0	59
SCAF_133	35121	8034214	228.76	0	5132
SCAF_133_region	35121	8034214	228.76	0	5132
SCAF_134	35117	390554	11.12	0	80
SCAF_134_region	35117	390554	11.12	0	80
SCAF_135	34903	152883	4.38	0	26
SCAF_135_region	34903	152883	4.38	0	26
SCAF_136	34900	6281816	179.99	0	860
SCAF_136_region	34900	6281816	179.99	0	860
SCAF_137	34765	122894	3.53	0	34
SCAF_137_region	34765	122894	3.53	0	34
SCAF_138	34687	110264	3.18	0	584
SCAF_138_region	34687	110264	3.18	0	584
SCAF_139	34615	862497	24.92	0	111
SCAF_139_region	34615	862497	24.92	0	111
SCAF_140	34599	6615520	191.21	0	1768
SCAF_140_region	34599	6615520	191.21	0	1768
SCAF_141	34497	5476178	158.74	0	7286
SCAF_141_region	34497	5476178	158.74	0	7286
SCAF_142	34440	6016007	174.68	0	750
SCAF_142_region	34440	6016007	174.68	0	750
SCAF_143	34384	197894	5.76	0	42
SCAF_143_region	34384	197894	5.76	0	42
SCAF_144	34330	167737	4.89	0	49
SCAF_144_region	34330	167737	4.89	0	49
SCAF_145	34087	350962	10.30	0	62
SCAF_145_region	34087	350962	10.30	0	62
SCAF_146	33692	928505	27.56	0	80
SCAF_146_region	33692	928505	27.56	0	80
SCAF_147	33483	6189561	184.86	0	2680
SCAF_147_region	33483	6189561	184.86	0	2680
SCAF_148	33469	334183	9.98	0	168
SCAF_148_region	33469	334183	9.98	0	168
SCAF_149	33420	3572336	106.89	0	803
SCAF_149_region	33420	3572336	106.89	0	803
SCAF_150	33347	114911	3.45	0	44
SCAF_150_region	33347	114911	3.45	0	44
SCAF_151	33283	39812	1.20	0	134
SCAF_151_region	33283	39812	1.20	0	134
SCAF_152	33266	149616	4.50	0	41
SCAF_152_region	33266	149616	4.50	0	41
SCAF_153	33237	83837	2.52	0	37
SCAF_153_region	33237	83837	2.52	0	37
SCAF_154	33139	79234	2.39	0	133
SCAF_154_region	33139	79234	2.39	0	133
SCAF_155	33127	8951317	270.21	0	1492
SCAF_155_region	33127	8951317	270.21	0	1492
SCAF_156	32748	106252	3.24	0	256
SCAF_156_region	32748	106252	3.24	0	256
SCAF_157	32666	235440	7.21	0	221
SCAF_157_region	32666	235440	7.21	0	221
SCAF_158	32618	40399	1.24	0	27
SCAF_158_region	32618	40399	1.24	0	27
SCAF_159	32358	11499	0.36	0	13
SCAF_159_region	32358	11499	0.36	0	13
SCAF_160	32136	142992	4.45	0	55
SCAF_160_region	32136	142992	4.45	0	55
SCAF_161	32035	135055	4.22	0	35
SCAF_161_region	32035	135055	4.22	0	35
SCAF_162	31954	297124	9.30	0	135
SCAF_162_region	31954	297124	9.30	0	135
SCAF_163	31782	190042	5.98	0	105
SCAF_163_region	31782	190042	5.98	0	105
SCAF_164	31669	119148	3.76	0	34
SCAF_164_region	31669	119148	3.76	0	34
SCAF_165	31629	1315325	41.59	0	115
SCAF_165_region	31629	1315325	41.59	0	115
SCAF_166	31581	15532	0.49	0	23
SCAF_166_region	31581	15532	0.49	0	23
SCAF_167	31556	175850	5.57	0	68
SCAF_167_region	31556	175850	5.57	0	68
SCAF_168	31421	201486	6.41	0	26
SCAF_168_region	31421	201486	6.41	0	26
SCAF_169	31314	199262	6.36	0	46
SCAF_169_region	31314	199262	6.36	0	46
SCAF_170	31127	92748	2.98	0	36
SCAF_170_region	31127	92748	2.98	0	36
SCAF_171	31061	5874521	189.13	0	1169
SCAF_171_region	31061	5874521	189.13	0	1169
SCAF_172	31059	6723	0.22	0	19
SCAF_172_region	31059	6723	0.22	0	19
SCAF_173	30866	102405	3.32	0	49
SCAF_173_region	30866	102405	3.32	0	49
SCAF_174	30739	7249782	235.85	0	4313
SCAF_174_region	30739	7249782	235.85	0	4313
SCAF_175	30330	107390	3.54	0	136
SCAF_175_region	30330	107390	3.54	0	136
SCAF_176	30301	301844	9.96	0	1389
SCAF_176_region	30301	301844	9.96	0	1389
SCAF_177	30226	312581	10.34	0	146
SCAF_177_region	30226	312581	10.34	0	146
SCAF_178	30187	75991	2.52	0	39
SCAF_178_region	30187	75991	2.52	0	39
SCAF_179	30183	175671	5.82	0	33
SCAF_179_region	30183	175671	5.82	0	33
SCAF_180	30131	327251	10.86	0	183
SCAF_180_region	30131	327251	10.86	0	183
SCAF_181	30071	265868	8.84	0	159
SCAF_181_region	30071	265868	8.84	0	159
SCAF_182	30032	302772	10.08	0	61
SCAF_182_region	30032	302772	10.08	0	61
SCAF_183	30005	68576	2.29	0	30
SCAF_183_region	30005	68576	2.29	0	30
SCAF_184	29541	45513	1.54	0	135
SCAF_184_region	29541	45513	1.54	0	135
SCAF_185	29415	270074	9.18	0	107
SCAF_185_region	29415	270074	9.18	0	107
SCAF_186	29375	113069	3.85	0	44
SCAF_186_region	29375	113069	3.85	0	44
SCAF_187	29360	240094	8.18	0	145
SCAF_187_region	29360	240094	8.18	0	145
SCAF_188	29327	1001182	34.14	0	80
SCAF_188_region	29327	1001182	34.14	0	80
SCAF_189	29236	85656	2.93	0	58
SCAF_189_region	29236	85656	2.93	0	58
SCAF_190	29216	80644	2.76	0	176
SCAF_190_region	29216	80644	2.76	0	176
SCAF_191	29200	39269	1.34	0	40
SCAF_191_region	29200	39269	1.34	0	40
SCAF_192	29083	2617061	89.99	0	340
SCAF_192_region	29083	2617061	89.99	0	340
SCAF_193	29081	89793	3.09	0	112
SCAF_193_region	29081	89793	3.09	0	112
SCAF_194	28863	1509502	52.30	0	272
SCAF_194_region	28863	1509502	52.30	0	272
SCAF_195	28688	49944	1.74	0	94
SCAF_195_region	28688	49944	1.74	0	94
SCAF_196	28688	249030	8.68	0	290
SCAF_196_region	28688	249030	8.68	0	290
SCAF_197	28670	214097	7.47	0	231
SCAF_197_region	28670	214097	7.47	0	231
SCAF_198	28585	720253	25.20	0	86
SCAF_198_region	28585	720253	25.20	0	86
SCAF_199	28585	31658	1.11	0	74
SCAF_199_region	28585	31658	1.11	0	74
SCAF_200	28563	165545	5.80	0	44
SCAF_200_region	28563	165545	5.80	0	44
SCAF_201	28551	30989	1.09	0	21
SCAF_201_region	28551	30989	1.09	0	21
SCAF_202	28219	137157	4.86	0	35
SCAF_202_region	28219	137157	4.86	0	35
SCAF_203	28217	131535	4.66	0	74
SCAF_203_region	28217	131535	4.66	0	74
SCAF_204	28187	71037	2.52	0	524
SCAF_204_region	28187	71037	2.52	0	524
SCAF_205	28138	130187	4.63	0	56
SCAF_205_region	28138	130187	4.63	0	56
SCAF_206	28111	60885	2.17	0	31
SCAF_206_region	28111	60885	2.17	0	31
SCAF_207	27959	952980	34.08	0	75
SCAF_207_region	27959	952980	34.08	0	75
SCAF_208	27935	5941443	212.69	0	7131
SCAF_208_region	27935	5941443	212.69	0	7131
SCAF_209	27830	149778	5.38	0	34
SCAF_209_region	27830	149778	5.38	0	34
SCAF_210	27781	79812	2.87	0	45
SCAF_210_region	27781	79812	2.87	0	45
SCAF_211	27774	1070167	38.53	0	118
SCAF_211_region	27774	1070167	38.53	0	118
SCAF_212	27772	201463	7.25	0	62
SCAF_212_region	27772	201463	7.25	0	62
SCAF_213	27728	123056	4.44	0	121
SCAF_213_region	27728	123056	4.44	0	121
SCAF_214	27690	177557	6.41	0	36
SCAF_214_region	27690	177557	6.41	0	36
SCAF_215	27659	5759375	208.23	0	917
SCAF_215_region	27659	5759375	208.23	0	917
SCAF_216	27637	120480	4.36	0	75
SCAF_216_region	27637	120480	4.36	0	75
SCAF_217	27634	49990	1.81	0	28
SCAF_217_region	27634	49990	1.81	0	28
SCAF_218	27594	841345	30.49	0	69
SCAF_218_region	27594	841345	30.49	0	69
SCAF_219	27563	7524	0.27	0	13
SCAF_219_region	27563	7524	0.27	0	13
SCAF_220	27545	908137	32.97	0	74
SCAF_220_region	27545	908137	32.97	0	74
SCAF_221	27530	145484	5.28	0	35
SCAF_221_region	27530	145484	5.28	0	35
SCAF_222	27515	15552	0.57	0	18
SCAF_222_region	27515	15552	0.57	0	18
SCAF_223	27476	56188	2.04	0	62
SCAF_223_region	27476	56188	2.04	0	62
SCAF_224	27450	40606	1.48	0	16
SCAF_224_region	27450	40606	1.48	0	16
SCAF_225	27344	25106	0.92	0	16
SCAF_225_region	27344	25106	0.92	0	16
SCAF_226	27270	589717	21.63	0	471
SCAF_226_region	27270	589717	21.63	0	471
SCAF_227	27232	151128	5.55	0	47
SCAF_227_region	27232	151128	5.55	0	47
SCAF_228	27189	153103	5.63	0	77
SCAF_228_region	27189	153103	5.63	0	77
SCAF_229	27037	153013	5.66	0	51
SCAF_229_region	27037	153013	5.66	0	51
SCAF_230	26948	178811	6.64	0	53
SCAF_230_region	26948	178811	6.64	0	53
SCAF_231	26899	67737	2.52	0	43
SCAF_231_region	26899	67737	2.52	0	43
SCAF_232	26856	91587	3.41	0	26
SCAF_232_region	26856	91587	3.41	0	26
SCAF_233	26767	78326	2.93	0	48
SCAF_233_region	26767	78326	2.93	0	48
SCAF_234	26700	4292455	160.77	0	752
SCAF_234_region	26700	4292455	160.77	0	752
SCAF_235	26660	8896216	333.69	0	2903
SCAF_235_region	26660	8896216	333.69	0	2903
SCAF_236	26499	134010	5.06	0	39
SCAF_236_region	26499	134010	5.06	0	39
SCAF_237	26482	430169	16.24	0	55
SCAF_237_region	26482	430169	16.24	0	55
SCAF_238	26369	94528	3.58	0	91
SCAF_238_region	26369	94528	3.58	0	91
SCAF_239	26171	134317	5.13	0	50
SCAF_239_region	26171	134317	5.13	0	50
SCAF_240	26148	60628	2.32	0	56
SCAF_240_region	26148	60628	2.32	0	56
SCAF_241	26131	572920	21.92	0	94
SCAF_241_region	26131	572920	21.92	0	94
SCAF_242	26114	137529	5.27	0	46
SCAF_242_region	26114	137529	5.27	0	46
SCAF_243	26085	124006	4.75	0	31
SCAF_243_region	26085	124006	4.75	0	31
SCAF_244	26060	13804	0.53	0	11
SCAF_244_region	26060	13804	0.53	0	11
SCAF_245	25968	23665	0.91	0	32
SCAF_245_region	25968	23665	0.91	0	32
SCAF_246	25946	5361617	206.65	0	5149
SCAF_246_region	25946	5361617	206.65	0	5149
SCAF_247	25940	964136	37.17	0	112
SCAF_247_region	25940	964136	37.17	0	112
SCAF_248	25895	24083	0.93	0	26
SCAF_248_region	25895	24083	0.93	0	26
SCAF_249	25885	178024	6.88	0	25
SCAF_249_region	25885	178024	6.88	0	25
SCAF_250	25884	722932	27.93	0	84
SCAF_250_region	25884	722932	27.93	0	84
SCAF_251	25874	69065	2.67	0	56
SCAF_251_region	25874	69065	2.67	0	56
SCAF_252	25864	7269	0.28	0	9
SCAF_252_region	25864	7269	0.28	0	9
SCAF_253	25825	55194	2.14	0	20
SCAF_253_region	25825	55194	2.14	0	20
SCAF_254	25798	53361	2.07	0	133
SCAF_254_region	25798	53361	2.07	0	133
SCAF_255	25728	20351	0.79	0	15
SCAF_255_region	25728	20351	0.79	0	15
SCAF_256	25725	60412	2.35	0	38
SCAF_256_region	25725	60412	2.35	0	38
SCAF_257	25720	444670	17.29	0	61
SCAF_257_region	25720	444670	17.29	0	61
SCAF_258	25700	73114	2.84	0	324
SCAF_258_region	25700	73114	2.84	0	324
SCAF_259	25645	230498	8.99	0	208
SCAF_259_region	25645	230498	8.99	0	208
SCAF_260	25595	626284	24.47	0	92
SCAF_260_region	25595	626284	24.47	0	92
SCAF_261	25593	81785	3.20	0	28
SCAF_261_region	25593	81785	3.20	0	28
SCAF_262	25592	85407	3.34	0	22
SCAF_262_region	25592	85407	3.34	0	22
SCAF_263	25481	62610	2.46	0	82
SCAF_263_region	25481	62610	2.46	0	82
SCAF_264	25444	912933	35.88	0	110
SCAF_264_region	25444	912933	35.88	0	110
SCAF_265	25436	86501	3.40	0	41
SCAF_265_region	25436	86501	3.40	0	41
SCAF_266	25377	659389	25.98	0	84
SCAF_266_region	25377	659389	25.98	0	84
SCAF_267	25340	893812	35.27	0	72
SCAF_267_region	25340	893812	35.27	0	72
SCAF_268	25329	122420	4.83	0	51
SCAF_268_region	25329	122420	4.83	0	51
SCAF_269	25264	41220	1.63	0	60
SCAF_269_region	25264	41220	1.63	0	60
SCAF_270	25225	84495	3.35	0	31
SCAF_270_region	25225	84495	3.35	0	31
SCAF_271	25206	22468	0.89	0	27
SCAF_271_region	25206	22468	0.89	0	27
SCAF_272	25161	79491	3.16	0	68
SCAF_272_region	25161	79491	3.16	0	68
SCAF_273	25090	65928	2.63	0	61
SCAF_273_region	25090	65928	2.63	0	61
SCAF_274	24834	42180	1.70	0	24
SCAF_274_region	24834	42180	1.70	0	24
SCAF_275	24832	2875569	115.80	0	1914
SCAF_275_region	24832	2875569	115.80	0	1914
SCAF_276	24811	128940	5.20	0	67
SCAF_276_region	24811	128940	5.20	0	67
SCAF_277	24713	90493	3.66	0	55
SCAF_277_region	24713	90493	3.66	0	55
SCAF_278	24673	37884	1.54	0	34
SCAF_278_region	24673	37884	1.54	0	34
SCAF_279	24542	96008	3.91	0	29
SCAF_279_region	24542	96008	3.91	0	29
SCAF_280	24528	70701	2.88	0	41
SCAF_280_region	24528	70701	2.88	0	41
SCAF_281	24435	8385	0.34	0	15
SCAF_281_region	24435	8385	0.34	0	15
SCAF_282	24359	20152	0.83	0	24
SCAF_282_region	24359	20152	0.83	0	24
SCAF_283	24173	666227	27.56	0	64
SCAF_283_region	24173	666227	27.56	0	64
SCAF_284	24152	3292220	136.31	0	598
SCAF_284_region	24152	3292220	136.31	0	598
SCAF_285	24110	5687	0.24	0	10
SCAF_285_region	24110	5687	0.24	0	10
SCAF_286	24066	136418	5.67	0	341
SCAF_286_region	24066	136418	5.67	0	341
SCAF_287	23981	27451	1.14	0	48
SCAF_287_region	23981	27451	1.14	0	48
SCAF_288	23980	56001	2.34	0	24
SCAF_288_region	23980	56001	2.34	0	24
SCAF_289	23950	206453	8.62	0	92
SCAF_289_region	23950	206453	8.62	0	92
SCAF_290	23945	126505	5.28	0	53
SCAF_290_region	23945	126505	5.28	0	53
SCAF_291	23886	17533	0.73	0	15
SCAF_291_region	23886	17533	0.73	0	15
SCAF_292	23860	114826	4.81	0	59
SCAF_292_region	23860	114826	4.81	0	59
SCAF_293	23814	160087	6.72	0	24
SCAF_293_region	23814	160087	6.72	0	24
SCAF_294	23796	130900	5.50	0	42
SCAF_294_region	23796	130900	5.50	0	42
SCAF_295	23767	134559	5.66	0	94
SCAF_295_region	23767	134559	5.66	0	94
SCAF_296	23762	199428	8.39	0	1807
SCAF_296_region	23762	199428	8.39	0	1807
SCAF_297	23695	345893	14.60	0	90
SCAF_297_region	23695	345893	14.60	0	90
SCAF_298	23666	18056	0.76	0	31
SCAF_298_region	23666	18056	0.76	0	31
SCAF_299	23648	66138	2.80	0	212
SCAF_299_region	23648	66138	2.80	0	212
SCAF_300	23643	5281710	223.39	0	1425
SCAF_300_region	23643	5281710	223.39	0	1425
SCAF_301	23638	208478	8.82	0	70
SCAF_301_region	23638	208478	8.82	0	70
SCAF_302	23633	142287	6.02	0	105
SCAF_302_region	23633	142287	6.02	0	105
SCAF_303	23629	121257	5.13	0	23
SCAF_303_region	23629	121257	5.13	0	23
SCAF_304	23571	317319	13.46	0	109
SCAF_304_region	23571	317319	13.46	0	109
SCAF_305	23555	453657	19.26	0	81
SCAF_305_region	23555	453657	19.26	0	81
SCAF_306	23322	177531	7.61	0	56
SCAF_306_region	23322	177531	7.61	0	56
SCAF_307	23295	108086	4.64	0	41
SCAF_307_region	23295	108086	4.64	0	41
SCAF_308	23075	3548124	153.76	0	3115
SCAF_308_region	23075	3548124	153.76	0	3115
SCAF_309	23057	99490	4.31	0	35
SCAF_309_region	23057	99490	4.31	0	35
SCAF_310	23011	165354	7.19	0	36
SCAF_310_region	23011	165354	7.19	0	36
SCAF_311	22999	8750	0.38	0	67
SCAF_311_region	22999	8750	0.38	0	67
SCAF_312	22896	171250	7.48	0	48
SCAF_312_region	22896	171250	7.48	0	48
SCAF_313	22877	20117	0.88	0	20
SCAF_313_region	22877	20117	0.88	0	20
SCAF_314	22871	5721870	250.18	0	3452
SCAF_314_region	22871	5721870	250.18	0	3452
SCAF_315	22844	19953	0.87	0	157
SCAF_315_region	22844	19953	0.87	0	157
SCAF_316	22844	25070	1.10	0	41
SCAF_316_region	22844	25070	1.10	0	41
SCAF_317	22833	110788	4.85	0	39
SCAF_317_region	22833	110788	4.85	0	39
SCAF_318	22713	18270	0.80	0	24
SCAF_318_region	22713	18270	0.80	0	24
SCAF_319	22685	31871	1.40	0	58
SCAF_319_region	22685	31871	1.40	0	58
SCAF_320	22653	25167	1.11	0	16
SCAF_320_region	22653	25167	1.11	0	16
SCAF_321	22554	105500	4.68	0	23
SCAF_321_region	22554	105500	4.68	0	23
SCAF_322	22539	112043	4.97	0	27
SCAF_322_region	22539	112043	4.97	0	27
SCAF_323	22525	101543	4.51	0	132
SCAF_323_region	22525	101543	4.51	0	132
SCAF_324	22489	724714	32.23	0	92
SCAF_324_region	22489	724714	32.23	0	92
SCAF_325	22468	327925	14.60	0	88
SCAF_325_region	22468	327925	14.60	0	88
SCAF_326	22392	5619804	250.97	0	3192
SCAF_326_region	22392	5619804	250.97	0	3192
SCAF_327	22337	51690	2.31	0	59
SCAF_327_region	22337	51690	2.31	0	59
SCAF_328	22280	5708246	256.20	0	1216
SCAF_328_region	22280	5708246	256.20	0	1216
SCAF_329	22245	31448	1.41	0	35
SCAF_329_region	22245	31448	1.41	0	35
SCAF_330	22040	50901	2.31	0	28
SCAF_330_region	22040	50901	2.31	0	28
SCAF_331	22029	11288	0.51	0	13
SCAF_331_region	22029	11288	0.51	0	13
SCAF_332	21923	59072	2.69	0	21
SCAF_332_region	21923	59072	2.69	0	21
SCAF_333	21867	188254	8.61	0	84
SCAF_333_region	21867	188254	8.61	0	84
SCAF_334	21813	90279	4.14	0	77
SCAF_334_region	21813	90279	4.14	0	77
SCAF_335	21800	415478	19.06	0	90
SCAF_335_region	21800	415478	19.06	0	90
SCAF_336	21691	21737	1.00	0	29
SCAF_336_region	21691	21737	1.00	0	29
SCAF_337	21675	49365	2.28	0	108
SCAF_337_region	21675	49365	2.28	0	108
SCAF_338	21621	24858	1.15	0	62
SCAF_338_region	21621	24858	1.15	0	62
SCAF_339	21529	28635	1.33	0	119
SCAF_339_region	21529	28635	1.33	0	119
SCAF_340	21472	115486	5.38	0	48
SCAF_340_region	21472	115486	5.38	0	48
SCAF_341	21449	71277	3.32	0	21
SCAF_341_region	21449	71277	3.32	0	21
SCAF_342	21444	211404	9.86	0	286
SCAF_342_region	21444	211404	9.86	0	286
SCAF_343	21365	37720	1.77	0	29
SCAF_343_region	21365	37720	1.77	0	29
SCAF_344	21355	339408	15.89	0	61
SCAF_344_region	21355	339408	15.89	0	61
SCAF_345	21334	100968	4.73	0	69
SCAF_345_region	21334	100968	4.73	0	69
SCAF_346	21294	3654685	171.63	0	644
SCAF_346_region	21294	3654685	171.63	0	644
SCAF_347	21288	7172	0.34	0	31
SCAF_347_region	21288	7172	0.34	0	31
SCAF_348	21209	50169	2.37	0	40
SCAF_348_region	21209	50169	2.37	0	40
SCAF_349	21199	6723	0.32	0	14
SCAF_349_region	21199	6723	0.32	0	14
SCAF_350	21189	14678	0.69	0	90
SCAF_350_region	21189	14678	0.69	0	90
SCAF_351	21106	599603	28.41	0	62
SCAF_351_region	21106	599603	28.41	0	62
SCAF_352	21098	143737	6.81	0	66
SCAF_352_region	21098	143737	6.81	0	66
SCAF_353	21078	33588	1.59	0	33
SCAF_353_region	21078	33588	1.59	0	33
SCAF_354	20991	37424	1.78	0	50
SCAF_354_region	20991	37424	1.78	0	50
SCAF_355	20981	20905	1.00	0	41
SCAF_355_region	20981	20905	1.00	0	41
SCAF_356	20980	119573	5.70	0	48
SCAF_356_region	20980	119573	5.70	0	48
SCAF_357	20976	43412	2.07	0	131
SCAF_357_region	20976	43412	2.07	0	131
SCAF_358	20871	14926	0.72	0	27
SCAF_358_region	20871	14926	0.72	0	27
SCAF_359	20831	32814	1.58	0	25
SCAF_359_region	20831	32814	1.58	0	25
SCAF_360	20777	34500	1.66	0	98
SCAF_360_region	20777	34500	1.66	0	98
SCAF_361	20737	128192	6.18	0	69
SCAF_361_region	20737	128192	6.18	0	69
SCAF_362	20702	634818	30.66	0	97
SCAF_362_region	20702	634818	30.66	0	97
SCAF_363	20586	8337	0.40	0	13
SCAF_363_region	20586	8337	0.40	0	13
SCAF_364	20574	162464	7.90	0	80
SCAF_364_region	20574	162464	7.90	0	80
SCAF_365	20553	21232	1.03	0	33
SCAF_365_region	20553	21232	1.03	0	33
SCAF_366	20522	58544	2.85	0	75
SCAF_366_region	20522	58544	2.85	0	75
SCAF_367	20517	78999	3.85	0	97
SCAF_367_region	20517	78999	3.85	0	97
SCAF_368	20452	297065	14.52	0	65
SCAF_368_region	20452	297065	14.52	0	65
SCAF_369	20438	436209	21.34	0	90
SCAF_369_region	20438	436209	21.34	0	90
SCAF_370	20350	21767	1.07	0	38
SCAF_370_region	20350	21767	1.07	0	38
SCAF_371	20349	39492	1.94	0	203
SCAF_371_region	20349	39492	1.94	0	203
SCAF_372	20285	64320	3.17	0	84
SCAF_372_region	20285	64320	3.17	0	84
SCAF_373	20282	57535	2.84	0	72
SCAF_373_region	20282	57535	2.84	0	72
SCAF_374	20282	4012135	197.82	0	900
SCAF_374_region	20282	4012135	197.82	0	900
SCAF_375	20179	201208	9.97	0	209
SCAF_375_region	20179	201208	9.97	0	209
SCAF_376	20174	137091	6.80	0	34
SCAF_376_region	20174	137091	6.80	0	34
SCAF_377	20160	108503	5.38	0	48
SCAF_377_region	20160	108503	5.38	0	48
SCAF_378	20157	2649512	131.44	0	751
SCAF_378_region	20157	2649512	131.44	0	751
SCAF_379	20150	341989	16.97	0	82
SCAF_379_region	20150	341989	16.97	0	82
SCAF_380	20140	30407	1.51	0	58
SCAF_380_region	20140	30407	1.51	0	58
SCAF_381	20082	33720	1.68	0	46
SCAF_381_region	20082	33720	1.68	0	46
SCAF_382	20068	17704	0.88	0	31
SCAF_382_region	20068	17704	0.88	0	31
SCAF_383	20052	23334	1.16	0	20
SCAF_383_region	20052	23334	1.16	0	20
SCAF_384	20039	413884	20.65	0	87
SCAF_384_region	20039	413884	20.65	0	87
SCAF_385	20036	334675	16.70	0	69
SCAF_385_region	20036	334675	16.70	0	69
SCAF_386	20004	111319	5.56	0	26
SCAF_386_region	20004	111319	5.56	0	26
SCAF_387	19967	92312	4.62	0	59
SCAF_387_region	19967	92312	4.62	0	59
SCAF_388	19953	534683	26.80	0	126
SCAF_388_region	19953	534683	26.80	0	126
SCAF_389	19874	32535	1.64	0	35
SCAF_389_region	19874	32535	1.64	0	35
SCAF_390	19870	2654367	133.59	0	975
SCAF_390_region	19870	2654367	133.59	0	975
SCAF_391	19819	31238	1.58	0	43
SCAF_391_region	19819	31238	1.58	0	43
SCAF_392	19814	41292	2.08	0	45
SCAF_392_region	19814	41292	2.08	0	45
SCAF_393	19805	38709	1.95	0	38
SCAF_393_region	19805	38709	1.95	0	38
SCAF_394	19796	101273	5.12	0	19
SCAF_394_region	19796	101273	5.12	0	19
SCAF_395	19788	9131314	461.46	0	3284
SCAF_395_region	19788	9131314	461.46	0	3284
SCAF_396	19769	168608	8.53	0	66
SCAF_396_region	19769	168608	8.53	0	66
SCAF_397	19737	281301	14.25	0	67
SCAF_397_region	19737	281301	14.25	0	67
SCAF_398	19694	315971	16.04	0	58
SCAF_398_region	19694	315971	16.04	0	58
SCAF_399	19627	87161	4.44	0	26
SCAF_399_region	19627	87161	4.44	0	26
SCAF_400	19559	236919	12.11	0	149
SCAF_400_region	19559	236919	12.11	0	149
SCAF_401	19529	57820	2.96	0	41
SCAF_401_region	19529	57820	2.96	0	41
SCAF_402	19485	44357	2.28	0	62
SCAF_402_region	19485	44357	2.28	0	62
SCAF_403	19440	110998	5.71	0	116
SCAF_403_region	19440	110998	5.71	0	116
SCAF_404	19429	75570	3.89	0	63
SCAF_404_region	19429	75570	3.89	0	63
SCAF_405	19412	43184	2.22	0	58
SCAF_405_region	19412	43184	2.22	0	58
SCAF_406	19412	50180	2.58	0	53
SCAF_406_region	19412	50180	2.58	0	53
SCAF_407	19392	56963	2.94	0	48
SCAF_407_region	19392	56963	2.94	0	48
SCAF_408	19383	3651	0.19	0	12
SCAF_408_region	19383	3651	0.19	0	12
SCAF_409	19350	24198	1.25	0	29
SCAF_409_region	19350	24198	1.25	0	29
SCAF_410	19334	53508	2.77	0	40
SCAF_410_region	19334	53508	2.77	0	40
SCAF_411	19319	10003	0.52	0	11
SCAF_411_region	19319	10003	0.52	0	11
SCAF_412	19298	587123	30.42	0	69
SCAF_412_region	19298	587123	30.42	0	69
SCAF_413	19281	561560	29.13	0	70
SCAF_413_region	19281	561560	29.13	0	70
SCAF_414	19250	136728	7.10	0	97
SCAF_414_region	19250	136728	7.10	0	97
SCAF_415	19240	82702	4.30	0	76
SCAF_415_region	19240	82702	4.30	0	76
SCAF_416	19198	72699	3.79	0	64
SCAF_416_region	19198	72699	3.79	0	64
SCAF_417	19156	18203	0.95	0	68
SCAF_417_region	19156	18203	0.95	0	68
SCAF_418	19069	2863772	150.18	0	673
SCAF_418_region	19069	2863772	150.18	0	673
SCAF_419	19061	178706	9.38	0	54
SCAF_419_region	19061	178706	9.38	0	54
SCAF_420	19040	14968	0.79	0	17
SCAF_420_region	19040	14968	0.79	0	17
SCAF_421	19012	87400	4.60	0	22
SCAF_421_region	19012	87400	4.60	0	22
SCAF_422	18950	204735	10.80	0	94
SCAF_422_region	18950	204735	10.80	0	94
SCAF_423	18945	98741	5.21	0	53
SCAF_423_region	18945	98741	5.21	0	53
SCAF_424	18943	55053	2.91	0	96
SCAF_424_region	18943	55053	2.91	0	96
SCAF_425	18932	223552	11.81	0	69
SCAF_425_region	18932	223552	11.81	0	69
SCAF_426	18882	29094	1.54	0	16
SCAF_426_region	18882	29094	1.54	0	16
SCAF_427	18874	237422	12.58	0	297
SCAF_427_region	18874	237422	12.58	0	297
SCAF_428	18866	1524276	80.79	0	603
SCAF_428_region	18866	1524276	80.79	0	603
SCAF_429	18866	171622	9.10	0	171
SCAF_429_region	18866	171622	9.10	0	171
SCAF_430	18815	42868	2.28	0	20
SCAF_430_region	18815	42868	2.28	0	20
SCAF_431	18805	555612	29.55	0	63
SCAF_431_region	18805	555612	29.55	0	63
SCAF_432	18790	625699	33.30	0	254
SCAF_432_region	18790	625699	33.30	0	254
SCAF_433	18773	25398	1.35	0	37
SCAF_433_region	18773	25398	1.35	0	37
SCAF_434	18766	76830	4.09	0	66
SCAF_434_region	18766	76830	4.09	0	66
SCAF_435	18753	335062	17.87	0	111
SCAF_435_region	18753	335062	17.87	0	111
SCAF_436	18746	207611	11.07	0	73
SCAF_436_region	18746	207611	11.07	0	73
SCAF_437	18721	135613	7.24	0	54
SCAF_437_region	18721	135613	7.24	0	54
SCAF_438	18669	17919	0.96	0	21
SCAF_438_region	18669	17919	0.96	0	21
SCAF_439	18588	49392	2.66	0	404
SCAF_439_region	18588	49392	2.66	0	404
SCAF_440	18561	27458	1.48	0	172
SCAF_440_region	18561	27458	1.48	0	172
SCAF_441	18530	75496	4.07	0	85
SCAF_441_region	18530	75496	4.07	0	85
SCAF_442	18489	19546	1.06	0	19
SCAF_442_region	18489	19546	1.06	0	19
SCAF_443	18479	46963	2.54	0	52
SCAF_443_region	18479	46963	2.54	0	52
SCAF_444	18424	168226	9.13	0	45
SCAF_444_region	18424	168226	9.13	0	45
SCAF_445	18396	117057	6.36	0	21
SCAF_445_region	18396	117057	6.36	0	21
SCAF_446	18392	330169	17.95	0	65
SCAF_446_region	18392	330169	17.95	0	65
SCAF_447	18255	34710	1.90	0	20
SCAF_447_region	18255	34710	1.90	0	20
SCAF_448	18252	376174	20.61	0	54
SCAF_448_region	18252	376174	20.61	0	54
SCAF_449	18248	88099	4.83	0	27
SCAF_449_region	18248	88099	4.83	0	27
SCAF_450	18208	32488	1.78	0	38
SCAF_450_region	18208	32488	1.78	0	38
SCAF_451	18202	80230	4.41	0	78
SCAF_451_region	18202	80230	4.41	0	78
SCAF_452	18192	17273	0.95	0	39
SCAF_452_region	18192	17273	0.95	0	39
SCAF_453	18150	22684	1.25	0	45
SCAF_453_region	18150	22684	1.25	0	45
SCAF_454	18134	9499	0.52	0	18
SCAF_454_region	18134	9499	0.52	0	18
SCAF_455	18114	6238	0.34	0	76
SCAF_455_region	18114	6238	0.34	0	76
SCAF_456	18112	20489	1.13	0	54
SCAF_456_region	18112	20489	1.13	0	54
SCAF_457	18054	518260	28.71	0	71
SCAF_457_region	18054	518260	28.71	0	71
SCAF_458	18006	86506	4.80	0	23
SCAF_458_region	18006	86506	4.80	0	23
SCAF_459	18000	10322	0.57	0	20
SCAF_459_region	18000	10322	0.57	0	20
SCAF_460	17967	156168	8.69	0	78
SCAF_460_region	17967	156168	8.69	0	78
SCAF_461	17943	14596	0.81	0	32
SCAF_461_region	17943	14596	0.81	0	32
SCAF_462	17929	2179	0.12	0	16
SCAF_462_region	17929	2179	0.12	0	16
SCAF_463	17921	9747	0.54	0	12
SCAF_463_region	17921	9747	0.54	0	12
SCAF_464	17913	126996	7.09	0	38
SCAF_464_region	17913	126996	7.09	0	38
SCAF_465	17912	40699	2.27	0	54
SCAF_465_region	17912	40699	2.27	0	54
SCAF_466	17886	212901	11.90	0	134
SCAF_466_region	17886	212901	11.90	0	134
SCAF_467	17859	6373	0.36	0	66
SCAF_467_region	17859	6373	0.36	0	66
SCAF_468	17837	56319	3.16	0	94
SCAF_468_region	17837	56319	3.16	0	94
SCAF_469	17802	5420	0.30	0	11
SCAF_469_region	17802	5420	0.30	0	11
SCAF_470	17776	39677	2.23	0	61
SCAF_470_region	17776	39677	2.23	0	61
SCAF_471	17682	33808	1.91	0	26
SCAF_471_region	17682	33808	1.91	0	26
SCAF_472	17646	491117	27.83	0	160
SCAF_472_region	17646	491117	27.83	0	160
SCAF_473	17646	236927	13.43	0	55
SCAF_473_region	17646	236927	13.43	0	55
SCAF_474	17642	2820677	159.88	0	638
SCAF_474_region	17642	2820677	159.88	0	638
SCAF_475	17613	11070	0.63	0	138
SCAF_475_region	17613	11070	0.63	0	138
SCAF_476	17602	31197	1.77	0	206
SCAF_476_region	17602	31197	1.77	0	206
SCAF_477	17571	5602	0.32	0	17
SCAF_477_region	17571	5602	0.32	0	17
SCAF_478	17535	31691	1.81	0	24
SCAF_478_region	17535	31691	1.81	0	24
SCAF_479	17528	37861	2.16	0	82
SCAF_479_region	17528	37861	2.16	0	82
SCAF_480	17503	39335	2.25	0	31
SCAF_480_region	17503	39335	2.25	0	31
SCAF_481	17502	24092	1.38	0	49
SCAF_481_region	17502	24092	1.38	0	49
SCAF_482	17480	26410	1.51	0	37
SCAF_482_region	17480	26410	1.51	0	37
SCAF_483	17476	32883	1.88	0	41
SCAF_483_region	17476	32883	1.88	0	41
SCAF_484	17457	443982	25.43	0	726
SCAF_484_region	17457	443982	25.43	0	726
SCAF_485	17386	119573	6.88	0	54
SCAF_485_region	17386	119573	6.88	0	54
SCAF_486	17362	96562	5.56	0	22
SCAF_486_region	17362	96562	5.56	0	22
SCAF_487	17332	62409	3.60	0	39
SCAF_487_region	17332	62409	3.60	0	39
SCAF_488	17327	105116	6.07	0	35
SCAF_488_region	17327	105116	6.07	0	35
SCAF_489	17303	78343	4.53	0	29
SCAF_489_region	17303	78343	4.53	0	29
SCAF_490	17273	79776	4.62	0	33
SCAF_490_region	17273	79776	4.62	0	33
SCAF_491	17245	45139	2.62	0	85
SCAF_491_region	17245	45139	2.62	0	85
SCAF_492	17239	115539	6.70	0	44
SCAF_492_region	17239	115539	6.70	0	44
SCAF_493	17219	109203	6.34	0	27
SCAF_493_region	17219	109203	6.34	0	27
SCAF_494	17218	40023	2.32	0	19
SCAF_494_region	17218	40023	2.32	0	19
SCAF_495	17211	107498	6.25	0	62
SCAF_495_region	17211	107498	6.25	0	62
SCAF_496	17198	109033	6.34	0	243
SCAF_496_region	17198	109033	6.34	0	243
SCAF_497	17190	7141	0.42	0	13
SCAF_497_region	17190	7141	0.42	0	13
SCAF_498	17162	134350	7.83	0	67
SCAF_498_region	17162	134350	7.83	0	67
SCAF_499	17147	41116	2.40	0	20
SCAF_499_region	17147	41116	2.40	0	20
SCAF_500	17144	21168	1.23	0	21
SCAF_500_region	17144	21168	1.23	0	21
SCAF_501	17142	22951	1.34	0	28
SCAF_501_region	17142	22951	1.34	0	28
SCAF_502	17124	123301	7.20	0	69
SCAF_502_region	17124	123301	7.20	0	69
SCAF_503	17118	263860	15.41	0	89
SCAF_503_region	17118	263860	15.41	0	89
SCAF_504	17076	197405	11.56	0	83
SCAF_504_region	17076	197405	11.56	0	83
SCAF_505	17047	2191364	128.55	0	634
SCAF_505_region	17047	2191364	128.55	0	634
SCAF_506	17043	59087	3.47	0	88
SCAF_506_region	17043	59087	3.47	0	88
SCAF_507	17035	234138	13.74	0	306
SCAF_507_region	17035	234138	13.74	0	306
SCAF_508	17021	150498	8.84	0	103
SCAF_508_region	17021	150498	8.84	0	103
SCAF_509	16971	94613	5.57	0	38
SCAF_509_region	16971	94613	5.57	0	38
SCAF_510	16897	490041	29.00	0	82
SCAF_510_region	16897	490041	29.00	0	82
SCAF_511	16849	60786	3.61	0	22
SCAF_511_region	16849	60786	3.61	0	22
SCAF_512	16807	43657	2.60	0	27
SCAF_512_region	16807	43657	2.60	0	27
SCAF_513	16787	4371	0.26	0	8
SCAF_513_region	16787	4371	0.26	0	8
SCAF_514	16784	104753	6.24	0	31
SCAF_514_region	16784	104753	6.24	0	31
SCAF_515	16776	92675	5.52	0	37
SCAF_515_region	16776	92675	5.52	0	37
SCAF_516	16745	5930	0.35	0	13
SCAF_516_region	16745	5930	0.35	0	13
SCAF_517	16741	51792	3.09	0	17
SCAF_517_region	16741	51792	3.09	0	17
SCAF_518	16733	399510	23.88	0	113
SCAF_518_region	16733	399510	23.88	0	113
SCAF_519	16710	50930	3.05	0	77
SCAF_519_region	16710	50930	3.05	0	77
SCAF_520	16702	2845580	170.37	0	1700
SCAF_520_region	16702	2845580	170.37	0	1700
SCAF_521	16701	64795	3.88	0	23
SCAF_521_region	16701	64795	3.88	0	23
SCAF_522	16645	35112	2.11	0	50
SCAF_522_region	16645	35112	2.11	0	50
SCAF_523	16623	66915	4.03	0	21
SCAF_523_region	16623	66915	4.03	0	21
SCAF_524	16568	10937	0.66	0	27
SCAF_524_region	16568	10937	0.66	0	27
SCAF_525	16548	27283	1.65	0	38
SCAF_525_region	16548	27283	1.65	0	38
SCAF_526	16541	76004	4.59	0	27
SCAF_526_region	16541	76004	4.59	0	27
SCAF_527	16518	2304297	139.50	0	884
SCAF_527_region	16518	2304297	139.50	0	884
SCAF_528	16510	105582	6.40	0	57
SCAF_528_region	16510	105582	6.40	0	57
SCAF_529	16492	53853	3.27	0	49
SCAF_529_region	16492	53853	3.27	0	49
SCAF_530	16462	178913	10.87	0	216
SCAF_530_region	16462	178913	10.87	0	216
SCAF_531	16461	4257	0.26	0	13
SCAF_531_region	16461	4257	0.26	0	13
SCAF_532	16447	176531	10.73	0	83
SCAF_532_region	16447	176531	10.73	0	83
SCAF_533	16383	91709	5.60	0	50
SCAF_533_region	16383	91709	5.60	0	50
SCAF_534	16345	59622	3.65	0	57
SCAF_534_region	16345	59622	3.65	0	57
SCAF_535	16343	29727	1.82	0	42
SCAF_535_region	16343	29727	1.82	0	42
SCAF_536	16333	26073	1.60	0	44
SCAF_536_region	16333	26073	1.60	0	44
SCAF_537	16287	369359	22.68	0	62
SCAF_537_region	16287	369359	22.68	0	62
SCAF_538	16266	52423	3.22	0	40
SCAF_538_region	16266	52423	3.22	0	40
SCAF_539	16246	5741	0.35	0	10
SCAF_539_region	16246	5741	0.35	0	10
SCAF_540	16245	44008	2.71	0	42
SCAF_540_region	16245	44008	2.71	0	42
SCAF_541	16215	25499	1.57	0	17
SCAF_541_region	16215	25499	1.57	0	17
SCAF_542	16208	31615	1.95	0	71
SCAF_542_region	16208	31615	1.95	0	71
SCAF_543	16160	53298	3.30	0	58
SCAF_543_region	16160	53298	3.30	0	58
SCAF_544	16140	4598	0.28	0	9
SCAF_544_region	16140	4598	0.28	0	9
SCAF_545	16102	22572	1.40	0	30
SCAF_545_region	16102	22572	1.40	0	30
SCAF_546	16083	85862	5.34	0	32
SCAF_546_region	16083	85862	5.34	0	32
SCAF_547	16037	12044	0.75	0	22
SCAF_547_region	16037	12044	0.75	0	22
SCAF_548	16034	107859	6.73	0	204
SCAF_548_region	16034	107859	6.73	0	204
SCAF_549	16030	127500	7.95	0	77
SCAF_549_region	16030	127500	7.95	0	77
SCAF_550	16027	48504	3.03	0	115
SCAF_550_region	16027	48504	3.03	0	115
SCAF_551	15990	234019	14.64	0	55
SCAF_551_region	15990	234019	14.64	0	55
SCAF_552	15913	607381	38.17	0	93
SCAF_552_region	15913	607381	38.17	0	93
SCAF_553	15906	18087	1.14	0	129
SCAF_553_region	15906	18087	1.14	0	129
SCAF_554	15898	72189	4.54	0	17
SCAF_554_region	15898	72189	4.54	0	17
SCAF_555	15891	27150	1.71	0	29
SCAF_555_region	15891	27150	1.71	0	29
SCAF_556	15885	76394	4.81	0	37
SCAF_556_region	15885	76394	4.81	0	37
SCAF_557	15855	16807	1.06	0	24
SCAF_557_region	15855	16807	1.06	0	24
SCAF_558	15839	45132	2.85	0	56
SCAF_558_region	15839	45132	2.85	0	56
SCAF_559	15827	114358	7.23	0	29
SCAF_559_region	15827	114358	7.23	0	29
SCAF_560	15823	151303	9.56	0	94
SCAF_560_region	15823	151303	9.56	0	94
SCAF_561	15791	99794	6.32	0	35
SCAF_561_region	15791	99794	6.32	0	35
SCAF_562	15777	1185484	75.14	0	257
SCAF_562_region	15777	1185484	75.14	0	257
SCAF_563	15776	54588	3.46	0	44
SCAF_563_region	15776	54588	3.46	0	44
SCAF_564	15761	76480	4.85	0	75
SCAF_564_region	15761	76480	4.85	0	75
SCAF_565	15717	54542	3.47	0	39
SCAF_565_region	15717	54542	3.47	0	39
SCAF_566	15706	6337	0.40	0	34
SCAF_566_region	15706	6337	0.40	0	34
SCAF_567	15696	82529	5.26	0	70
SCAF_567_region	15696	82529	5.26	0	70
SCAF_568	15657	91564	5.85	0	22
SCAF_568_region	15657	91564	5.85	0	22
SCAF_569	15650	46121	2.95	0	65
SCAF_569_region	15650	46121	2.95	0	65
SCAF_570	15646	19421	1.24	0	15
SCAF_570_region	15646	19421	1.24	0	15
SCAF_571	15619	3374	0.22	0	9
SCAF_571_region	15619	3374	0.22	0	9
SCAF_572	15612	39085	2.50	0	42
SCAF_572_region	15612	39085	2.50	0	42
SCAF_573	15605	23321	1.49	0	31
SCAF_573_region	15605	23321	1.49	0	31
SCAF_574	15575	63348	4.07	0	53
SCAF_574_region	15575	63348	4.07	0	53
SCAF_575	15573	10578	0.68	0	14
SCAF_575_region	15573	10578	0.68	0	14
SCAF_576	15571	153692	9.87	0	71
SCAF_576_region	15571	153692	9.87	0	71
SCAF_577	15544	11572	0.74	0	16
SCAF_577_region	15544	11572	0.74	0	16
SCAF_578	15521	1926	0.12	0	5
SCAF_578_region	15521	1926	0.12	0	5
SCAF_579	15497	20100	1.30	0	210
SCAF_579_region	15497	20100	1.30	0	210
SCAF_580	15481	41064	2.65	0	37
SCAF_580_region	15481	41064	2.65	0	37
SCAF_581	15458	63342	4.10	0	46
SCAF_581_region	15458	63342	4.10	0	46
SCAF_582	15439	226967	14.70	0	132
SCAF_582_region	15439	226967	14.70	0	132
SCAF_583	15421	67607	4.38	0	54
SCAF_583_region	15421	67607	4.38	0	54
SCAF_584	15337	121582	7.93	0	121
SCAF_584_region	15337	121582	7.93	0	121
SCAF_585	15336	25097	1.64	0	30
SCAF_585_region	15336	25097	1.64	0	30
SCAF_586	15301	156501	10.23	0	57
SCAF_586_region	15301	156501	10.23	0	57
SCAF_587	15300	1233776	80.64	0	4103
SCAF_587_region	15300	1233776	80.64	0	4103
SCAF_588	15298	44328	2.90	0	31
SCAF_588_region	15298	44328	2.90	0	31
SCAF_589	15238	190721	12.52	0	87
SCAF_589_region	15238	190721	12.52	0	87
SCAF_590	15205	418284	27.51	0	80
SCAF_590_region	15205	418284	27.51	0	80
SCAF_591	15162	356135	23.49	0	58
SCAF_591_region	15162	356135	23.49	0	58
SCAF_592	15154	37519	2.48	0	18
SCAF_592_region	15154	37519	2.48	0	18
SCAF_593	15087	75481	5.00	0	42
SCAF_593_region	15087	75481	5.00	0	42
SCAF_594	15082	364576	24.17	0	82
SCAF_594_region	15082	364576	24.17	0	82
SCAF_595	15055	571003	37.93	0	64
SCAF_595_region	15055	571003	37.93	0	64
SCAF_596	15045	12290	0.82	0	14
SCAF_596_region	15045	12290	0.82	0	14
SCAF_597	15030	93471	6.22	0	44
SCAF_597_region	15030	93471	6.22	0	44
SCAF_598	15027	28731	1.91	0	63
SCAF_598_region	15027	28731	1.91	0	63
SCAF_599	15000	491364	32.76	0	72
SCAF_599_region	15000	491364	32.76	0	72
SCAF_600	14995	27849	1.86	0	36
SCAF_600_region	14995	27849	1.86	0	36
SCAF_601	14985	266033	17.75	0	96
SCAF_601_region	14985	266033	17.75	0	96
SCAF_602	14930	76818	5.15	0	21
SCAF_602_region	14930	76818	5.15	0	21
SCAF_603	14898	42951	2.88	0	20
SCAF_603_region	14898	42951	2.88	0	20
SCAF_604	14863	53053	3.57	0	18
SCAF_604_region	14863	53053	3.57	0	18
SCAF_605	14840	20152	1.36	0	30
SCAF_605_region	14840	20152	1.36	0	30
SCAF_606	14808	3958	0.27	0	9
SCAF_606_region	14808	3958	0.27	0	9
SCAF_607	14807	359532	24.28	0	137
SCAF_607_region	14807	359532	24.28	0	137
SCAF_608	14785	48959	3.31	0	34
SCAF_608_region	14785	48959	3.31	0	34
SCAF_609	14742	255570	17.34	0	241
SCAF_609_region	14742	255570	17.34	0	241
SCAF_610	14738	117800	7.99	0	67
SCAF_610_region	14738	117800	7.99	0	67
SCAF_611	14737	240967	16.35	0	66
SCAF_611_region	14737	240967	16.35	0	66
SCAF_612	14712	2132380	144.94	0	626
SCAF_612_region	14712	2132380	144.94	0	626
SCAF_613	14708	70995	4.83	0	80
SCAF_613_region	14708	70995	4.83	0	80
SCAF_614	14694	895	0.06	0	13
SCAF_614_region	14694	895	0.06	0	13
SCAF_615	14684	29141	1.98	0	74
SCAF_615_region	14684	29141	1.98	0	74
SCAF_616	14676	3589	0.24	0	10
SCAF_616_region	14676	3589	0.24	0	10
SCAF_617	14662	57388	3.91	0	35
SCAF_617_region	14662	57388	3.91	0	35
SCAF_618	14658	71679	4.89	0	19
SCAF_618_region	14658	71679	4.89	0	19
SCAF_619	14650	73508	5.02	0	333
SCAF_619_region	14650	73508	5.02	0	333
SCAF_620	14639	44236	3.02	0	43
SCAF_620_region	14639	44236	3.02	0	43
SCAF_621	14614	210140	14.38	0	824
SCAF_621_region	14614	210140	14.38	0	824
SCAF_622	14596	71813	4.92	0	93
SCAF_622_region	14596	71813	4.92	0	93
SCAF_623	14590	373201	25.58	0	181
SCAF_623_region	14590	373201	25.58	0	181
SCAF_624	14581	6224	0.43	0	31
SCAF_624_region	14581	6224	0.43	0	31
SCAF_625	14547	54682	3.76	0	68
SCAF_625_region	14547	54682	3.76	0	68
SCAF_626	14527	58812	4.05	0	66
SCAF_626_region	14527	58812	4.05	0	66
SCAF_627	14523	27119	1.87	0	26
SCAF_627_region	14523	27119	1.87	0	26
SCAF_628	14498	96114	6.63	0	132
SCAF_628_region	14498	96114	6.63	0	132
SCAF_629	14453	18670	1.29	0	12
SCAF_629_region	14453	18670	1.29	0	12
SCAF_630	14414	28407	1.97	0	33
SCAF_630_region	14414	28407	1.97	0	33
SCAF_631	14395	20772	1.44	0	20
SCAF_631_region	14395	20772	1.44	0	20
SCAF_632	14385	69008	4.80	0	36
SCAF_632_region	14385	69008	4.80	0	36
SCAF_633	14371	15652	1.09	0	15
SCAF_633_region	14371	15652	1.09	0	15
SCAF_634	14371	22389	1.56	0	35
SCAF_634_region	14371	22389	1.56	0	35
SCAF_635	14280	56769	3.98	0	98
SCAF_635_region	14280	56769	3.98	0	98
SCAF_636	14276	99882	7.00	0	68
SCAF_636_region	14276	99882	7.00	0	68
SCAF_637	14236	185979	13.06	0	65
SCAF_637_region	14236	185979	13.06	0	65
SCAF_638	14229	71471	5.02	0	29
SCAF_638_region	14229	71471	5.02	0	29
SCAF_639	14202	2835	0.20	0	5
SCAF_639_region	14202	2835	0.20	0	5
SCAF_640	14111	70009	4.96	0	47
SCAF_640_region	14111	70009	4.96	0	47
SCAF_641	14088	80609	5.72	0	27
SCAF_641_region	14088	80609	5.72	0	27
SCAF_642	14005	90971	6.50	0	22
SCAF_642_region	14005	90971	6.50	0	22
SCAF_643	13977	1197085	85.65	0	467
SCAF_643_region	13977	1197085	85.65	0	467
SCAF_644	13890	11453	0.82	0	16
SCAF_644_region	13890	11453	0.82	0	16
SCAF_645	13875	80551	5.81	0	25
SCAF_645_region	13875	80551	5.81	0	25
SCAF_646	13874	312676	22.54	0	76
SCAF_646_region	13874	312676	22.54	0	76
SCAF_647	13848	55440	4.00	0	26
SCAF_647_region	13848	55440	4.00	0	26
SCAF_648	13847	12114	0.87	0	51
SCAF_648_region	13847	12114	0.87	0	51
SCAF_649	13838	91047	6.58	0	77
SCAF_649_region	13838	91047	6.58	0	77
SCAF_650	13812	12032	0.87	0	25
SCAF_650_region	13812	12032	0.87	0	25
SCAF_651	13758	388815	28.26	0	69
SCAF_651_region	13758	388815	28.26	0	69
SCAF_652	13727	23511	1.71	0	25
SCAF_652_region	13727	23511	1.71	0	25
SCAF_653	13703	34345	2.51	0	21
SCAF_653_region	13703	34345	2.51	0	21
SCAF_654	13701	2975	0.22	0	6
SCAF_654_region	13701	2975	0.22	0	6
SCAF_655	13677	8241	0.60	0	33
SCAF_655_region	13677	8241	0.60	0	33
SCAF_656	13622	61263	4.50	0	20
SCAF_656_region	13622	61263	4.50	0	20
SCAF_657	13584	21381	1.57	0	39
SCAF_657_region	13584	21381	1.57	0	39
SCAF_658	13583	72268	5.32	0	24
SCAF_658_region	13583	72268	5.32	0	24
SCAF_659	13535	77284	5.71	0	21
SCAF_659_region	13535	77284	5.71	0	21
SCAF_660	13535	2702	0.20	0	8
SCAF_660_region	13535	2702	0.20	0	8
SCAF_661	13499	20053	1.49	0	21
SCAF_661_region	13499	20053	1.49	0	21
SCAF_662	13464	10261	0.76	0	14
SCAF_662_region	13464	10261	0.76	0	14
SCAF_663	13438	111435	8.29	0	80
SCAF_663_region	13438	111435	8.29	0	80
SCAF_664	13385	1939209	144.88	0	566
SCAF_664_region	13385	1939209	144.88	0	566
SCAF_665	13357	3243	0.24	0	7
SCAF_665_region	13357	3243	0.24	0	7
SCAF_666	13330	46363	3.48	0	23
SCAF_666_region	13330	46363	3.48	0	23
SCAF_667	13327	89940	6.75	0	81
SCAF_667_region	13327	89940	6.75	0	81
SCAF_668	13319	32556	2.44	0	37
SCAF_668_region	13319	32556	2.44	0	37
SCAF_669	13303	12051	0.91	0	102
SCAF_669_region	13303	12051	0.91	0	102
SCAF_670	13293	79114	5.95	0	24
SCAF_670_region	13293	79114	5.95	0	24
SCAF_671	13288	225179	16.95	0	68
SCAF_671_region	13288	225179	16.95	0	68
SCAF_672	13266	26701	2.01	0	27
SCAF_672_region	13266	26701	2.01	0	27
SCAF_673	13189	4107	0.31	0	59
SCAF_673_region	13189	4107	0.31	0	59
SCAF_674	13149	309625	23.55	0	192
SCAF_674_region	13149	309625	23.55	0	192
SCAF_675	13128	102468	7.81	0	127
SCAF_675_region	13128	102468	7.81	0	127
SCAF_676	13120	223089	17.00	0	79
SCAF_676_region	13120	223089	17.00	0	79
SCAF_677	13080	51364	3.93	0	364
SCAF_677_region	13080	51364	3.93	0	364
SCAF_678	13050	15456	1.18	0	22
SCAF_678_region	13050	15456	1.18	0	22
SCAF_679	13043	20695	1.59	0	61
SCAF_679_region	13043	20695	1.59	0	61
SCAF_680	13008	56702	4.36	0	54
SCAF_680_region	13008	56702	4.36	0	54
SCAF_681	13001	12246	0.94	0	34
SCAF_681_region	13001	12246	0.94	0	34
SCAF_682	12997	364125	28.02	0	73
SCAF_682_region	12997	364125	28.02	0	73
SCAF_683	12986	33745	2.60	0	22
SCAF_683_region	12986	33745	2.60	0	22
SCAF_684	12871	20927	1.63	0	36
SCAF_684_region	12871	20927	1.63	0	36
SCAF_685	12842	20977	1.63	0	38
SCAF_685_region	12842	20977	1.63	0	38
SCAF_686	12830	19595	1.53	0	34
SCAF_686_region	12830	19595	1.53	0	34
SCAF_687	12781	26889	2.10	0	19
SCAF_687_region	12781	26889	2.10	0	19
SCAF_688	12768	429063	33.60	0	203
SCAF_688_region	12768	429063	33.60	0	203
SCAF_689	12768	52678	4.13	0	22
SCAF_689_region	12768	52678	4.13	0	22
SCAF_690	12764	26468	2.07	0	38
SCAF_690_region	12764	26468	2.07	0	38
SCAF_691	12677	9712	0.77	0	12
SCAF_691_region	12677	9712	0.77	0	12
SCAF_692	12675	4627	0.37	0	12
SCAF_692_region	12675	4627	0.37	0	12
SCAF_693	12651	13870	1.10	0	22
SCAF_693_region	12651	13870	1.10	0	22
SCAF_694	12646	16658	1.32	0	15
SCAF_694_region	12646	16658	1.32	0	15
SCAF_695	12643	281780	22.29	0	55
SCAF_695_region	12643	281780	22.29	0	55
SCAF_696	12633	18204	1.44	0	19
SCAF_696_region	12633	18204	1.44	0	19
SCAF_697	12625	51465	4.08	0	92
SCAF_697_region	12625	51465	4.08	0	92
SCAF_698	12617	102371	8.11	0	76
SCAF_698_region	12617	102371	8.11	0	76
SCAF_699	12540	19547	1.56	0	36
SCAF_699_region	12540	19547	1.56	0	36
SCAF_700	12515	1376	0.11	0	7
SCAF_700_region	12515	1376	0.11	0	7
SCAF_701	12482	6530	0.52	0	10
SCAF_701_region	12482	6530	0.52	0	10
SCAF_702	12461	203066	16.30	0	318
SCAF_702_region	12461	203066	16.30	0	318
SCAF_703	12456	199770	16.04	0	126
SCAF_703_region	12456	199770	16.04	0	126
SCAF_704	12456	28088	2.25	0	60
SCAF_704_region	12456	28088	2.25	0	60
SCAF_705	12358	120956	9.79	0	85
SCAF_705_region	12358	120956	9.79	0	85
SCAF_706	12350	408352	33.06	0	78
SCAF_706_region	12350	408352	33.06	0	78
SCAF_707	12343	8173	0.66	0	34
SCAF_707_region	12343	8173	0.66	0	34
SCAF_708	12333	3137	0.25	0	13
SCAF_708_region	12333	3137	0.25	0	13
SCAF_709	12319	1942249	157.66	0	672
SCAF_709_region	12319	1942249	157.66	0	672
SCAF_710	12288	7775	0.63	0	16
SCAF_710_region	12288	7775	0.63	0	16
SCAF_711	12252	454251	37.08	0	64
SCAF_711_region	12252	454251	37.08	0	64
SCAF_712	12218	297701	24.37	0	445
SCAF_712_region	12218	297701	24.37	0	445
SCAF_713	12177	428509	35.19	0	65
SCAF_713_region	12177	428509	35.19	0	65
SCAF_714	12167	27072	2.23	0	36
SCAF_714_region	12167	27072	2.23	0	36
SCAF_715	12163	5638	0.46	0	15
SCAF_715_region	12163	5638	0.46	0	15
SCAF_716	12143	25083	2.07	0	27
SCAF_716_region	12143	25083	2.07	0	27
SCAF_717	12102	12767	1.05	0	14
SCAF_717_region	12102	12767	1.05	0	14
SCAF_718	12099	33242	2.75	0	45
SCAF_718_region	12099	33242	2.75	0	45
SCAF_719	12095	15776	1.30	0	43
SCAF_719_region	12095	15776	1.30	0	43
SCAF_720	12085	28637	2.37	0	36
SCAF_720_region	12085	28637	2.37	0	36
SCAF_721	12078	19485	1.61	0	20
SCAF_721_region	12078	19485	1.61	0	20
SCAF_722	12066	76478	6.34	0	49
SCAF_722_region	12066	76478	6.34	0	49
SCAF_723	12015	68315	5.69	0	18
SCAF_723_region	12015	68315	5.69	0	18
SCAF_724	12004	136375	11.36	0	63
SCAF_724_region	12004	136375	11.36	0	63
SCAF_725	11949	56918	4.76	0	56
SCAF_725_region	11949	56918	4.76	0	56
SCAF_726	11911	6579	0.55	0	35
SCAF_726_region	11911	6579	0.55	0	35
SCAF_727	11900	11356	0.95	0	15
SCAF_727_region	11900	11356	0.95	0	15
SCAF_728	11869	115955	9.77	0	179
SCAF_728_region	11869	115955	9.77	0	179
SCAF_729	11788	403073	34.19	0	71
SCAF_729_region	11788	403073	34.19	0	71
SCAF_730	11785	373525	31.69	0	124
SCAF_730_region	11785	373525	31.69	0	124
SCAF_731	11750	66780	5.68	0	36
SCAF_731_region	11750	66780	5.68	0	36
SCAF_732	11699	15143	1.29	0	38
SCAF_732_region	11699	15143	1.29	0	38
SCAF_733	11674	7799	0.67	0	11
SCAF_733_region	11674	7799	0.67	0	11
SCAF_734	11658	40814	3.50	0	43
SCAF_734_region	11658	40814	3.50	0	43
SCAF_735	11648	302238	25.95	0	79
SCAF_735_region	11648	302238	25.95	0	79
SCAF_736	11642	59811	5.14	0	25
SCAF_736_region	11642	59811	5.14	0	25
SCAF_737	11612	3369	0.29	0	8
SCAF_737_region	11612	3369	0.29	0	8
SCAF_738	11595	2515	0.22	0	14
SCAF_738_region	11595	2515	0.22	0	14
SCAF_739	11525	23742	2.06	0	127
SCAF_739_region	11525	23742	2.06	0	127
SCAF_740	11505	67617	5.88	0	42
SCAF_740_region	11505	67617	5.88	0	42
SCAF_741	11492	14982	1.30	0	23
SCAF_741_region	11492	14982	1.30	0	23
SCAF_742	11467	5201037	453.57	0	2074
SCAF_742_region	11467	5201037	453.57	0	2074
SCAF_743	11404	2456	0.22	0	20
SCAF_743_region	11404	2456	0.22	0	20
SCAF_744	11377	24248	2.13	0	17
SCAF_744_region	11377	24248	2.13	0	17
SCAF_745	11364	37327	3.28	0	30
SCAF_745_region	11364	37327	3.28	0	30
SCAF_746	11318	35170	3.11	0	13
SCAF_746_region	11318	35170	3.11	0	13
SCAF_747	11311	25899	2.29	0	129
SCAF_747_region	11311	25899	2.29	0	129
SCAF_748	11306	93233	8.25	0	78
SCAF_748_region	11306	93233	8.25	0	78
SCAF_749	11299	75060	6.64	0	62
SCAF_749_region	11299	75060	6.64	0	62
SCAF_750	11284	34003	3.01	0	30
SCAF_750_region	11284	34003	3.01	0	30
SCAF_751	11276	18141	1.61	0	48
SCAF_751_region	11276	18141	1.61	0	48
SCAF_752	11267	5884	0.52	0	8
SCAF_752_region	11267	5884	0.52	0	8
SCAF_753	11254	19429	1.73	0	23
SCAF_753_region	11254	19429	1.73	0	23
SCAF_754	11236	176106	15.67	0	139
SCAF_754_region	11236	176106	15.67	0	139
SCAF_755	11231	11399	1.01	0	12
SCAF_755_region	11231	11399	1.01	0	12
SCAF_756	11200	200521	17.90	0	72
SCAF_756_region	11200	200521	17.90	0	72
SCAF_757	11195	40013	3.57	0	19
SCAF_757_region	11195	40013	3.57	0	19
SCAF_758	11126	12683	1.14	0	13
SCAF_758_region	11126	12683	1.14	0	13
SCAF_759	11118	49167	4.42	0	24
SCAF_759_region	11118	49167	4.42	0	24
SCAF_760	11100	75941	6.84	0	55
SCAF_760_region	11100	75941	6.84	0	55
SCAF_761	11097	13976	1.26	0	18
SCAF_761_region	11097	13976	1.26	0	18
SCAF_762	11029	13561	1.23	0	22
SCAF_762_region	11029	13561	1.23	0	22
SCAF_763	11019	118982	10.80	0	50
SCAF_763_region	11019	118982	10.80	0	50
SCAF_764	10979	39956	3.64	0	47
SCAF_764_region	10979	39956	3.64	0	47
SCAF_765	10957	1597	0.15	0	8
SCAF_765_region	10957	1597	0.15	0	8
SCAF_766	10940	43885	4.01	0	50
SCAF_766_region	10940	43885	4.01	0	50
SCAF_767	10913	137811	12.63	0	66
SCAF_767_region	10913	137811	12.63	0	66
SCAF_768	10886	106356	9.77	0	50
SCAF_768_region	10886	106356	9.77	0	50
SCAF_769	10867	9757	0.90	0	20
SCAF_769_region	10867	9757	0.90	0	20
SCAF_770	10816	7368	0.68	0	39
SCAF_770_region	10816	7368	0.68	0	39
SCAF_771	10810	9008	0.83	0	14
SCAF_771_region	10810	9008	0.83	0	14
SCAF_772	10709	14188	1.32	0	42
SCAF_772_region	10709	14188	1.32	0	42
SCAF_773	10688	195267	18.27	0	193
SCAF_773_region	10688	195267	18.27	0	193
SCAF_774	10648	144566	13.58	0	86
SCAF_774_region	10648	144566	13.58	0	86
SCAF_775	10642	3119	0.29	0	10
SCAF_775_region	10642	3119	0.29	0	10
SCAF_776	10612	14320	1.35	0	19
SCAF_776_region	10612	14320	1.35	0	19
SCAF_777	10608	217822	20.53	0	73
SCAF_777_region	10608	217822	20.53	0	73
SCAF_778	10604	21655	2.04	0	93
SCAF_778_region	10604	21655	2.04	0	93
SCAF_779	10578	10924	1.03	0	17
SCAF_779_region	10578	10924	1.03	0	17
SCAF_780	10571	4019	0.38	0	16
SCAF_780_region	10571	4019	0.38	0	16
SCAF_781	10511	4458	0.42	0	9
SCAF_781_region	10511	4458	0.42	0	9
SCAF_782	10492	2611	0.25	0	8
SCAF_782_region	10492	2611	0.25	0	8
SCAF_783	10421	59878	5.75	0	38
SCAF_783_region	10421	59878	5.75	0	38
SCAF_784	10379	193858	18.68	0	56
SCAF_784_region	10379	193858	18.68	0	56
SCAF_785	10337	22509	2.18	0	15
SCAF_785_region	10337	22509	2.18	0	15
SCAF_786	10326	84766	8.21	0	58
SCAF_786_region	10326	84766	8.21	0	58
SCAF_787	10326	10298	1.00	0	14
SCAF_787_region	10326	10298	1.00	0	14
SCAF_788	10316	6275	0.61	0	15
SCAF_788_region	10316	6275	0.61	0	15
SCAF_789	10256	2501	0.24	0	6
SCAF_789_region	10256	2501	0.24	0	6
SCAF_790	10228	22720	2.22	0	48
SCAF_790_region	10228	22720	2.22	0	48
SCAF_791	10185	50243	4.93	0	30
SCAF_791_region	10185	50243	4.93	0	30
SCAF_792	10184	112168	11.01	0	51
SCAF_792_region	10184	112168	11.01	0	51
SCAF_793	10160	68468	6.74	0	37
SCAF_793_region	10160	68468	6.74	0	37
SCAF_794	10147	2879	0.28	0	7
SCAF_794_region	10147	2879	0.28	0	7
SCAF_795	10110	11835	1.17	0	22
SCAF_795_region	10110	11835	1.17	0	22
SCAF_796	10045	2541	0.25	0	17
SCAF_796_region	10045	2541	0.25	0	17
SCAF_797	10015	4286	0.43	0	15
SCAF_797_region	10015	4286	0.43	0	15
SCAF_798	10012	57879	5.78	0	29
SCAF_798_region	10012	57879	5.78	0	29
SCAF_799	9978	74771	7.49	0	37
SCAF_799_region	9978	74771	7.49	0	37
SCAF_800	9947	123103	12.38	0	93
SCAF_800_region	9947	123103	12.38	0	93
SCAF_801	9941	32497	3.27	0	17
SCAF_801_region	9941	32497	3.27	0	17
SCAF_802	9910	2261	0.23	0	5
SCAF_802_region	9910	2261	0.23	0	5
SCAF_803	9879	21473	2.17	0	27
SCAF_803_region	9879	21473	2.17	0	27
SCAF_804	9861	140942	14.29	0	116
SCAF_804_region	9861	140942	14.29	0	116
SCAF_805	9859	2611	0.26	0	9
SCAF_805_region	9859	2611	0.26	0	9
SCAF_806	9855	35191	3.57	0	25
SCAF_806_region	9855	35191	3.57	0	25
SCAF_807	9792	32021	3.27	0	33
SCAF_807_region	9792	32021	3.27	0	33
SCAF_808	9784	35804	3.66	0	19
SCAF_808_region	9784	35804	3.66	0	19
SCAF_809	9773	91999	9.41	0	48
SCAF_809_region	9773	91999	9.41	0	48
SCAF_810	9756	4987	0.51	0	15
SCAF_810_region	9756	4987	0.51	0	15
SCAF_811	9753	9532	0.98	0	106
SCAF_811_region	9753	9532	0.98	0	106
SCAF_812	9719	15994	1.65	0	61
SCAF_812_region	9719	15994	1.65	0	61
SCAF_813	9715	30024	3.09	0	28
SCAF_813_region	9715	30024	3.09	0	28
SCAF_814	9708	36611	3.77	0	38
SCAF_814_region	9708	36611	3.77	0	38
SCAF_815	9700	20617	2.13	0	16
SCAF_815_region	9700	20617	2.13	0	16
SCAF_816	9673	56179	5.81	0	56
SCAF_816_region	9673	56179	5.81	0	56
SCAF_817	9638	30535	3.17	0	17
SCAF_817_region	9638	30535	3.17	0	17
SCAF_818	9601	40756	4.24	0	35
SCAF_818_region	9601	40756	4.24	0	35
SCAF_819	9601	24663	2.57	0	16
SCAF_819_region	9601	24663	2.57	0	16
SCAF_820	9550	41255	4.32	0	47
SCAF_820_region	9550	41255	4.32	0	47
SCAF_821	9533	14662	1.54	0	24
SCAF_821_region	9533	14662	1.54	0	24
SCAF_822	9498	16171	1.70	0	32
SCAF_822_region	9498	16171	1.70	0	32
SCAF_823	9466	1455970	153.81	0	963
SCAF_823_region	9466	1455970	153.81	0	963
SCAF_824	9457	6987	0.74	0	61
SCAF_824_region	9457	6987	0.74	0	61
SCAF_825	9446	70303	7.44	0	52
SCAF_825_region	9446	70303	7.44	0	52
SCAF_826	9385	213602	22.76	0	52
SCAF_826_region	9385	213602	22.76	0	52
SCAF_827	9376	91114	9.72	0	142
SCAF_827_region	9376	91114	9.72	0	142
SCAF_828	9365	13685	1.46	0	22
SCAF_828_region	9365	13685	1.46	0	22
SCAF_829	9320	34871	3.74	0	53
SCAF_829_region	9320	34871	3.74	0	53
SCAF_830	9303	13056	1.40	0	53
SCAF_830_region	9303	13056	1.40	0	53
SCAF_831	9295	17075	1.84	0	17
SCAF_831_region	9295	17075	1.84	0	17
SCAF_832	9282	103836	11.19	0	59
SCAF_832_region	9282	103836	11.19	0	59
SCAF_833	9263	2639	0.28	0	7
SCAF_833_region	9263	2639	0.28	0	7
SCAF_834	9159	124365	13.58	0	814
SCAF_834_region	9159	124365	13.58	0	814
SCAF_835	9159	65955	7.20	0	21
SCAF_835_region	9159	65955	7.20	0	21
SCAF_836	9157	54495	5.95	0	66
SCAF_836_region	9157	54495	5.95	0	66
SCAF_837	9095	2064	0.23	0	13
SCAF_837_region	9095	2064	0.23	0	13
SCAF_838	9078	40723	4.49	0	50
SCAF_838_region	9078	40723	4.49	0	50
SCAF_839	9057	92995	10.27	0	64
SCAF_839_region	9057	92995	10.27	0	64
SCAF_840	9014	6501	0.72	0	12
SCAF_840_region	9014	6501	0.72	0	12
SCAF_841	8986	323300	35.98	0	116
SCAF_841_region	8986	323300	35.98	0	116
SCAF_842	8986	5986	0.67	0	14
SCAF_842_region	8986	5986	0.67	0	14
SCAF_843	8952	1951	0.22	0	6
SCAF_843_region	8952	1951	0.22	0	6
SCAF_844	8935	126717	14.18	0	934
SCAF_844_region	8935	126717	14.18	0	934
SCAF_845	8927	230205	25.79	0	98
SCAF_845_region	8927	230205	25.79	0	98
SCAF_846	8908	123429	13.86	0	211
SCAF_846_region	8908	123429	13.86	0	211
SCAF_847	8868	17621	1.99	0	38
SCAF_847_region	8868	17621	1.99	0	38
SCAF_848	8867	5874	0.66	0	31
SCAF_848_region	8867	5874	0.66	0	31
SCAF_849	8825	48910	5.54	0	48
SCAF_849_region	8825	48910	5.54	0	48
SCAF_850	8771	12290	1.40	0	16
SCAF_850_region	8771	12290	1.40	0	16
SCAF_851	8703	40116	4.61	0	24
SCAF_851_region	8703	40116	4.61	0	24
SCAF_852	8695	4609	0.53	0	19
SCAF_852_region	8695	4609	0.53	0	19
SCAF_853	8662	906	0.10	0	3
SCAF_853_region	8662	906	0.10	0	3
SCAF_854	8634	3258	0.38	0	11
SCAF_854_region	8634	3258	0.38	0	11
SCAF_855	8630	2168	0.25	0	7
SCAF_855_region	8630	2168	0.25	0	7
SCAF_856	8617	2192668	254.46	0	1067
SCAF_856_region	8617	2192668	254.46	0	1067
SCAF_857	8469	67938	8.02	0	60
SCAF_857_region	8469	67938	8.02	0	60
SCAF_858	8431	1708	0.20	0	5
SCAF_858_region	8431	1708	0.20	0	5
SCAF_859	8397	3485	0.42	0	8
SCAF_859_region	8397	3485	0.42	0	8
SCAF_860	8390	9657	1.15	0	14
SCAF_860_region	8390	9657	1.15	0	14
SCAF_861	8357	2702	0.32	0	7
SCAF_861_region	8357	2702	0.32	0	7
SCAF_862	8342	2982692	357.55	0	3310
SCAF_862_region	8342	2982692	357.55	0	3310
SCAF_863	8337	1978	0.24	0	4
SCAF_863_region	8337	1978	0.24	0	4
SCAF_864	8258	23222	2.81	0	43
SCAF_864_region	8258	23222	2.81	0	43
SCAF_865	8103	12765	1.58	0	17
SCAF_865_region	8103	12765	1.58	0	17
SCAF_866	8034	10814	1.35	0	16
SCAF_866_region	8034	10814	1.35	0	16
SCAF_867	8027	30814	3.84	0	60
SCAF_867_region	8027	30814	3.84	0	60
SCAF_868	8017	61285	7.64	0	58
SCAF_868_region	8017	61285	7.64	0	58
SCAF_869	8015	25022	3.12	0	61
SCAF_869_region	8015	25022	3.12	0	61
SCAF_870	8015	16573	2.07	0	15
SCAF_870_region	8015	16573	2.07	0	15
SCAF_871	8000	3487	0.44	0	16
SCAF_871_region	8000	3487	0.44	0	16
SCAF_872	7790	11185	1.44	0	26
SCAF_872_region	7790	11185	1.44	0	26
SCAF_873	7773	2410	0.31	0	12
SCAF_873_region	7773	2410	0.31	0	12
SCAF_874	7763	146041	18.81	0	63
SCAF_874_region	7763	146041	18.81	0	63
SCAF_875	7721	2579	0.33	0	4
SCAF_875_region	7721	2579	0.33	0	4
SCAF_876	7701	137665	17.88	0	54
SCAF_876_region	7701	137665	17.88	0	54
SCAF_877	7680	2515	0.33	0	9
SCAF_877_region	7680	2515	0.33	0	9
SCAF_878	7622	11342	1.49	0	12
SCAF_878_region	7622	11342	1.49	0	12
SCAF_879	7582	4549	0.60	0	14
SCAF_879_region	7582	4549	0.60	0	14
SCAF_880	7559	69887	9.25	0	66
SCAF_880_region	7559	69887	9.25	0	66
SCAF_881	7416	606818	81.83	0	1261
SCAF_881_region	7416	606818	81.83	0	1261
SCAF_882	7394	182326	24.66	0	99
SCAF_882_region	7394	182326	24.66	0	99
SCAF_883	7363	4531	0.62	0	9
SCAF_883_region	7363	4531	0.62	0	9
SCAF_884	7338	43917	5.98	0	25
SCAF_884_region	7338	43917	5.98	0	25
SCAF_885	7324	1402	0.19	0	4
SCAF_885_region	7324	1402	0.19	0	4
SCAF_886	7276	3568	0.49	0	10
SCAF_886_region	7276	3568	0.49	0	10
SCAF_887	7242	20122	2.78	0	15
SCAF_887_region	7242	20122	2.78	0	15
SCAF_888	7231	2611	0.36	0	6
SCAF_888_region	7231	2611	0.36	0	6
SCAF_889	7198	2065	0.29	0	13
SCAF_889_region	7198	2065	0.29	0	13
SCAF_890	7142	5942	0.83	0	13
SCAF_890_region	7142	5942	0.83	0	13
SCAF_891	7028	37767	5.37	0	55
SCAF_891_region	7028	37767	5.37	0	55
SCAF_892	7025	30359	4.32	0	37
SCAF_892_region	7025	30359	4.32	0	37
SCAF_893	7015	11722	1.67	0	16
SCAF_893_region	7015	11722	1.67	0	16
SCAF_894	6958	43742	6.29	0	19
SCAF_894_region	6958	43742	6.29	0	19
SCAF_895	6948	30323	4.36	0	52
SCAF_895_region	6948	30323	4.36	0	52
SCAF_896	6829	999241	146.32	0	546
SCAF_896_region	6829	999241	146.32	0	546
SCAF_897	6804	7392	1.09	0	13
SCAF_897_region	6804	7392	1.09	0	13
SCAF_898	6754	682293	101.02	0	1714
SCAF_898_region	6754	682293	101.02	0	1714
SCAF_899	6732	38700	5.75	0	26
SCAF_899_region	6732	38700	5.75	0	26
SCAF_900	6698	23375	3.49	0	39
SCAF_900_region	6698	23375	3.49	0	39
SCAF_901	6642	8533	1.28	0	19
SCAF_901_region	6642	8533	1.28	0	19
SCAF_902	6588	109020	16.55	0	49
SCAF_902_region	6588	109020	16.55	0	49
SCAF_903	6549	199952	30.53	0	58
SCAF_903_region	6549	199952	30.53	0	58
SCAF_904	6496	31136	4.79	0	47
SCAF_904_region	6496	31136	4.79	0	47
SCAF_905	6483	1166	0.18	0	7
SCAF_905_region	6483	1166	0.18	0	7
SCAF_906	6367	2151	0.34	0	8
SCAF_906_region	6367	2151	0.34	0	8
SCAF_907	6367	83587	13.13	0	98
SCAF_907_region	6367	83587	13.13	0	98
SCAF_908	6228	71512	11.48	0	100
SCAF_908_region	6228	71512	11.48	0	100
SCAF_909	6173	139236	22.56	0	201
SCAF_909_region	6173	139236	22.56	0	201
SCAF_910	6170	2850	0.46	0	18
SCAF_910_region	6170	2850	0.46	0	18
SCAF_911	6077	30584	5.03	0	27
SCAF_911_region	6077	30584	5.03	0	27
SCAF_912	6073	117019	19.27	0	68
SCAF_912_region	6073	117019	19.27	0	68
SCAF_913	6059	423651	69.92	0	726
SCAF_913_region	6059	423651	69.92	0	726
SCAF_914	6001	30597	5.10	0	20
SCAF_914_region	6001	30597	5.10	0	20
SCAF_915	5869	217279	37.02	0	491
SCAF_915_region	5869	217279	37.02	0	491
SCAF_916	5803	15546	2.68	0	24
SCAF_916_region	5803	15546	2.68	0	24
SCAF_917	5661	83740	14.79	0	53
SCAF_917_region	5661	83740	14.79	0	53
SCAF_918	5277	62452	11.83	0	48
SCAF_918_region	5277	62452	11.83	0	48
total	51514314	1968505044	38.21	0	96342
total_region	51514314	1968505044	38.21	0	96342
