chrom	length	bases	mean	min	max
SCAF_1	5574741	350387659	62.85	0	2628
SCAF_1_region	5574741	350387659	62.85	0	2628
SCAF_2	4079479	258922654	63.47	0	2369
SCAF_2_region	4079479	258922654	63.47	0	2369
SCAF_3	3666439	225829610	61.59	0	3272
SCAF_3_region	3666439	225829610	61.59	0	3272
SCAF_4	2601389	187055024	71.91	0	7161
SCAF_4_region	2601389	187055024	71.91	0	7161
SCAF_5	2032088	132802456	65.35	0	7161
SCAF_5_region	2032088	132802456	65.35	0	7161
SCAF_6	1976889	139360480	70.49	0	2585
SCAF_6_region	1976889	139360480	70.49	0	2585
SCAF_7	1932263	127330080	65.90	0	2972
SCAF_7_region	1932263	127330080	65.90	0	2972
SCAF_8	1669080	99029969	59.33	0	2041
SCAF_8_region	1669080	99029969	59.33	0	2041
SCAF_9	1646134	108260637	65.77	0	2930
SCAF_9_region	1646134	108260637	65.77	0	2930
SCAF_10	1570817	107143746	68.21	0	5490
SCAF_10_region	1570817	107143746	68.21	0	5490
SCAF_11	1437752	99738755	69.37	0	1497
SCAF_11_region	1437752	99738755	69.37	0	1497
SCAF_12	978195	75081034	76.75	0	225908
SCAF_12_region	978195	75081034	76.75	0	225908
SCAF_13	598471	6525954	10.90	0	3533
SCAF_13_region	598471	6525954	10.90	0	3533
SCAF_14	247525	60854068	245.85	0	4551
SCAF_14_region	247525	60854068	245.85	0	4551
SCAF_15	224905	1299525	5.78	0	127
SCAF_15_region	224905	1299525	5.78	0	127
SCAF_16	181804	1413879	7.78	0	4404
SCAF_16_region	181804	1413879	7.78	0	4404
SCAF_17	176395	962842	5.46	0	55
SCAF_17_region	176395	962842	5.46	0	55
SCAF_18	160122	364102	2.27	0	55
SCAF_18_region	160122	364102	2.27	0	55
SCAF_19	139354	208299	1.49	0	23
SCAF_19_region	139354	208299	1.49	0	23
SCAF_20	131876	777669	5.90	0	133
SCAF_20_region	131876	777669	5.90	0	133
SCAF_21	130124	826650	6.35	0	162
SCAF_21_region	130124	826650	6.35	0	162
SCAF_22	121580	860229	7.08	0	35
SCAF_22_region	121580	860229	7.08	0	35
SCAF_23	117381	640137	5.45	0	30
SCAF_23_region	117381	640137	5.45	0	30
SCAF_24	115879	492825	4.25	0	218
SCAF_24_region	115879	492825	4.25	0	218
SCAF_25	115495	595836	5.16	0	348
SCAF_25_region	115495	595836	5.16	0	348
SCAF_26	113072	626306	5.54	0	42
SCAF_26_region	113072	626306	5.54	0	42
SCAF_27	110609	1771627	16.02	0	1886
SCAF_27_region	110609	1771627	16.02	0	1886
SCAF_28	109542	316262	2.89	0	43
SCAF_28_region	109542	316262	2.89	0	43
SCAF_29	108319	5816767	53.70	0	955
SCAF_29_region	108319	5816767	53.70	0	955
SCAF_30	107902	485254	4.50	0	393
SCAF_30_region	107902	485254	4.50	0	393
SCAF_31	106626	583840	5.48	0	365
SCAF_31_region	106626	583840	5.48	0	365
SCAF_32	102192	1056453	10.34	0	1776
SCAF_32_region	102192	1056453	10.34	0	1776
SCAF_33	98221	765608	7.79	0	33
SCAF_33_region	98221	765608	7.79	0	33
SCAF_34	97882	724776	7.40	0	49
SCAF_34_region	97882	724776	7.40	0	49
SCAF_35	95705	778908	8.14	0	3013
SCAF_35_region	95705	778908	8.14	0	3013
SCAF_36	94431	503051	5.33	0	61
SCAF_36_region	94431	503051	5.33	0	61
SCAF_37	92851	259358	2.79	0	38
SCAF_37_region	92851	259358	2.79	0	38
SCAF_38	89142	658499	7.39	0	168
SCAF_38_region	89142	658499	7.39	0	168
SCAF_39	88257	382245	4.33	0	43
SCAF_39_region	88257	382245	4.33	0	43
SCAF_40	85354	609790	7.14	0	196
SCAF_40_region	85354	609790	7.14	0	196
SCAF_41	82239	465626	5.66	0	35
SCAF_41_region	82239	465626	5.66	0	35
SCAF_42	77162	420369	5.45	0	66
SCAF_42_region	77162	420369	5.45	0	66
SCAF_43	76714	517401	6.74	0	42
SCAF_43_region	76714	517401	6.74	0	42
SCAF_44	76272	280082	3.67	0	377
SCAF_44_region	76272	280082	3.67	0	377
SCAF_45	73110	98897	1.35	0	370
SCAF_45_region	73110	98897	1.35	0	370
SCAF_46	72118	615540	8.54	0	40
SCAF_46_region	72118	615540	8.54	0	40
SCAF_47	70166	411909	5.87	0	40
SCAF_47_region	70166	411909	5.87	0	40
SCAF_48	69627	608750	8.74	0	38
SCAF_48_region	69627	608750	8.74	0	38
SCAF_49	69624	245159	3.52	0	340
SCAF_49_region	69624	245159	3.52	0	340
SCAF_50	68258	504457	7.39	0	55
SCAF_50_region	68258	504457	7.39	0	55
SCAF_51	66966	255978	3.82	0	40
SCAF_51_region	66966	255978	3.82	0	40
SCAF_52	66855	216695	3.24	0	43
SCAF_52_region	66855	216695	3.24	0	43
SCAF_53	65552	155262	2.37	0	31
SCAF_53_region	65552	155262	2.37	0	31
SCAF_54	65267	144217	2.21	0	97
SCAF_54_region	65267	144217	2.21	0	97
SCAF_55	65114	242579	3.73	0	24
SCAF_55_region	65114	242579	3.73	0	24
SCAF_56	62812	95398	1.52	0	132
SCAF_56_region	62812	95398	1.52	0	132
SCAF_57	62187	71753	1.15	0	27
SCAF_57_region	62187	71753	1.15	0	27
SCAF_58	61544	203428	3.31	0	204
SCAF_58_region	61544	203428	3.31	0	204
SCAF_59	61533	143322	2.33	0	25
SCAF_59_region	61533	143322	2.33	0	25
SCAF_60	61411	734693	11.96	0	1657
SCAF_60_region	61411	734693	11.96	0	1657
SCAF_61	61115	545669	8.93	0	43
SCAF_61_region	61115	545669	8.93	0	43
SCAF_62	59972	59469	0.99	0	97
SCAF_62_region	59972	59469	0.99	0	97
SCAF_63	59743	128885	2.16	0	296
SCAF_63_region	59743	128885	2.16	0	296
SCAF_64	58841	267124	4.54	0	885
SCAF_64_region	58841	267124	4.54	0	885
SCAF_65	58838	261828	4.45	0	54
SCAF_65_region	58838	261828	4.45	0	54
SCAF_66	58483	243255	4.16	0	188
SCAF_66_region	58483	243255	4.16	0	188
SCAF_67	57162	164953	2.89	0	38
SCAF_67_region	57162	164953	2.89	0	38
SCAF_68	56404	48355	0.86	0	215
SCAF_68_region	56404	48355	0.86	0	215
SCAF_69	55942	73770	1.32	0	13
SCAF_69_region	55942	73770	1.32	0	13
SCAF_70	55722	488209	8.76	0	101
SCAF_70_region	55722	488209	8.76	0	101
SCAF_71	55604	449606	8.09	0	48
SCAF_71_region	55604	449606	8.09	0	48
SCAF_72	54709	46713	0.85	0	40
SCAF_72_region	54709	46713	0.85	0	40
SCAF_73	52157	33170	0.64	0	37
SCAF_73_region	52157	33170	0.64	0	37
SCAF_74	52077	383373	7.36	0	25
SCAF_74_region	52077	383373	7.36	0	25
SCAF_75	51185	177195	3.46	0	41
SCAF_75_region	51185	177195	3.46	0	41
SCAF_76	50428	4053582	80.38	0	1655
SCAF_76_region	50428	4053582	80.38	0	1655
SCAF_77	50384	52492	1.04	0	37
SCAF_77_region	50384	52492	1.04	0	37
SCAF_78	49366	444088	9.00	0	44
SCAF_78_region	49366	444088	9.00	0	44
SCAF_79	49160	118329	2.41	0	54
SCAF_79_region	49160	118329	2.41	0	54
SCAF_80	48966	372107	7.60	0	49
SCAF_80_region	48966	372107	7.60	0	49
SCAF_81	48848	54468	1.12	0	36
SCAF_81_region	48848	54468	1.12	0	36
SCAF_82	48542	157671	3.25	0	36
SCAF_82_region	48542	157671	3.25	0	36
SCAF_83	48542	50108	1.03	0	31
SCAF_83_region	48542	50108	1.03	0	31
SCAF_84	47775	54129	1.13	0	39
SCAF_84_region	47775	54129	1.13	0	39
SCAF_85	47318	452901	9.57	0	53
SCAF_85_region	47318	452901	9.57	0	53
SCAF_86	46994	369465	7.86	0	54
SCAF_86_region	46994	369465	7.86	0	54
SCAF_87	46805	269090	5.75	0	30
SCAF_87_region	46805	269090	5.75	0	30
SCAF_88	46738	111469	2.38	0	34
SCAF_88_region	46738	111469	2.38	0	34
SCAF_89	46547	270532	5.81	0	52
SCAF_89_region	46547	270532	5.81	0	52
SCAF_90	46221	40788	0.88	0	35
SCAF_90_region	46221	40788	0.88	0	35
SCAF_91	44916	394660	8.79	0	28
SCAF_91_region	44916	394660	8.79	0	28
SCAF_92	44616	6912073	154.92	0	898
SCAF_92_region	44616	6912073	154.92	0	898
SCAF_93	44136	30818	0.70	0	50
SCAF_93_region	44136	30818	0.70	0	50
SCAF_94	43913	77047	1.75	0	26
SCAF_94_region	43913	77047	1.75	0	26
SCAF_95	43808	89324	2.04	0	36
SCAF_95_region	43808	89324	2.04	0	36
SCAF_96	43342	86030	1.98	0	27
SCAF_96_region	43342	86030	1.98	0	27
SCAF_97	43038	6666726	154.90	0	2950
SCAF_97_region	43038	6666726	154.90	0	2950
SCAF_98	42896	28393	0.66	0	11
SCAF_98_region	42896	28393	0.66	0	11
SCAF_99	42178	169211	4.01	0	36
SCAF_99_region	42178	169211	4.01	0	36
SCAF_100	41993	22592	0.54	0	14
SCAF_100_region	41993	22592	0.54	0	14
SCAF_101	41585	273292	6.57	0	41
SCAF_101_region	41585	273292	6.57	0	41
SCAF_102	41267	5895811	142.87	0	445
SCAF_102_region	41267	5895811	142.87	0	445
SCAF_103	41164	22693	0.55	0	19
SCAF_103_region	41164	22693	0.55	0	19
SCAF_104	40984	55095	1.34	0	13
SCAF_104_region	40984	55095	1.34	0	13
SCAF_105	40971	79178	1.93	0	27
SCAF_105_region	40971	79178	1.93	0	27
SCAF_106	40689	291352	7.16	0	42
SCAF_106_region	40689	291352	7.16	0	42
SCAF_107	40038	85371	2.13	0	33
SCAF_107_region	40038	85371	2.13	0	33
SCAF_108	39998	40411	1.01	0	33
SCAF_108_region	39998	40411	1.01	0	33
SCAF_109	39904	30844	0.77	0	77
SCAF_109_region	39904	30844	0.77	0	77
SCAF_110	39605	139000	3.51	0	21
SCAF_110_region	39605	139000	3.51	0	21
SCAF_111	39279	56272	1.43	0	67
SCAF_111_region	39279	56272	1.43	0	67
SCAF_112	39164	5783019	147.66	0	485
SCAF_112_region	39164	5783019	147.66	0	485
SCAF_113	39049	73487	1.88	0	13
SCAF_113_region	39049	73487	1.88	0	13
SCAF_114	38983	59961	1.54	0	45
SCAF_114_region	38983	59961	1.54	0	45
SCAF_115	38824	1615099	41.60	0	1470
SCAF_115_region	38824	1615099	41.60	0	1470
SCAF_116	37823	20641	0.55	0	17
SCAF_116_region	37823	20641	0.55	0	17
SCAF_117	37728	6209395	164.58	0	2928
SCAF_117_region	37728	6209395	164.58	0	2928
SCAF_118	37705	267381	7.09	0	36
SCAF_118_region	37705	267381	7.09	0	36
SCAF_119	37514	204686	5.46	0	129
SCAF_119_region	37514	204686	5.46	0	129
SCAF_120	37456	4706998	125.67	0	1466
SCAF_120_region	37456	4706998	125.67	0	1466
SCAF_121	37441	3595050	96.02	0	470
SCAF_121_region	37441	3595050	96.02	0	470
SCAF_122	37347	199527	5.34	0	238
SCAF_122_region	37347	199527	5.34	0	238
SCAF_123	37222	39214	1.05	0	42
SCAF_123_region	37222	39214	1.05	0	42
SCAF_124	36961	173784	4.70	0	301
SCAF_124_region	36961	173784	4.70	0	301
SCAF_125	36710	45714	1.25	0	38
SCAF_125_region	36710	45714	1.25	0	38
SCAF_126	36614	32366	0.88	0	19
SCAF_126_region	36614	32366	0.88	0	19
SCAF_127	36584	195937	5.36	0	28
SCAF_127_region	36584	195937	5.36	0	28
SCAF_128	36068	362305	10.05	0	34
SCAF_128_region	36068	362305	10.05	0	34
SCAF_129	35972	288020	8.01	0	52
SCAF_129_region	35972	288020	8.01	0	52
SCAF_130	35925	247389	6.89	0	37
SCAF_130_region	35925	247389	6.89	0	37
SCAF_131	35704	4907	0.14	0	8
SCAF_131_region	35704	4907	0.14	0	8
SCAF_132	35264	185503	5.26	0	24
SCAF_132_region	35264	185503	5.26	0	24
SCAF_133	35121	4868498	138.62	0	2485
SCAF_133_region	35121	4868498	138.62	0	2485
SCAF_134	35117	91152	2.60	0	53
SCAF_134_region	35117	91152	2.60	0	53
SCAF_135	34903	37247	1.07	0	33
SCAF_135_region	34903	37247	1.07	0	33
SCAF_136	34900	4199568	120.33	0	1798
SCAF_136_region	34900	4199568	120.33	0	1798
SCAF_137	34765	43083	1.24	0	24
SCAF_137_region	34765	43083	1.24	0	24
SCAF_138	34687	188386	5.43	0	1714
SCAF_138_region	34687	188386	5.43	0	1714
SCAF_139	34615	203940	5.89	0	24
SCAF_139_region	34615	203940	5.89	0	24
SCAF_140	34599	6019698	173.98	0	2712
SCAF_140_region	34599	6019698	173.98	0	2712
SCAF_141	34497	4508974	130.71	0	5470
SCAF_141_region	34497	4508974	130.71	0	5470
SCAF_142	34440	3775222	109.62	0	625
SCAF_142_region	34440	3775222	109.62	0	625
SCAF_143	34384	40353	1.17	0	33
SCAF_143_region	34384	40353	1.17	0	33
SCAF_144	34330	42688	1.24	0	18
SCAF_144_region	34330	42688	1.24	0	18
SCAF_145	34087	47408	1.39	0	38
SCAF_145_region	34087	47408	1.39	0	38
SCAF_146	33692	226347	6.72	0	27
SCAF_146_region	33692	226347	6.72	0	27
SCAF_147	33483	4085936	122.03	0	821
SCAF_147_region	33483	4085936	122.03	0	821
SCAF_148	33469	44066	1.32	0	41
SCAF_148_region	33469	44066	1.32	0	41
SCAF_149	33420	3013585	90.17	0	509
SCAF_149_region	33420	3013585	90.17	0	509
SCAF_150	33347	20380	0.61	0	14
SCAF_150_region	33347	20380	0.61	0	14
SCAF_151	33283	61492	1.85	0	365
SCAF_151_region	33283	61492	1.85	0	365
SCAF_152	33266	33404	1.00	0	33
SCAF_152_region	33266	33404	1.00	0	33
SCAF_153	33237	60358	1.82	0	35
SCAF_153_region	33237	60358	1.82	0	35
SCAF_154	33139	24865	0.75	0	29
SCAF_154_region	33139	24865	0.75	0	29
SCAF_155	33127	6050148	182.63	0	1043
SCAF_155_region	33127	6050148	182.63	0	1043
SCAF_156	32748	116898	3.57	0	237
SCAF_156_region	32748	116898	3.57	0	237
SCAF_157	32666	389757	11.93	0	502
SCAF_157_region	32666	389757	11.93	0	502
SCAF_158	32618	10607	0.33	0	8
SCAF_158_region	32618	10607	0.33	0	8
SCAF_159	32358	5216	0.16	0	5
SCAF_159_region	32358	5216	0.16	0	5
SCAF_160	32136	42547	1.32	0	15
SCAF_160_region	32136	42547	1.32	0	15
SCAF_161	32035	52554	1.64	0	85
SCAF_161_region	32035	52554	1.64	0	85
SCAF_162	31954	64914	2.03	0	32
SCAF_162_region	31954	64914	2.03	0	32
SCAF_163	31782	63581	2.00	0	35
SCAF_163_region	31782	63581	2.00	0	35
SCAF_164	31669	29102	0.92	0	48
SCAF_164_region	31669	29102	0.92	0	48
SCAF_165	31629	288862	9.13	0	144
SCAF_165_region	31629	288862	9.13	0	144
SCAF_166	31581	8856	0.28	0	35
SCAF_166_region	31581	8856	0.28	0	35
SCAF_167	31556	63099	2.00	0	27
SCAF_167_region	31556	63099	2.00	0	27
SCAF_168	31421	65266	2.08	0	37
SCAF_168_region	31421	65266	2.08	0	37
SCAF_169	31314	45222	1.44	0	33
SCAF_169_region	31314	45222	1.44	0	33
SCAF_170	31127	13990	0.45	0	11
SCAF_170_region	31127	13990	0.45	0	11
SCAF_171	31061	4475611	144.09	0	2118
SCAF_171_region	31061	4475611	144.09	0	2118
SCAF_172	31059	4549	0.15	0	13
SCAF_172_region	31059	4549	0.15	0	13
SCAF_173	30866	40238	1.30	0	24
SCAF_173_region	30866	40238	1.30	0	24
SCAF_174	30739	5112281	166.31	0	3446
SCAF_174_region	30739	5112281	166.31	0	3446
SCAF_175	30330	33321	1.10	0	24
SCAF_175_region	30330	33321	1.10	0	24
SCAF_176	30301	2334140	77.03	0	7057
SCAF_176_region	30301	2334140	77.03	0	7057
SCAF_177	30226	62302	2.06	0	33
SCAF_177_region	30226	62302	2.06	0	33
SCAF_178	30187	25332	0.84	0	47
SCAF_178_region	30187	25332	0.84	0	47
SCAF_179	30183	64202	2.13	0	53
SCAF_179_region	30183	64202	2.13	0	53
SCAF_180	30131	59411	1.97	0	119
SCAF_180_region	30131	59411	1.97	0	119
SCAF_181	30071	63577	2.11	0	21
SCAF_181_region	30071	63577	2.11	0	21
SCAF_182	30032	151392	5.04	0	40
SCAF_182_region	30032	151392	5.04	0	40
SCAF_183	30005	15451	0.51	0	34
SCAF_183_region	30005	15451	0.51	0	34
SCAF_184	29541	121897	4.13	0	392
SCAF_184_region	29541	121897	4.13	0	392
SCAF_185	29415	35821	1.22	0	11
SCAF_185_region	29415	35821	1.22	0	11
SCAF_186	29375	35771	1.22	0	11
SCAF_186_region	29375	35771	1.22	0	11
SCAF_187	29360	42907	1.46	0	13
SCAF_187_region	29360	42907	1.46	0	13
SCAF_188	29327	249544	8.51	0	26
SCAF_188_region	29327	249544	8.51	0	26
SCAF_189	29236	42123	1.44	0	39
SCAF_189_region	29236	42123	1.44	0	39
SCAF_190	29216	107397	3.68	0	237
SCAF_190_region	29216	107397	3.68	0	237
SCAF_191	29200	23741	0.81	0	11
SCAF_191_region	29200	23741	0.81	0	11
SCAF_192	29083	3830450	131.71	0	443
SCAF_192_region	29083	3830450	131.71	0	443
SCAF_193	29081	36274	1.25	0	141
SCAF_193_region	29081	36274	1.25	0	141
SCAF_194	28863	2315041	80.21	0	605
SCAF_194_region	28863	2315041	80.21	0	605
SCAF_195	28688	40627	1.42	0	104
SCAF_195_region	28688	40627	1.42	0	104
SCAF_196	28688	122189	4.26	0	209
SCAF_196_region	28688	122189	4.26	0	209
SCAF_197	28670	28575	1.00	0	10
SCAF_197_region	28670	28575	1.00	0	10
SCAF_198	28585	155855	5.45	0	39
SCAF_198_region	28585	155855	5.45	0	39
SCAF_199	28585	178382	6.24	0	580
SCAF_199_region	28585	178382	6.24	0	580
SCAF_200	28563	58202	2.04	0	97
SCAF_200_region	28563	58202	2.04	0	97
SCAF_201	28551	19838	0.69	0	21
SCAF_201_region	28551	19838	0.69	0	21
SCAF_202	28219	55758	1.98	0	32
SCAF_202_region	28219	55758	1.98	0	32
SCAF_203	28217	34419	1.22	0	23
SCAF_203_region	28217	34419	1.22	0	23
SCAF_204	28187	128239	4.55	0	972
SCAF_204_region	28187	128239	4.55	0	972
SCAF_205	28138	24207	0.86	0	33
SCAF_205_region	28138	24207	0.86	0	33
SCAF_206	28111	30883	1.10	0	22
SCAF_206_region	28111	30883	1.10	0	22
SCAF_207	27959	214429	7.67	0	31
SCAF_207_region	27959	214429	7.67	0	31
SCAF_208	27935	3381782	121.06	0	1461
SCAF_208_region	27935	3381782	121.06	0	1461
SCAF_209	27830	54888	1.97	0	15
SCAF_209_region	27830	54888	1.97	0	15
SCAF_210	27781	21014	0.76	0	10
SCAF_210_region	27781	21014	0.76	0	10
SCAF_211	27774	242093	8.72	0	164
SCAF_211_region	27774	242093	8.72	0	164
SCAF_212	27772	48257	1.74	0	30
SCAF_212_region	27772	48257	1.74	0	30
SCAF_213	27728	42518	1.53	0	33
SCAF_213_region	27728	42518	1.53	0	33
SCAF_214	27690	62077	2.24	0	29
SCAF_214_region	27690	62077	2.24	0	29
SCAF_215	27659	4413809	159.58	0	908
SCAF_215_region	27659	4413809	159.58	0	908
SCAF_216	27637	41476	1.50	0	42
SCAF_216_region	27637	41476	1.50	0	42
SCAF_217	27634	14824	0.54	0	10
SCAF_217_region	27634	14824	0.54	0	10
SCAF_218	27594	190133	6.89	0	26
SCAF_218_region	27594	190133	6.89	0	26
SCAF_219	27563	4668	0.17	0	7
SCAF_219_region	27563	4668	0.17	0	7
SCAF_220	27545	228836	8.31	0	39
SCAF_220_region	27545	228836	8.31	0	39
SCAF_221	27530	44062	1.60	0	31
SCAF_221_region	27530	44062	1.60	0	31
SCAF_222	27515	12464	0.45	0	27
SCAF_222_region	27515	12464	0.45	0	27
SCAF_223	27476	45352	1.65	0	95
SCAF_223_region	27476	45352	1.65	0	95
SCAF_224	27450	21178	0.77	0	23
SCAF_224_region	27450	21178	0.77	0	23
SCAF_225	27344	12207	0.45	0	18
SCAF_225_region	27344	12207	0.45	0	18
SCAF_226	27270	332809	12.20	0	300
SCAF_226_region	27270	332809	12.20	0	300
SCAF_227	27232	30189	1.11	0	15
SCAF_227_region	27232	30189	1.11	0	15
SCAF_228	27189	286828	10.55	0	157
SCAF_228_region	27189	286828	10.55	0	157
SCAF_229	27037	42352	1.57	0	19
SCAF_229_region	27037	42352	1.57	0	19
SCAF_230	26948	30594	1.14	0	33
SCAF_230_region	26948	30594	1.14	0	33
SCAF_231	26899	32069	1.19	0	48
SCAF_231_region	26899	32069	1.19	0	48
SCAF_232	26856	30046	1.12	0	31
SCAF_232_region	26856	30046	1.12	0	31
SCAF_233	26767	23831	0.89	0	44
SCAF_233_region	26767	23831	0.89	0	44
SCAF_234	26700	3453915	129.36	0	530
SCAF_234_region	26700	3453915	129.36	0	530
SCAF_235	26660	6115483	229.39	0	1284
SCAF_235_region	26660	6115483	229.39	0	1284
SCAF_236	26499	31258	1.18	0	32
SCAF_236_region	26499	31258	1.18	0	32
SCAF_237	26482	92047	3.48	0	20
SCAF_237_region	26482	92047	3.48	0	20
SCAF_238	26369	35776	1.36	0	21
SCAF_238_region	26369	35776	1.36	0	21
SCAF_239	26171	41694	1.59	0	29
SCAF_239_region	26171	41694	1.59	0	29
SCAF_240	26148	21165	0.81	0	39
SCAF_240_region	26148	21165	0.81	0	39
SCAF_241	26131	148454	5.68	0	85
SCAF_241_region	26131	148454	5.68	0	85
SCAF_242	26114	28963	1.11	0	35
SCAF_242_region	26114	28963	1.11	0	35
SCAF_243	26085	21853	0.84	0	41
SCAF_243_region	26085	21853	0.84	0	41
SCAF_244	26060	5345	0.21	0	6
SCAF_244_region	26060	5345	0.21	0	6
SCAF_245	25968	13550	0.52	0	43
SCAF_245_region	25968	13550	0.52	0	43
SCAF_246	25946	3399819	131.03	0	2510
SCAF_246_region	25946	3399819	131.03	0	2510
SCAF_247	25940	238970	9.21	0	31
SCAF_247_region	25940	238970	9.21	0	31
SCAF_248	25895	12965	0.50	0	11
SCAF_248_region	25895	12965	0.50	0	11
SCAF_249	25885	62456	2.41	0	18
SCAF_249_region	25885	62456	2.41	0	18
SCAF_250	25884	159269	6.15	0	44
SCAF_250_region	25884	159269	6.15	0	44
SCAF_251	25874	25849	1.00	0	19
SCAF_251_region	25874	25849	1.00	0	19
SCAF_252	25864	5908	0.23	0	31
SCAF_252_region	25864	5908	0.23	0	31
SCAF_253	25825	26898	1.04	0	32
SCAF_253_region	25825	26898	1.04	0	32
SCAF_254	25798	67537	2.62	0	427
SCAF_254_region	25798	67537	2.62	0	427
SCAF_255	25728	11467	0.45	0	21
SCAF_255_region	25728	11467	0.45	0	21
SCAF_256	25725	33593	1.31	0	32
SCAF_256_region	25725	33593	1.31	0	32
SCAF_257	25720	98855	3.84	0	24
SCAF_257_region	25720	98855	3.84	0	24
SCAF_258	25700	129930	5.06	0	855
SCAF_258_region	25700	129930	5.06	0	855
SCAF_259	25645	33452	1.30	0	33
SCAF_259_region	25645	33452	1.30	0	33
SCAF_260	25595	112755	4.41	0	41
SCAF_260_region	25595	112755	4.41	0	41
SCAF_261	25593	53458	2.09	0	40
SCAF_261_region	25593	53458	2.09	0	40
SCAF_262	25592	31996	1.25	0	25
SCAF_262_region	25592	31996	1.25	0	25
SCAF_263	25481	39186	1.54	0	21
SCAF_263_region	25481	39186	1.54	0	21
SCAF_264	25444	198684	7.81	0	28
SCAF_264_region	25444	198684	7.81	0	28
SCAF_265	25436	18384	0.72	0	11
SCAF_265_region	25436	18384	0.72	0	11
SCAF_266	25377	65902	2.60	0	17
SCAF_266_region	25377	65902	2.60	0	17
SCAF_267	25340	199659	7.88	0	39
SCAF_267_region	25340	199659	7.88	0	39
SCAF_268	25329	56062	2.21	0	40
SCAF_268_region	25329	56062	2.21	0	40
SCAF_269	25264	30719	1.22	0	26
SCAF_269_region	25264	30719	1.22	0	26
SCAF_270	25225	25001	0.99	0	13
SCAF_270_region	25225	25001	0.99	0	13
SCAF_271	25206	36644	1.45	0	84
SCAF_271_region	25206	36644	1.45	0	84
SCAF_272	25161	49844	1.98	0	35
SCAF_272_region	25161	49844	1.98	0	35
SCAF_273	25090	26907	1.07	0	13
SCAF_273_region	25090	26907	1.07	0	13
SCAF_274	24834	13846	0.56	0	41
SCAF_274_region	24834	13846	0.56	0	41
SCAF_275	24832	4643276	186.99	0	3286
SCAF_275_region	24832	4643276	186.99	0	3286
SCAF_276	24811	52530	2.12	0	37
SCAF_276_region	24811	52530	2.12	0	37
SCAF_277	24713	54610	2.21	0	48
SCAF_277_region	24713	54610	2.21	0	48
SCAF_278	24673	15079	0.61	0	33
SCAF_278_region	24673	15079	0.61	0	33
SCAF_279	24542	30007	1.22	0	14
SCAF_279_region	24542	30007	1.22	0	14
SCAF_280	24528	32970	1.34	0	18
SCAF_280_region	24528	32970	1.34	0	18
SCAF_281	24435	6137	0.25	0	31
SCAF_281_region	24435	6137	0.25	0	31
SCAF_282	24359	8504	0.35	0	32
SCAF_282_region	24359	8504	0.35	0	32
SCAF_283	24173	146687	6.07	0	40
SCAF_283_region	24173	146687	6.07	0	40
SCAF_284	24152	2375154	98.34	0	425
SCAF_284_region	24152	2375154	98.34	0	425
SCAF_285	24110	3700	0.15	0	39
SCAF_285_region	24110	3700	0.15	0	39
SCAF_286	24066	331707	13.78	0	1655
SCAF_286_region	24066	331707	13.78	0	1655
SCAF_287	23981	6766	0.28	0	7
SCAF_287_region	23981	6766	0.28	0	7
SCAF_288	23980	17731	0.74	0	10
SCAF_288_region	23980	17731	0.74	0	10
SCAF_289	23950	31787	1.33	0	16
SCAF_289_region	23950	31787	1.33	0	16
SCAF_290	23945	36995	1.54	0	24
SCAF_290_region	23945	36995	1.54	0	24
SCAF_291	23886	11516	0.48	0	8
SCAF_291_region	23886	11516	0.48	0	8
SCAF_292	23860	34113	1.43	0	13
SCAF_292_region	23860	34113	1.43	0	13
SCAF_293	23814	43927	1.84	0	12
SCAF_293_region	23814	43927	1.84	0	12
SCAF_294	23796	28128	1.18	0	23
SCAF_294_region	23796	28128	1.18	0	23
SCAF_295	23767	61387	2.58	0	160
SCAF_295_region	23767	61387	2.58	0	160
SCAF_296	23762	353077	14.86	0	3327
SCAF_296_region	23762	353077	14.86	0	3327
SCAF_297	23695	62643	2.64	0	40
SCAF_297_region	23695	62643	2.64	0	40
SCAF_298	23666	9330	0.39	0	45
SCAF_298_region	23666	9330	0.39	0	45
SCAF_299	23648	117872	4.98	0	558
SCAF_299_region	23648	117872	4.98	0	558
SCAF_300	23643	4132001	174.77	0	1819
SCAF_300_region	23643	4132001	174.77	0	1819
SCAF_301	23638	25926	1.10	0	13
SCAF_301_region	23638	25926	1.10	0	13
SCAF_302	23633	38868	1.64	0	303
SCAF_302_region	23633	38868	1.64	0	303
SCAF_303	23629	34693	1.47	0	14
SCAF_303_region	23629	34693	1.47	0	14
SCAF_304	23571	75322	3.20	0	23
SCAF_304_region	23571	75322	3.20	0	23
SCAF_305	23555	87687	3.72	0	29
SCAF_305_region	23555	87687	3.72	0	29
SCAF_306	23322	34971	1.50	0	17
SCAF_306_region	23322	34971	1.50	0	17
SCAF_307	23295	22085	0.95	0	8
SCAF_307_region	23295	22085	0.95	0	8
SCAF_308	23075	2191655	94.98	0	2661
SCAF_308_region	23075	2191655	94.98	0	2661
SCAF_309	23057	40455	1.75	0	44
SCAF_309_region	23057	40455	1.75	0	44
SCAF_310	23011	59951	2.61	0	58
SCAF_310_region	23011	59951	2.61	0	58
SCAF_311	22999	5842	0.25	0	104
SCAF_311_region	22999	5842	0.25	0	104
SCAF_312	22896	67369	2.94	0	35
SCAF_312_region	22896	67369	2.94	0	35
SCAF_313	22877	15936	0.70	0	15
SCAF_313_region	22877	15936	0.70	0	15
SCAF_314	22871	3768830	164.79	0	2862
SCAF_314_region	22871	3768830	164.79	0	2862
SCAF_315	22844	23453	1.03	0	105
SCAF_315_region	22844	23453	1.03	0	105
SCAF_316	22844	7582	0.33	0	9
SCAF_316_region	22844	7582	0.33	0	9
SCAF_317	22833	36127	1.58	0	31
SCAF_317_region	22833	36127	1.58	0	31
SCAF_318	22713	23172	1.02	0	27
SCAF_318_region	22713	23172	1.02	0	27
SCAF_319	22685	19850	0.88	0	12
SCAF_319_region	22685	19850	0.88	0	12
SCAF_320	22653	20552	0.91	0	11
SCAF_320_region	22653	20552	0.91	0	11
SCAF_321	22554	32536	1.44	0	50
SCAF_321_region	22554	32536	1.44	0	50
SCAF_322	22539	26960	1.20	0	11
SCAF_322_region	22539	26960	1.20	0	11
SCAF_323	22525	29117	1.29	0	22
SCAF_323_region	22525	29117	1.29	0	22
SCAF_324	22489	145072	6.45	0	24
SCAF_324_region	22489	145072	6.45	0	24
SCAF_325	22468	58799	2.62	0	18
SCAF_325_region	22468	58799	2.62	0	18
SCAF_326	22392	3978528	177.68	0	2700
SCAF_326_region	22392	3978528	177.68	0	2700
SCAF_327	22337	27296	1.22	0	29
SCAF_327_region	22337	27296	1.22	0	29
SCAF_328	22280	4218495	189.34	0	711
SCAF_328_region	22280	4218495	189.34	0	711
SCAF_329	22245	23042	1.04	0	11
SCAF_329_region	22245	23042	1.04	0	11
SCAF_330	22040	33527	1.52	0	51
SCAF_330_region	22040	33527	1.52	0	51
SCAF_331	22029	5696	0.26	0	7
SCAF_331_region	22029	5696	0.26	0	7
SCAF_332	21923	25531	1.16	0	9
SCAF_332_region	21923	25531	1.16	0	9
SCAF_333	21867	18967	0.87	0	9
SCAF_333_region	21867	18967	0.87	0	9
SCAF_334	21813	31975	1.47	0	99
SCAF_334_region	21813	31975	1.47	0	99
SCAF_335	21800	75505	3.46	0	18
SCAF_335_region	21800	75505	3.46	0	18
SCAF_336	21691	22724	1.05	0	18
SCAF_336_region	21691	22724	1.05	0	18
SCAF_337	21675	27371	1.26	0	19
SCAF_337_region	21675	27371	1.26	0	19
SCAF_338	21621	27130	1.25	0	56
SCAF_338_region	21621	27130	1.25	0	56
SCAF_339	21529	42018	1.95	0	182
SCAF_339_region	21529	42018	1.95	0	182
SCAF_340	21472	33451	1.56	0	17
SCAF_340_region	21472	33451	1.56	0	17
SCAF_341	21449	22984	1.07	0	31
SCAF_341_region	21449	22984	1.07	0	31
SCAF_342	21444	169353	7.90	0	773
SCAF_342_region	21444	169353	7.90	0	773
SCAF_343	21365	7875	0.37	0	50
SCAF_343_region	21365	7875	0.37	0	50
SCAF_344	21355	90119	4.22	0	403
SCAF_344_region	21355	90119	4.22	0	403
SCAF_345	21334	33970	1.59	0	14
SCAF_345_region	21334	33970	1.59	0	14
SCAF_346	21294	2943021	138.21	0	1824
SCAF_346_region	21294	2943021	138.21	0	1824
SCAF_347	21288	7399	0.35	0	133
SCAF_347_region	21288	7399	0.35	0	133
SCAF_348	21209	26411	1.25	0	43
SCAF_348_region	21209	26411	1.25	0	43
SCAF_349	21199	4824	0.23	0	25
SCAF_349_region	21199	4824	0.23	0	25
SCAF_350	21189	22925	1.08	0	84
SCAF_350_region	21189	22925	1.08	0	84
SCAF_351	21106	129552	6.14	0	23
SCAF_351_region	21106	129552	6.14	0	23
SCAF_352	21098	27044	1.28	0	22
SCAF_352_region	21098	27044	1.28	0	22
SCAF_353	21078	10363	0.49	0	31
SCAF_353_region	21078	10363	0.49	0	31
SCAF_354	20991	17015	0.81	0	33
SCAF_354_region	20991	17015	0.81	0	33
SCAF_355	20981	7992	0.38	0	16
SCAF_355_region	20981	7992	0.38	0	16
SCAF_356	20980	38875	1.85	0	12
SCAF_356_region	20980	38875	1.85	0	12
SCAF_357	20976	23631	1.13	0	23
SCAF_357_region	20976	23631	1.13	0	23
SCAF_358	20871	14173	0.68	0	27
SCAF_358_region	20871	14173	0.68	0	27
SCAF_359	20831	17824	0.86	0	29
SCAF_359_region	20831	17824	0.86	0	29
SCAF_360	20777	28881	1.39	0	206
SCAF_360_region	20777	28881	1.39	0	206
SCAF_361	20737	44928	2.17	0	78
SCAF_361_region	20737	44928	2.17	0	78
SCAF_362	20702	157655	7.62	0	54
SCAF_362_region	20702	157655	7.62	0	54
SCAF_363	20586	3578	0.17	0	28
SCAF_363_region	20586	3578	0.17	0	28
SCAF_364	20574	57904	2.81	0	55
SCAF_364_region	20574	57904	2.81	0	55
SCAF_365	20553	7980	0.39	0	11
SCAF_365_region	20553	7980	0.39	0	11
SCAF_366	20522	15398	0.75	0	15
SCAF_366_region	20522	15398	0.75	0	15
SCAF_367	20517	9455	0.46	0	25
SCAF_367_region	20517	9455	0.46	0	25
SCAF_368	20452	82261	4.02	0	377
SCAF_368_region	20452	82261	4.02	0	377
SCAF_369	20438	105974	5.19	0	49
SCAF_369_region	20438	105974	5.19	0	49
SCAF_370	20350	34972	1.72	0	155
SCAF_370_region	20350	34972	1.72	0	155
SCAF_371	20349	60652	2.98	0	388
SCAF_371_region	20349	60652	2.98	0	388
SCAF_372	20285	13520	0.67	0	16
SCAF_372_region	20285	13520	0.67	0	16
SCAF_373	20282	2879	0.14	0	45
SCAF_373_region	20282	2879	0.14	0	45
SCAF_374	20282	2818807	138.98	0	743
SCAF_374_region	20282	2818807	138.98	0	743
SCAF_375	20179	168942	8.37	0	211
SCAF_375_region	20179	168942	8.37	0	211
SCAF_376	20174	47341	2.35	0	18
SCAF_376_region	20174	47341	2.35	0	18
SCAF_377	20160	42658	2.12	0	29
SCAF_377_region	20160	42658	2.12	0	29
SCAF_378	20157	1929330	95.72	0	378
SCAF_378_region	20157	1929330	95.72	0	378
SCAF_379	20150	60149	2.99	0	28
SCAF_379_region	20150	60149	2.99	0	28
SCAF_380	20140	52300	2.60	0	179
SCAF_380_region	20140	52300	2.60	0	179
SCAF_381	20082	18549	0.92	0	14
SCAF_381_region	20082	18549	0.92	0	14
SCAF_382	20068	13281	0.66	0	16
SCAF_382_region	20068	13281	0.66	0	16
SCAF_383	20052	14958	0.75	0	21
SCAF_383_region	20052	14958	0.75	0	21
SCAF_384	20039	90649	4.52	0	25
SCAF_384_region	20039	90649	4.52	0	25
SCAF_385	20036	22283	1.11	0	22
SCAF_385_region	20036	22283	1.11	0	22
SCAF_386	20004	40055	2.00	0	12
SCAF_386_region	20004	40055	2.00	0	12
SCAF_387	19967	136979	6.86	0	251
SCAF_387_region	19967	136979	6.86	0	251
SCAF_388	19953	90474	4.53	0	24
SCAF_388_region	19953	90474	4.53	0	24
SCAF_389	19874	32803	1.65	0	45
SCAF_389_region	19874	32803	1.65	0	45
SCAF_390	19870	2074163	104.39	0	622
SCAF_390_region	19870	2074163	104.39	0	622
SCAF_391	19819	10029	0.51	0	47
SCAF_391_region	19819	10029	0.51	0	47
SCAF_392	19814	22849	1.15	0	37
SCAF_392_region	19814	22849	1.15	0	37
SCAF_393	19805	27285	1.38	0	16
SCAF_393_region	19805	27285	1.38	0	16
SCAF_394	19796	43283	2.19	0	39
SCAF_394_region	19796	43283	2.19	0	39
SCAF_395	19788	5786024	292.40	0	2538
SCAF_395_region	19788	5786024	292.40	0	2538
SCAF_396	19769	19529	0.99	0	20
SCAF_396_region	19769	19529	0.99	0	20
SCAF_397	19737	33116	1.68	0	23
SCAF_397_region	19737	33116	1.68	0	23
SCAF_398	19694	77604	3.94	0	19
SCAF_398_region	19694	77604	3.94	0	19
SCAF_399	19627	26558	1.35	0	9
SCAF_399_region	19627	26558	1.35	0	9
SCAF_400	19559	47691	2.44	0	28
SCAF_400_region	19559	47691	2.44	0	28
SCAF_401	19529	31176	1.60	0	54
SCAF_401_region	19529	31176	1.60	0	54
SCAF_402	19485	11665	0.60	0	9
SCAF_402_region	19485	11665	0.60	0	9
SCAF_403	19440	24031	1.24	0	18
SCAF_403_region	19440	24031	1.24	0	18
SCAF_404	19429	23153	1.19	0	11
SCAF_404_region	19429	23153	1.19	0	11
SCAF_405	19412	14728	0.76	0	14
SCAF_405_region	19412	14728	0.76	0	14
SCAF_406	19412	26661	1.37	0	24
SCAF_406_region	19412	26661	1.37	0	24
SCAF_407	19392	21729	1.12	0	11
SCAF_407_region	19392	21729	1.12	0	11
SCAF_408	19383	2775	0.14	0	5
SCAF_408_region	19383	2775	0.14	0	5
SCAF_409	19350	16253	0.84	0	14
SCAF_409_region	19350	16253	0.84	0	14
SCAF_410	19334	22234	1.15	0	11
SCAF_410_region	19334	22234	1.15	0	11
SCAF_411	19319	5136	0.27	0	20
SCAF_411_region	19319	5136	0.27	0	20
SCAF_412	19298	125401	6.50	0	54
SCAF_412_region	19298	125401	6.50	0	54
SCAF_413	19281	124889	6.48	0	26
SCAF_413_region	19281	124889	6.48	0	26
SCAF_414	19250	44116	2.29	0	29
SCAF_414_region	19250	44116	2.29	0	29
SCAF_415	19240	27002	1.40	0	18
SCAF_415_region	19240	27002	1.40	0	18
SCAF_416	19198	13622	0.71	0	30
SCAF_416_region	19198	13622	0.71	0	30
SCAF_417	19156	6966	0.36	0	58
SCAF_417_region	19156	6966	0.36	0	58
SCAF_418	19069	1915322	100.44	0	404
SCAF_418_region	19069	1915322	100.44	0	404
SCAF_419	19061	40543	2.13	0	26
SCAF_419_region	19061	40543	2.13	0	26
SCAF_420	19040	5687	0.30	0	4
SCAF_420_region	19040	5687	0.30	0	4
SCAF_421	19012	30234	1.59	0	35
SCAF_421_region	19012	30234	1.59	0	35
SCAF_422	18950	75865	4.00	0	21
SCAF_422_region	18950	75865	4.00	0	21
SCAF_423	18945	23419	1.24	0	73
SCAF_423_region	18945	23419	1.24	0	73
SCAF_424	18943	20141	1.06	0	31
SCAF_424_region	18943	20141	1.06	0	31
SCAF_425	18932	49018	2.59	0	22
SCAF_425_region	18932	49018	2.59	0	22
SCAF_426	18882	24005	1.27	0	11
SCAF_426_region	18882	24005	1.27	0	11
SCAF_427	18874	33598	1.78	0	21
SCAF_427_region	18874	33598	1.78	0	21
SCAF_428	18866	964265	51.11	0	399
SCAF_428_region	18866	964265	51.11	0	399
SCAF_429	18866	41367	2.19	0	30
SCAF_429_region	18866	41367	2.19	0	30
SCAF_430	18815	12618	0.67	0	29
SCAF_430_region	18815	12618	0.67	0	29
SCAF_431	18805	125801	6.69	0	27
SCAF_431_region	18805	125801	6.69	0	27
SCAF_432	18790	96400	5.13	0	45
SCAF_432_region	18790	96400	5.13	0	45
SCAF_433	18773	8514	0.45	0	23
SCAF_433_region	18773	8514	0.45	0	23
SCAF_434	18766	24863	1.32	0	18
SCAF_434_region	18766	24863	1.32	0	18
SCAF_435	18753	61034	3.25	0	36
SCAF_435_region	18753	61034	3.25	0	36
SCAF_436	18746	36273	1.93	0	23
SCAF_436_region	18746	36273	1.93	0	23
SCAF_437	18721	26369	1.41	0	30
SCAF_437_region	18721	26369	1.41	0	30
SCAF_438	18669	8150	0.44	0	22
SCAF_438_region	18669	8150	0.44	0	22
SCAF_439	18588	41953	2.26	0	299
SCAF_439_region	18588	41953	2.26	0	299
SCAF_440	18561	36254	1.95	0	258
SCAF_440_region	18561	36254	1.95	0	258
SCAF_441	18530	19760	1.07	0	36
SCAF_441_region	18530	19760	1.07	0	36
SCAF_442	18489	13684	0.74	0	31
SCAF_442_region	18489	13684	0.74	0	31
SCAF_443	18479	28300	1.53	0	19
SCAF_443_region	18479	28300	1.53	0	19
SCAF_444	18424	53695	2.91	0	14
SCAF_444_region	18424	53695	2.91	0	14
SCAF_445	18396	36022	1.96	0	21
SCAF_445_region	18396	36022	1.96	0	21
SCAF_446	18392	85380	4.64	0	27
SCAF_446_region	18392	85380	4.64	0	27
SCAF_447	18255	26632	1.46	0	11
SCAF_447_region	18255	26632	1.46	0	11
SCAF_448	18252	96598	5.29	0	40
SCAF_448_region	18252	96598	5.29	0	40
SCAF_449	18248	26442	1.45	0	9
SCAF_449_region	18248	26442	1.45	0	9
SCAF_450	18208	9533	0.52	0	19
SCAF_450_region	18208	9533	0.52	0	19
SCAF_451	18202	90022	4.95	0	84
SCAF_451_region	18202	90022	4.95	0	84
SCAF_452	18192	13167	0.72	0	12
SCAF_452_region	18192	13167	0.72	0	12
SCAF_453	18150	4530	0.25	0	5
SCAF_453_region	18150	4530	0.25	0	5
SCAF_454	18134	4661	0.26	0	16
SCAF_454_region	18134	4661	0.26	0	16
SCAF_455	18114	6342	0.35	0	74
SCAF_455_region	18114	6342	0.35	0	74
SCAF_456	18112	13809	0.76	0	13
SCAF_456_region	18112	13809	0.76	0	13
SCAF_457	18054	150563	8.34	0	34
SCAF_457_region	18054	150563	8.34	0	34
SCAF_458	18006	35079	1.95	0	15
SCAF_458_region	18006	35079	1.95	0	15
SCAF_459	18000	7049	0.39	0	40
SCAF_459_region	18000	7049	0.39	0	40
SCAF_460	17967	63412	3.53	0	42
SCAF_460_region	17967	63412	3.53	0	42
SCAF_461	17943	13102	0.73	0	12
SCAF_461_region	17943	13102	0.73	0	12
SCAF_462	17929	3985	0.22	0	41
SCAF_462_region	17929	3985	0.22	0	41
SCAF_463	17921	4672	0.26	0	9
SCAF_463_region	17921	4672	0.26	0	9
SCAF_464	17913	47863	2.67	0	17
SCAF_464_region	17913	47863	2.67	0	17
SCAF_465	17912	25778	1.44	0	75
SCAF_465_region	17912	25778	1.44	0	75
SCAF_466	17886	37559	2.10	0	37
SCAF_466_region	17886	37559	2.10	0	37
SCAF_467	17859	7281	0.41	0	25
SCAF_467_region	17859	7281	0.41	0	25
SCAF_468	17837	10982	0.62	0	14
SCAF_468_region	17837	10982	0.62	0	14
SCAF_469	17802	3187	0.18	0	4
SCAF_469_region	17802	3187	0.18	0	4
SCAF_470	17776	28588	1.61	0	49
SCAF_470_region	17776	28588	1.61	0	49
SCAF_471	17682	20256	1.15	0	12
SCAF_471_region	17682	20256	1.15	0	12
SCAF_472	17646	62623	3.55	0	26
SCAF_472_region	17646	62623	3.55	0	26
SCAF_473	17646	52778	2.99	0	30
SCAF_473_region	17646	52778	2.99	0	30
SCAF_474	17642	1897853	107.58	0	421
SCAF_474_region	17642	1897853	107.58	0	421
SCAF_475	17613	22486	1.28	0	256
SCAF_475_region	17613	22486	1.28	0	256
SCAF_476	17602	49737	2.83	0	408
SCAF_476_region	17602	49737	2.83	0	408
SCAF_477	17571	3930	0.22	0	8
SCAF_477_region	17571	3930	0.22	0	8
SCAF_478	17535	14218	0.81	0	7
SCAF_478_region	17535	14218	0.81	0	7
SCAF_479	17528	55614	3.17	0	155
SCAF_479_region	17528	55614	3.17	0	155
SCAF_480	17503	23159	1.32	0	10
SCAF_480_region	17503	23159	1.32	0	10
SCAF_481	17502	15411	0.88	0	25
SCAF_481_region	17502	15411	0.88	0	25
SCAF_482	17480	5622	0.32	0	6
SCAF_482_region	17480	5622	0.32	0	6
SCAF_483	17476	15456	0.88	0	10
SCAF_483_region	17476	15456	0.88	0	10
SCAF_484	17457	308462	17.67	0	489
SCAF_484_region	17457	308462	17.67	0	489
SCAF_485	17386	42563	2.45	0	54
SCAF_485_region	17386	42563	2.45	0	54
SCAF_486	17362	28173	1.62	0	27
SCAF_486_region	17362	28173	1.62	0	27
SCAF_487	17332	28823	1.66	0	730
SCAF_487_region	17332	28823	1.66	0	730
SCAF_488	17327	36400	2.10	0	49
SCAF_488_region	17327	36400	2.10	0	49
SCAF_489	17303	31824	1.84	0	9
SCAF_489_region	17303	31824	1.84	0	9
SCAF_490	17273	19689	1.14	0	29
SCAF_490_region	17273	19689	1.14	0	29
SCAF_491	17245	61351	3.56	0	104
SCAF_491_region	17245	61351	3.56	0	104
SCAF_492	17239	26009	1.51	0	27
SCAF_492_region	17239	26009	1.51	0	27
SCAF_493	17219	42980	2.50	0	12
SCAF_493_region	17219	42980	2.50	0	12
SCAF_494	17218	22665	1.32	0	16
SCAF_494_region	17218	22665	1.32	0	16
SCAF_495	17211	19663	1.14	0	18
SCAF_495_region	17211	19663	1.14	0	18
SCAF_496	17198	27952	1.63	0	222
SCAF_496_region	17198	27952	1.63	0	222
SCAF_497	17190	3858	0.22	0	18
SCAF_497_region	17190	3858	0.22	0	18
SCAF_498	17162	50705	2.95	0	20
SCAF_498_region	17162	50705	2.95	0	20
SCAF_499	17147	16364	0.95	0	35
SCAF_499_region	17147	16364	0.95	0	35
SCAF_500	17144	25605	1.49	0	42
SCAF_500_region	17144	25605	1.49	0	42
SCAF_501	17142	10564	0.62	0	10
SCAF_501_region	17142	10564	0.62	0	10
SCAF_502	17124	37300	2.18	0	28
SCAF_502_region	17124	37300	2.18	0	28
SCAF_503	17118	599484	35.02	0	180
SCAF_503_region	17118	599484	35.02	0	180
SCAF_504	17076	33019	1.93	0	14
SCAF_504_region	17076	33019	1.93	0	14
SCAF_505	17047	1756072	103.01	0	848
SCAF_505_region	17047	1756072	103.01	0	848
SCAF_506	17043	14677	0.86	0	79
SCAF_506_region	17043	14677	0.86	0	79
SCAF_507	17035	50148	2.94	0	36
SCAF_507_region	17035	50148	2.94	0	36
SCAF_508	17021	43470	2.55	0	25
SCAF_508_region	17021	43470	2.55	0	25
SCAF_509	16971	34030	2.01	0	36
SCAF_509_region	16971	34030	2.01	0	36
SCAF_510	16897	99985	5.92	0	51
SCAF_510_region	16897	99985	5.92	0	51
SCAF_511	16849	15068	0.89	0	7
SCAF_511_region	16849	15068	0.89	0	7
SCAF_512	16807	14719	0.88	0	11
SCAF_512_region	16807	14719	0.88	0	11
SCAF_513	16787	4814	0.29	0	30
SCAF_513_region	16787	4814	0.29	0	30
SCAF_514	16784	35308	2.10	0	35
SCAF_514_region	16784	35308	2.10	0	35
SCAF_515	16776	29443	1.76	0	11
SCAF_515_region	16776	29443	1.76	0	11
SCAF_516	16745	11121	0.66	0	9
SCAF_516_region	16745	11121	0.66	0	9
SCAF_517	16741	19155	1.14	0	10
SCAF_517_region	16741	19155	1.14	0	10
SCAF_518	16733	75390	4.51	0	28
SCAF_518_region	16733	75390	4.51	0	28
SCAF_519	16710	27428	1.64	0	23
SCAF_519_region	16710	27428	1.64	0	23
SCAF_520	16702	2388795	143.02	0	1970
SCAF_520_region	16702	2388795	143.02	0	1970
SCAF_521	16701	21779	1.30	0	22
SCAF_521_region	16701	21779	1.30	0	22
SCAF_522	16645	11142	0.67	0	136
SCAF_522_region	16645	11142	0.67	0	136
SCAF_523	16623	30179	1.82	0	15
SCAF_523_region	16623	30179	1.82	0	15
SCAF_524	16568	8233	0.50	0	13
SCAF_524_region	16568	8233	0.50	0	13
SCAF_525	16548	20087	1.21	0	17
SCAF_525_region	16548	20087	1.21	0	17
SCAF_526	16541	33385	2.02	0	738
SCAF_526_region	16541	33385	2.02	0	738
SCAF_527	16518	1974825	119.56	0	433
SCAF_527_region	16518	1974825	119.56	0	433
SCAF_528	16510	23656	1.43	0	83
SCAF_528_region	16510	23656	1.43	0	83
SCAF_529	16492	24057	1.46	0	20
SCAF_529_region	16492	24057	1.46	0	20
SCAF_530	16462	32764	1.99	0	15
SCAF_530_region	16462	32764	1.99	0	15
SCAF_531	16461	2134	0.13	0	6
SCAF_531_region	16461	2134	0.13	0	6
SCAF_532	16447	38468	2.34	0	16
SCAF_532_region	16447	38468	2.34	0	16
SCAF_533	16383	18274	1.12	0	11
SCAF_533_region	16383	18274	1.12	0	11
SCAF_534	16345	29680	1.82	0	35
SCAF_534_region	16345	29680	1.82	0	35
SCAF_535	16343	3354	0.21	0	13
SCAF_535_region	16343	3354	0.21	0	13
SCAF_536	16333	14939	0.91	0	10
SCAF_536_region	16333	14939	0.91	0	10
SCAF_537	16287	89736	5.51	0	33
SCAF_537_region	16287	89736	5.51	0	33
SCAF_538	16266	11578	0.71	0	8
SCAF_538_region	16266	11578	0.71	0	8
SCAF_539	16246	2767	0.17	0	5
SCAF_539_region	16246	2767	0.17	0	5
SCAF_540	16245	20627	1.27	0	13
SCAF_540_region	16245	20627	1.27	0	13
SCAF_541	16215	19563	1.21	0	13
SCAF_541_region	16215	19563	1.21	0	13
SCAF_542	16208	9858	0.61	0	13
SCAF_542_region	16208	9858	0.61	0	13
SCAF_543	16160	25043	1.55	0	32
SCAF_543_region	16160	25043	1.55	0	32
SCAF_544	16140	2685	0.17	0	6
SCAF_544_region	16140	2685	0.17	0	6
SCAF_545	16102	11240	0.70	0	9
SCAF_545_region	16102	11240	0.70	0	9
SCAF_546	16083	34115	2.12	0	43
SCAF_546_region	16083	34115	2.12	0	43
SCAF_547	16037	6683	0.42	0	10
SCAF_547_region	16037	6683	0.42	0	10
SCAF_548	16034	62817	3.92	0	722
SCAF_548_region	16034	62817	3.92	0	722
SCAF_549	16030	43326	2.70	0	29
SCAF_549_region	16030	43326	2.70	0	29
SCAF_550	16027	2791	0.17	0	5
SCAF_550_region	16027	2791	0.17	0	5
SCAF_551	15990	61776	3.86	0	47
SCAF_551_region	15990	61776	3.86	0	47
SCAF_552	15913	156983	9.87	0	60
SCAF_552_region	15913	156983	9.87	0	60
SCAF_553	15906	6404	0.40	0	30
SCAF_553_region	15906	6404	0.40	0	30
SCAF_554	15898	20317	1.28	0	9
SCAF_554_region	15898	20317	1.28	0	9
SCAF_555	15891	12135	0.76	0	14
SCAF_555_region	15891	12135	0.76	0	14
SCAF_556	15885	23887	1.50	0	13
SCAF_556_region	15885	23887	1.50	0	13
SCAF_557	15855	15829	1.00	0	13
SCAF_557_region	15855	15829	1.00	0	13
SCAF_558	15839	21901	1.38	0	22
SCAF_558_region	15839	21901	1.38	0	22
SCAF_559	15827	42680	2.70	0	22
SCAF_559_region	15827	42680	2.70	0	22
SCAF_560	15823	30719	1.94	0	22
SCAF_560_region	15823	30719	1.94	0	22
SCAF_561	15791	33285	2.11	0	50
SCAF_561_region	15791	33285	2.11	0	50
SCAF_562	15777	1811502	114.82	0	423
SCAF_562_region	15777	1811502	114.82	0	423
SCAF_563	15776	45438	2.88	0	815
SCAF_563_region	15776	45438	2.88	0	815
SCAF_564	15761	18500	1.17	0	136
SCAF_564_region	15761	18500	1.17	0	136
SCAF_565	15717	15898	1.01	0	7
SCAF_565_region	15717	15898	1.01	0	7
SCAF_566	15706	5427	0.35	0	42
SCAF_566_region	15706	5427	0.35	0	42
SCAF_567	15696	23711	1.51	0	26
SCAF_567_region	15696	23711	1.51	0	26
SCAF_568	15657	31522	2.01	0	51
SCAF_568_region	15657	31522	2.01	0	51
SCAF_569	15650	21089	1.35	0	32
SCAF_569_region	15650	21089	1.35	0	32
SCAF_570	15646	43180	2.76	0	24
SCAF_570_region	15646	43180	2.76	0	24
SCAF_571	15619	2583	0.17	0	11
SCAF_571_region	15619	2583	0.17	0	11
SCAF_572	15612	20678	1.32	0	18
SCAF_572_region	15612	20678	1.32	0	18
SCAF_573	15605	12059	0.77	0	12
SCAF_573_region	15605	12059	0.77	0	12
SCAF_574	15575	9169	0.59	0	6
SCAF_574_region	15575	9169	0.59	0	6
SCAF_575	15573	10183	0.65	0	8
SCAF_575_region	15573	10183	0.65	0	8
SCAF_576	15571	48068	3.09	0	50
SCAF_576_region	15571	48068	3.09	0	50
SCAF_577	15544	8785	0.57	0	6
SCAF_577_region	15544	8785	0.57	0	6
SCAF_578	15521	2954	0.19	0	39
SCAF_578_region	15521	2954	0.19	0	39
SCAF_579	15497	32574	2.10	0	380
SCAF_579_region	15497	32574	2.10	0	380
SCAF_580	15481	11822	0.76	0	8
SCAF_580_region	15481	11822	0.76	0	8
SCAF_581	15458	35094	2.27	0	26
SCAF_581_region	15458	35094	2.27	0	26
SCAF_582	15439	36629	2.37	0	25
SCAF_582_region	15439	36629	2.37	0	25
SCAF_583	15421	12642	0.82	0	14
SCAF_583_region	15421	12642	0.82	0	14
SCAF_584	15337	8704	0.57	0	20
SCAF_584_region	15337	8704	0.57	0	20
SCAF_585	15336	11864	0.77	0	12
SCAF_585_region	15336	11864	0.77	0	12
SCAF_586	15301	64101	4.19	0	39
SCAF_586_region	15301	64101	4.19	0	39
SCAF_587	15300	1393948	91.11	0	3989
SCAF_587_region	15300	1393948	91.11	0	3989
SCAF_588	15298	22413	1.47	0	54
SCAF_588_region	15298	22413	1.47	0	54
SCAF_589	15238	29522	1.94	0	15
SCAF_589_region	15238	29522	1.94	0	15
SCAF_590	15205	113575	7.47	0	38
SCAF_590_region	15205	113575	7.47	0	38
SCAF_591	15162	87366	5.76	0	35
SCAF_591_region	15162	87366	5.76	0	35
SCAF_592	15154	85675	5.65	0	41
SCAF_592_region	15154	85675	5.65	0	41
SCAF_593	15087	15676	1.04	0	38
SCAF_593_region	15087	15676	1.04	0	38
SCAF_594	15082	64468	4.27	0	56
SCAF_594_region	15082	64468	4.27	0	56
SCAF_595	15055	120454	8.00	0	46
SCAF_595_region	15055	120454	8.00	0	46
SCAF_596	15045	5479	0.36	0	32
SCAF_596_region	15045	5479	0.36	0	32
SCAF_597	15030	16753	1.11	0	19
SCAF_597_region	15030	16753	1.11	0	19
SCAF_598	15027	27409	1.82	0	25
SCAF_598_region	15027	27409	1.82	0	25
SCAF_599	15000	118676	7.91	0	25
SCAF_599_region	15000	118676	7.91	0	25
SCAF_600	14995	20571	1.37	0	9
SCAF_600_region	14995	20571	1.37	0	9
SCAF_601	14985	47530	3.17	0	96
SCAF_601_region	14985	47530	3.17	0	96
SCAF_602	14930	27564	1.85	0	10
SCAF_602_region	14930	27564	1.85	0	10
SCAF_603	14898	20188	1.36	0	21
SCAF_603_region	14898	20188	1.36	0	21
SCAF_604	14863	16602	1.12	0	38
SCAF_604_region	14863	16602	1.12	0	38
SCAF_605	14840	12265	0.83	0	41
SCAF_605_region	14840	12265	0.83	0	41
SCAF_606	14808	2813	0.19	0	14
SCAF_606_region	14808	2813	0.19	0	14
SCAF_607	14807	52809	3.57	0	27
SCAF_607_region	14807	52809	3.57	0	27
SCAF_608	14785	20295	1.37	0	16
SCAF_608_region	14785	20295	1.37	0	16
SCAF_609	14742	201482	13.67	0	209
SCAF_609_region	14742	201482	13.67	0	209
SCAF_610	14738	35629	2.42	0	18
SCAF_610_region	14738	35629	2.42	0	18
SCAF_611	14737	75394	5.12	0	26
SCAF_611_region	14737	75394	5.12	0	26
SCAF_612	14712	1090414	74.12	0	421
SCAF_612_region	14712	1090414	74.12	0	421
SCAF_613	14708	19333	1.31	0	12
SCAF_613_region	14708	19333	1.31	0	12
SCAF_614	14694	3708	0.25	0	45
SCAF_614_region	14694	3708	0.25	0	45
SCAF_615	14684	10965	0.75	0	37
SCAF_615_region	14684	10965	0.75	0	37
SCAF_616	14676	1472	0.10	0	4
SCAF_616_region	14676	1472	0.10	0	4
SCAF_617	14662	14428	0.98	0	10
SCAF_617_region	14662	14428	0.98	0	10
SCAF_618	14658	23831	1.63	0	30
SCAF_618_region	14658	23831	1.63	0	30
SCAF_619	14650	74244	5.07	0	348
SCAF_619_region	14650	74244	5.07	0	348
SCAF_620	14639	6123	0.42	0	7
SCAF_620_region	14639	6123	0.42	0	7
SCAF_621	14614	81547	5.58	0	257
SCAF_621_region	14614	81547	5.58	0	257
SCAF_622	14596	19992	1.37	0	39
SCAF_622_region	14596	19992	1.37	0	39
SCAF_623	14590	43396	2.97	0	18
SCAF_623_region	14590	43396	2.97	0	18
SCAF_624	14581	3747	0.26	0	13
SCAF_624_region	14581	3747	0.26	0	13
SCAF_625	14547	21310	1.46	0	13
SCAF_625_region	14547	21310	1.46	0	13
SCAF_626	14527	24183	1.66	0	21
SCAF_626_region	14527	24183	1.66	0	21
SCAF_627	14523	14501	1.00	0	14
SCAF_627_region	14523	14501	1.00	0	14
SCAF_628	14498	23745	1.64	0	29
SCAF_628_region	14498	23745	1.64	0	29
SCAF_629	14453	12098	0.84	0	29
SCAF_629_region	14453	12098	0.84	0	29
SCAF_630	14414	11806	0.82	0	7
SCAF_630_region	14414	11806	0.82	0	7
SCAF_631	14395	7561	0.53	0	34
SCAF_631_region	14395	7561	0.53	0	34
SCAF_632	14385	12088	0.84	0	8
SCAF_632_region	14385	12088	0.84	0	8
SCAF_633	14371	11031	0.77	0	6
SCAF_633_region	14371	11031	0.77	0	6
SCAF_634	14371	7715	0.54	0	7
SCAF_634_region	14371	7715	0.54	0	7
SCAF_635	14280	119425	8.36	0	278
SCAF_635_region	14280	119425	8.36	0	278
SCAF_636	14276	18959	1.33	0	16
SCAF_636_region	14276	18959	1.33	0	16
SCAF_637	14236	46082	3.24	0	16
SCAF_637_region	14236	46082	3.24	0	16
SCAF_638	14229	24147	1.70	0	8
SCAF_638_region	14229	24147	1.70	0	8
SCAF_639	14202	3604	0.25	0	41
SCAF_639_region	14202	3604	0.25	0	41
SCAF_640	14111	29652	2.10	0	40
SCAF_640_region	14111	29652	2.10	0	40
SCAF_641	14088	22109	1.57	0	9
SCAF_641_region	14088	22109	1.57	0	9
SCAF_642	14005	25454	1.82	0	13
SCAF_642_region	14005	25454	1.82	0	13
SCAF_643	13977	1093794	78.26	0	2265
SCAF_643_region	13977	1093794	78.26	0	2265
SCAF_644	13890	12336	0.89	0	30
SCAF_644_region	13890	12336	0.89	0	30
SCAF_645	13875	26188	1.89	0	10
SCAF_645_region	13875	26188	1.89	0	10
SCAF_646	13874	73335	5.29	0	22
SCAF_646_region	13874	73335	5.29	0	22
SCAF_647	13848	15516	1.12	0	9
SCAF_647_region	13848	15516	1.12	0	9
SCAF_648	13847	12951	0.94	0	44
SCAF_648_region	13847	12951	0.94	0	44
SCAF_649	13838	15203	1.10	0	13
SCAF_649_region	13838	15203	1.10	0	13
SCAF_650	13812	12793	0.93	0	11
SCAF_650_region	13812	12793	0.93	0	11
SCAF_651	13758	93098	6.77	0	34
SCAF_651_region	13758	93098	6.77	0	34
SCAF_652	13727	17412	1.27	0	9
SCAF_652_region	13727	17412	1.27	0	9
SCAF_653	13703	9948	0.73	0	39
SCAF_653_region	13703	9948	0.73	0	39
SCAF_654	13701	1932	0.14	0	6
SCAF_654_region	13701	1932	0.14	0	6
SCAF_655	13677	9229	0.67	0	16
SCAF_655_region	13677	9229	0.67	0	16
SCAF_656	13622	24514	1.80	0	30
SCAF_656_region	13622	24514	1.80	0	30
SCAF_657	13584	9671	0.71	0	20
SCAF_657_region	13584	9671	0.71	0	20
SCAF_658	13583	20148	1.48	0	8
SCAF_658_region	13583	20148	1.48	0	8
SCAF_659	13535	25988	1.92	0	12
SCAF_659_region	13535	25988	1.92	0	12
SCAF_660	13535	1617	0.12	0	3
SCAF_660_region	13535	1617	0.12	0	3
SCAF_661	13499	18457	1.37	0	9
SCAF_661_region	13499	18457	1.37	0	9
SCAF_662	13464	5879	0.44	0	5
SCAF_662_region	13464	5879	0.44	0	5
SCAF_663	13438	27462	2.04	0	17
SCAF_663_region	13438	27462	2.04	0	17
SCAF_664	13385	1354976	101.23	0	532
SCAF_664_region	13385	1354976	101.23	0	532
SCAF_665	13357	3903	0.29	0	42
SCAF_665_region	13357	3903	0.29	0	42
SCAF_666	13330	18740	1.41	0	25
SCAF_666_region	13330	18740	1.41	0	25
SCAF_667	13327	42074	3.16	0	39
SCAF_667_region	13327	42074	3.16	0	39
SCAF_668	13319	24408	1.83	0	14
SCAF_668_region	13319	24408	1.83	0	14
SCAF_669	13303	15293	1.15	0	30
SCAF_669_region	13303	15293	1.15	0	30
SCAF_670	13293	27569	2.07	0	14
SCAF_670_region	13293	27569	2.07	0	14
SCAF_671	13288	66202	4.98	0	19
SCAF_671_region	13288	66202	4.98	0	19
SCAF_672	13266	6870	0.52	0	36
SCAF_672_region	13266	6870	0.52	0	36
SCAF_673	13189	3627	0.28	0	60
SCAF_673_region	13189	3627	0.28	0	60
SCAF_674	13149	41391	3.15	0	17
SCAF_674_region	13149	41391	3.15	0	17
SCAF_675	13128	46078	3.51	0	53
SCAF_675_region	13128	46078	3.51	0	53
SCAF_676	13120	37988	2.90	0	19
SCAF_676_region	13120	37988	2.90	0	19
SCAF_677	13080	90203	6.90	0	742
SCAF_677_region	13080	90203	6.90	0	742
SCAF_678	13050	4712	0.36	0	5
SCAF_678_region	13050	4712	0.36	0	5
SCAF_679	13043	13653	1.05	0	26
SCAF_679_region	13043	13653	1.05	0	26
SCAF_680	13008	14567	1.12	0	25
SCAF_680_region	13008	14567	1.12	0	25
SCAF_681	13001	12051	0.93	0	11
SCAF_681_region	13001	12051	0.93	0	11
SCAF_682	12997	71780	5.52	0	29
SCAF_682_region	12997	71780	5.52	0	29
SCAF_683	12986	15151	1.17	0	30
SCAF_683_region	12986	15151	1.17	0	30
SCAF_684	12871	14093	1.09	0	11
SCAF_684_region	12871	14093	1.09	0	11
SCAF_685	12842	11931	0.93	0	34
SCAF_685_region	12842	11931	0.93	0	34
SCAF_686	12830	8474	0.66	0	38
SCAF_686_region	12830	8474	0.66	0	38
SCAF_687	12781	12362	0.97	0	44
SCAF_687_region	12781	12362	0.97	0	44
SCAF_688	12768	46609	3.65	0	19
SCAF_688_region	12768	46609	3.65	0	19
SCAF_689	12768	20698	1.62	0	21
SCAF_689_region	12768	20698	1.62	0	21
SCAF_690	12764	20138	1.58	0	14
SCAF_690_region	12764	20138	1.58	0	14
SCAF_691	12677	6741	0.53	0	36
SCAF_691_region	12677	6741	0.53	0	36
SCAF_692	12675	2488	0.20	0	21
SCAF_692_region	12675	2488	0.20	0	21
SCAF_693	12651	10124	0.80	0	10
SCAF_693_region	12651	10124	0.80	0	10
SCAF_694	12646	32235	2.55	0	28
SCAF_694_region	12646	32235	2.55	0	28
SCAF_695	12643	66702	5.28	0	28
SCAF_695_region	12643	66702	5.28	0	28
SCAF_696	12633	16263	1.29	0	11
SCAF_696_region	12633	16263	1.29	0	11
SCAF_697	12625	20327	1.61	0	55
SCAF_697_region	12625	20327	1.61	0	55
SCAF_698	12617	37139	2.94	0	45
SCAF_698_region	12617	37139	2.94	0	45
SCAF_699	12540	13615	1.09	0	14
SCAF_699_region	12540	13615	1.09	0	14
SCAF_700	12515	1296	0.10	0	32
SCAF_700_region	12515	1296	0.10	0	32
SCAF_701	12482	3423	0.27	0	7
SCAF_701_region	12482	3423	0.27	0	7
SCAF_702	12461	23233	1.86	0	46
SCAF_702_region	12461	23233	1.86	0	46
SCAF_703	12456	30055	2.41	0	44
SCAF_703_region	12456	30055	2.41	0	44
SCAF_704	12456	9963	0.80	0	19
SCAF_704_region	12456	9963	0.80	0	19
SCAF_705	12358	16540	1.34	0	22
SCAF_705_region	12358	16540	1.34	0	22
SCAF_706	12350	105248	8.52	0	24
SCAF_706_region	12350	105248	8.52	0	24
SCAF_707	12343	6857	0.56	0	6
SCAF_707_region	12343	6857	0.56	0	6
SCAF_708	12333	1843	0.15	0	5
SCAF_708_region	12333	1843	0.15	0	5
SCAF_709	12319	1872137	151.97	0	617
SCAF_709_region	12319	1872137	151.97	0	617
SCAF_710	12288	8507	0.69	0	34
SCAF_710_region	12288	8507	0.69	0	34
SCAF_711	12252	105656	8.62	0	22
SCAF_711_region	12252	105656	8.62	0	22
SCAF_712	12218	171131	14.01	0	565
SCAF_712_region	12218	171131	14.01	0	565
SCAF_713	12177	85248	7.00	0	20
SCAF_713_region	12177	85248	7.00	0	20
SCAF_714	12167	5537	0.46	0	12
SCAF_714_region	12167	5537	0.46	0	12
SCAF_715	12163	9800	0.81	0	19
SCAF_715_region	12163	9800	0.81	0	19
SCAF_716	12143	14213	1.17	0	9
SCAF_716_region	12143	14213	1.17	0	9
SCAF_717	12102	8951	0.74	0	12
SCAF_717_region	12102	8951	0.74	0	12
SCAF_718	12099	78873	6.52	0	52
SCAF_718_region	12099	78873	6.52	0	52
SCAF_719	12095	8100	0.67	0	10
SCAF_719_region	12095	8100	0.67	0	10
SCAF_720	12085	19788	1.64	0	18
SCAF_720_region	12085	19788	1.64	0	18
SCAF_721	12078	14068	1.16	0	21
SCAF_721_region	12078	14068	1.16	0	21
SCAF_722	12066	13284	1.10	0	13
SCAF_722_region	12066	13284	1.10	0	13
SCAF_723	12015	25560	2.13	0	12
SCAF_723_region	12015	25560	2.13	0	12
SCAF_724	12004	10743	0.89	0	10
SCAF_724_region	12004	10743	0.89	0	10
SCAF_725	11949	28996	2.43	0	57
SCAF_725_region	11949	28996	2.43	0	57
SCAF_726	11911	3367	0.28	0	17
SCAF_726_region	11911	3367	0.28	0	17
SCAF_727	11900	8549	0.72	0	7
SCAF_727_region	11900	8549	0.72	0	7
SCAF_728	11869	35268	2.97	0	22
SCAF_728_region	11869	35268	2.97	0	22
SCAF_729	11788	87494	7.42	0	24
SCAF_729_region	11788	87494	7.42	0	24
SCAF_730	11785	62654	5.32	0	34
SCAF_730_region	11785	62654	5.32	0	34
SCAF_731	11750	12356	1.05	0	13
SCAF_731_region	11750	12356	1.05	0	13
SCAF_732	11699	5166	0.44	0	39
SCAF_732_region	11699	5166	0.44	0	39
SCAF_733	11674	2574	0.22	0	5
SCAF_733_region	11674	2574	0.22	0	5
SCAF_734	11658	19329	1.66	0	24
SCAF_734_region	11658	19329	1.66	0	24
SCAF_735	11648	67243	5.77	0	20
SCAF_735_region	11648	67243	5.77	0	20
SCAF_736	11642	23310	2.00	0	11
SCAF_736_region	11642	23310	2.00	0	11
SCAF_737	11612	1688	0.15	0	5
SCAF_737_region	11612	1688	0.15	0	5
SCAF_738	11595	1286	0.11	0	3
SCAF_738_region	11595	1286	0.11	0	3
SCAF_739	11525	32929	2.86	0	215
SCAF_739_region	11525	32929	2.86	0	215
SCAF_740	11505	23981	2.08	0	31
SCAF_740_region	11505	23981	2.08	0	31
SCAF_741	11492	5228	0.45	0	36
SCAF_741_region	11492	5228	0.45	0	36
SCAF_742	11467	3365583	293.50	0	1206
SCAF_742_region	11467	3365583	293.50	0	1206
SCAF_743	11404	1393	0.12	0	9
SCAF_743_region	11404	1393	0.12	0	9
SCAF_744	11377	7120	0.63	0	8
SCAF_744_region	11377	7120	0.63	0	8
SCAF_745	11364	16708	1.47	0	11
SCAF_745_region	11364	16708	1.47	0	11
SCAF_746	11318	10329	0.91	0	20
SCAF_746_region	11318	10329	0.91	0	20
SCAF_747	11311	60211	5.32	0	470
SCAF_747_region	11311	60211	5.32	0	470
SCAF_748	11306	19716	1.74	0	28
SCAF_748_region	11306	19716	1.74	0	28
SCAF_749	11299	26028	2.30	0	14
SCAF_749_region	11299	26028	2.30	0	14
SCAF_750	11284	8438	0.75	0	18
SCAF_750_region	11284	8438	0.75	0	18
SCAF_751	11276	6338	0.56	0	9
SCAF_751_region	11276	6338	0.56	0	9
SCAF_752	11267	4431	0.39	0	11
SCAF_752_region	11267	4431	0.39	0	11
SCAF_753	11254	10789	0.96	0	9
SCAF_753_region	11254	10789	0.96	0	9
SCAF_754	11236	30374	2.70	0	22
SCAF_754_region	11236	30374	2.70	0	22
SCAF_755	11231	3321	0.30	0	9
SCAF_755_region	11231	3321	0.30	0	9
SCAF_756	11200	51189	4.57	0	19
SCAF_756_region	11200	51189	4.57	0	19
SCAF_757	11195	15214	1.36	0	8
SCAF_757_region	11195	15214	1.36	0	8
SCAF_758	11126	11561	1.04	0	39
SCAF_758_region	11126	11561	1.04	0	39
SCAF_759	11118	16003	1.44	0	23
SCAF_759_region	11118	16003	1.44	0	23
SCAF_760	11100	6105	0.55	0	53
SCAF_760_region	11100	6105	0.55	0	53
SCAF_761	11097	12553	1.13	0	10
SCAF_761_region	11097	12553	1.13	0	10
SCAF_762	11029	10853	0.98	0	39
SCAF_762_region	11029	10853	0.98	0	39
SCAF_763	11019	21997	2.00	0	16
SCAF_763_region	11019	21997	2.00	0	16
SCAF_764	10979	56728	5.17	0	226
SCAF_764_region	10979	56728	5.17	0	226
SCAF_765	10957	1250	0.11	0	5
SCAF_765_region	10957	1250	0.11	0	5
SCAF_766	10940	17218	1.57	0	15
SCAF_766_region	10940	17218	1.57	0	15
SCAF_767	10913	8660	0.79	0	12
SCAF_767_region	10913	8660	0.79	0	12
SCAF_768	10886	26931	2.47	0	18
SCAF_768_region	10886	26931	2.47	0	18
SCAF_769	10867	5745	0.53	0	8
SCAF_769_region	10867	5745	0.53	0	8
SCAF_770	10816	4452	0.41	0	38
SCAF_770_region	10816	4452	0.41	0	38
SCAF_771	10810	3225	0.30	0	5
SCAF_771_region	10810	3225	0.30	0	5
SCAF_772	10709	12145	1.13	0	8
SCAF_772_region	10709	12145	1.13	0	8
SCAF_773	10688	127663	11.94	0	197
SCAF_773_region	10688	127663	11.94	0	197
SCAF_774	10648	43167	4.05	0	27
SCAF_774_region	10648	43167	4.05	0	27
SCAF_775	10642	2332	0.22	0	30
SCAF_775_region	10642	2332	0.22	0	30
SCAF_776	10612	9263	0.87	0	62
SCAF_776_region	10612	9263	0.87	0	62
SCAF_777	10608	54075	5.10	0	23
SCAF_777_region	10608	54075	5.10	0	23
SCAF_778	10604	9324	0.88	0	6
SCAF_778_region	10604	9324	0.88	0	6
SCAF_779	10578	6668	0.63	0	7
SCAF_779_region	10578	6668	0.63	0	7
SCAF_780	10571	1596	0.15	0	6
SCAF_780_region	10571	1596	0.15	0	6
SCAF_781	10511	3771	0.36	0	28
SCAF_781_region	10511	3771	0.36	0	28
SCAF_782	10492	1800	0.17	0	5
SCAF_782_region	10492	1800	0.17	0	5
SCAF_783	10421	18158	1.74	0	11
SCAF_783_region	10421	18158	1.74	0	11
SCAF_784	10379	49219	4.74	0	19
SCAF_784_region	10379	49219	4.74	0	19
SCAF_785	10337	14240	1.38	0	26
SCAF_785_region	10337	14240	1.38	0	26
SCAF_786	10326	22813	2.21	0	29
SCAF_786_region	10326	22813	2.21	0	29
SCAF_787	10326	10074	0.98	0	16
SCAF_787_region	10326	10074	0.98	0	16
SCAF_788	10316	3083	0.30	0	10
SCAF_788_region	10316	3083	0.30	0	10
SCAF_789	10256	1284	0.13	0	3
SCAF_789_region	10256	1284	0.13	0	3
SCAF_790	10228	13184	1.29	0	13
SCAF_790_region	10228	13184	1.29	0	13
SCAF_791	10185	19277	1.89	0	40
SCAF_791_region	10185	19277	1.89	0	40
SCAF_792	10184	22400	2.20	0	14
SCAF_792_region	10184	22400	2.20	0	14
SCAF_793	10160	15479	1.52	0	10
SCAF_793_region	10160	15479	1.52	0	10
SCAF_794	10147	2602	0.26	0	28
SCAF_794_region	10147	2602	0.26	0	28
SCAF_795	10110	6176	0.61	0	10
SCAF_795_region	10110	6176	0.61	0	10
SCAF_796	10045	1579	0.16	0	6
SCAF_796_region	10045	1579	0.16	0	6
SCAF_797	10015	21863	2.18	0	75
SCAF_797_region	10015	21863	2.18	0	75
SCAF_798	10012	24844	2.48	0	19
SCAF_798_region	10012	24844	2.48	0	19
SCAF_799	9978	21048	2.11	0	17
SCAF_799_region	9978	21048	2.11	0	17
SCAF_800	9947	39051	3.93	0	69
SCAF_800_region	9947	39051	3.93	0	69
SCAF_801	9941	9259	0.93	0	9
SCAF_801_region	9941	9259	0.93	0	9
SCAF_802	9910	1158	0.12	0	6
SCAF_802_region	9910	1158	0.12	0	6
SCAF_803	9879	11922	1.21	0	40
SCAF_803_region	9879	11922	1.21	0	40
SCAF_804	9861	14301	1.45	0	18
SCAF_804_region	9861	14301	1.45	0	18
SCAF_805	9859	2242	0.23	0	40
SCAF_805_region	9859	2242	0.23	0	40
SCAF_806	9855	16338	1.66	0	15
SCAF_806_region	9855	16338	1.66	0	15
SCAF_807	9792	7880	0.80	0	8
SCAF_807_region	9792	7880	0.80	0	8
SCAF_808	9784	9794	1.00	0	7
SCAF_808_region	9784	9794	1.00	0	7
SCAF_809	9773	10425	1.07	0	6
SCAF_809_region	9773	10425	1.07	0	6
SCAF_810	9756	2247	0.23	0	6
SCAF_810_region	9756	2247	0.23	0	6
SCAF_811	9753	15837	1.62	0	245
SCAF_811_region	9753	15837	1.62	0	245
SCAF_812	9719	8181	0.84	0	27
SCAF_812_region	9719	8181	0.84	0	27
SCAF_813	9715	4752	0.49	0	40
SCAF_813_region	9715	4752	0.49	0	40
SCAF_814	9708	18196	1.87	0	21
SCAF_814_region	9708	18196	1.87	0	21
SCAF_815	9700	16408	1.69	0	64
SCAF_815_region	9700	16408	1.69	0	64
SCAF_816	9673	15594	1.61	0	25
SCAF_816_region	9673	15594	1.61	0	25
SCAF_817	9638	20187	2.09	0	17
SCAF_817_region	9638	20187	2.09	0	17
SCAF_818	9601	24853	2.59	0	24
SCAF_818_region	9601	24853	2.59	0	24
SCAF_819	9601	9366	0.98	0	9
SCAF_819_region	9601	9366	0.98	0	9
SCAF_820	9550	72237	7.56	0	65
SCAF_820_region	9550	72237	7.56	0	65
SCAF_821	9533	11840	1.24	0	35
SCAF_821_region	9533	11840	1.24	0	35
SCAF_822	9498	8736	0.92	0	12
SCAF_822_region	9498	8736	0.92	0	12
SCAF_823	9466	1449260	153.10	0	458
SCAF_823_region	9466	1449260	153.10	0	458
SCAF_824	9457	5781	0.61	0	102
SCAF_824_region	9457	5781	0.61	0	102
SCAF_825	9446	11618	1.23	0	11
SCAF_825_region	9446	11618	1.23	0	11
SCAF_826	9385	31265	3.33	0	13
SCAF_826_region	9385	31265	3.33	0	13
SCAF_827	9376	28965	3.09	0	25
SCAF_827_region	9376	28965	3.09	0	25
SCAF_828	9365	3061	0.33	0	11
SCAF_828_region	9365	3061	0.33	0	11
SCAF_829	9320	14894	1.60	0	34
SCAF_829_region	9320	14894	1.60	0	34
SCAF_830	9303	14201	1.53	0	21
SCAF_830_region	9303	14201	1.53	0	21
SCAF_831	9295	8315	0.89	0	39
SCAF_831_region	9295	8315	0.89	0	39
SCAF_832	9282	31473	3.39	0	19
SCAF_832_region	9282	31473	3.39	0	19
SCAF_833	9263	2314	0.25	0	41
SCAF_833_region	9263	2314	0.25	0	41
SCAF_834	9159	92148	10.06	0	517
SCAF_834_region	9159	92148	10.06	0	517
SCAF_835	9159	23304	2.54	0	21
SCAF_835_region	9159	23304	2.54	0	21
SCAF_836	9157	19172	2.09	0	14
SCAF_836_region	9157	19172	2.09	0	14
SCAF_837	9095	2472	0.27	0	28
SCAF_837_region	9095	2472	0.27	0	28
SCAF_838	9078	27277	3.00	0	22
SCAF_838_region	9078	27277	3.00	0	22
SCAF_839	9057	24478	2.70	0	19
SCAF_839_region	9057	24478	2.70	0	19
SCAF_840	9014	3502	0.39	0	9
SCAF_840_region	9014	3502	0.39	0	9
SCAF_841	8986	45764	5.09	0	45
SCAF_841_region	8986	45764	5.09	0	45
SCAF_842	8986	4733	0.53	0	13
SCAF_842_region	8986	4733	0.53	0	13
SCAF_843	8952	863	0.10	0	6
SCAF_843_region	8952	863	0.10	0	6
SCAF_844	8935	491465	55.00	0	2649
SCAF_844_region	8935	491465	55.00	0	2649
SCAF_845	8927	36404	4.08	0	19
SCAF_845_region	8927	36404	4.08	0	19
SCAF_846	8908	69852	7.84	0	154
SCAF_846_region	8908	69852	7.84	0	154
SCAF_847	8868	7250	0.82	0	8
SCAF_847_region	8868	7250	0.82	0	8
SCAF_848	8867	2012	0.23	0	8
SCAF_848_region	8867	2012	0.23	0	8
SCAF_849	8825	23733	2.69	0	29
SCAF_849_region	8825	23733	2.69	0	29
SCAF_850	8771	5562	0.63	0	8
SCAF_850_region	8771	5562	0.63	0	8
SCAF_851	8703	17118	1.97	0	10
SCAF_851_region	8703	17118	1.97	0	10
SCAF_852	8695	9902	1.14	0	6
SCAF_852_region	8695	9902	1.14	0	6
SCAF_853	8662	530	0.06	0	3
SCAF_853_region	8662	530	0.06	0	3
SCAF_854	8634	2723	0.32	0	18
SCAF_854_region	8634	2723	0.32	0	18
SCAF_855	8630	1264	0.15	0	5
SCAF_855_region	8630	1264	0.15	0	5
SCAF_856	8617	1460534	169.49	0	602
SCAF_856_region	8617	1460534	169.49	0	602
SCAF_857	8469	24932	2.94	0	39
SCAF_857_region	8469	24932	2.94	0	39
SCAF_858	8431	774	0.09	0	10
SCAF_858_region	8431	774	0.09	0	10
SCAF_859	8397	2537	0.30	0	15
SCAF_859_region	8397	2537	0.30	0	15
SCAF_860	8390	3501	0.42	0	17
SCAF_860_region	8390	3501	0.42	0	17
SCAF_861	8357	2114	0.25	0	6
SCAF_861_region	8357	2114	0.25	0	6
SCAF_862	8342	3788660	454.17	0	4062
SCAF_862_region	8342	3788660	454.17	0	4062
SCAF_863	8337	1717	0.21	0	6
SCAF_863_region	8337	1717	0.21	0	6
SCAF_864	8258	15301	1.85	0	33
SCAF_864_region	8258	15301	1.85	0	33
SCAF_865	8103	7565	0.93	0	41
SCAF_865_region	8103	7565	0.93	0	41
SCAF_866	8034	5040	0.63	0	43
SCAF_866_region	8034	5040	0.63	0	43
SCAF_867	8027	34595	4.31	0	18
SCAF_867_region	8027	34595	4.31	0	18
SCAF_868	8017	14196	1.77	0	16
SCAF_868_region	8017	14196	1.77	0	16
SCAF_869	8015	7066	0.88	0	29
SCAF_869_region	8015	7066	0.88	0	29
SCAF_870	8015	12150	1.52	0	9
SCAF_870_region	8015	12150	1.52	0	9
SCAF_871	8000	1787	0.22	0	26
SCAF_871_region	8000	1787	0.22	0	26
SCAF_872	7790	12380	1.59	0	16
SCAF_872_region	7790	12380	1.59	0	16
SCAF_873	7773	1879	0.24	0	18
SCAF_873_region	7773	1879	0.24	0	18
SCAF_874	7763	37678	4.85	0	45
SCAF_874_region	7763	37678	4.85	0	45
SCAF_875	7721	6023	0.78	0	7
SCAF_875_region	7721	6023	0.78	0	7
SCAF_876	7701	31438	4.08	0	18
SCAF_876_region	7701	31438	4.08	0	18
SCAF_877	7680	1629	0.21	0	6
SCAF_877_region	7680	1629	0.21	0	6
SCAF_878	7622	12272	1.61	0	12
SCAF_878_region	7622	12272	1.61	0	12
SCAF_879	7582	3371	0.44	0	41
SCAF_879_region	7582	3371	0.44	0	41
SCAF_880	7559	11215	1.48	0	14
SCAF_880_region	7559	11215	1.48	0	14
SCAF_881	7416	50991	6.88	0	172
SCAF_881_region	7416	50991	6.88	0	172
SCAF_882	7394	25472	3.44	0	17
SCAF_882_region	7394	25472	3.44	0	17
SCAF_883	7363	6613	0.90	0	10
SCAF_883_region	7363	6613	0.90	0	10
SCAF_884	7338	15015	2.05	0	13
SCAF_884_region	7338	15015	2.05	0	13
SCAF_885	7324	1372	0.19	0	5
SCAF_885_region	7324	1372	0.19	0	5
SCAF_886	7276	1765	0.24	0	7
SCAF_886_region	7276	1765	0.24	0	7
SCAF_887	7242	2641	0.36	0	6
SCAF_887_region	7242	2641	0.36	0	6
SCAF_888	7231	3815	0.53	0	8
SCAF_888_region	7231	3815	0.53	0	8
SCAF_889	7198	1048	0.15	0	4
SCAF_889_region	7198	1048	0.15	0	4
SCAF_890	7142	9897	1.39	0	200
SCAF_890_region	7142	9897	1.39	0	200
SCAF_891	7028	11751	1.67	0	13
SCAF_891_region	7028	11751	1.67	0	13
SCAF_892	7025	10638	1.51	0	13
SCAF_892_region	7025	10638	1.51	0	13
SCAF_893	7015	11836	1.69	0	12
SCAF_893_region	7015	11836	1.69	0	12
SCAF_894	6958	14779	2.12	0	10
SCAF_894_region	6958	14779	2.12	0	10
SCAF_895	6948	8759	1.26	0	13
SCAF_895_region	6948	8759	1.26	0	13
SCAF_896	6829	768070	112.47	0	340
SCAF_896_region	6829	768070	112.47	0	340
SCAF_897	6804	5068	0.74	0	8
SCAF_897_region	6804	5068	0.74	0	8
SCAF_898	6754	765464	113.33	0	1621
SCAF_898_region	6754	765464	113.33	0	1621
SCAF_899	6732	12324	1.83	0	51
SCAF_899_region	6732	12324	1.83	0	51
SCAF_900	6698	15810	2.36	0	38
SCAF_900_region	6698	15810	2.36	0	38
SCAF_901	6642	6123	0.92	0	8
SCAF_901_region	6642	6123	0.92	0	8
SCAF_902	6588	21392	3.25	0	13
SCAF_902_region	6588	21392	3.25	0	13
SCAF_903	6549	37446	5.72	0	18
SCAF_903_region	6549	37446	5.72	0	18
SCAF_904	6496	18740	2.88	0	19
SCAF_904_region	6496	18740	2.88	0	19
SCAF_905	6483	1045	0.16	0	3
SCAF_905_region	6483	1045	0.16	0	3
SCAF_906	6367	2082	0.33	0	33
SCAF_906_region	6367	2082	0.33	0	33
SCAF_907	6367	12865	2.02	0	29
SCAF_907_region	6367	12865	2.02	0	29
SCAF_908	6228	28632	4.60	0	110
SCAF_908_region	6228	28632	4.60	0	110
SCAF_909	6173	34805	5.64	0	42
SCAF_909_region	6173	34805	5.64	0	42
SCAF_910	6170	1709	0.28	0	32
SCAF_910_region	6170	1709	0.28	0	32
SCAF_911	6077	17297	2.85	0	15
SCAF_911_region	6077	17297	2.85	0	15
SCAF_912	6073	16060	2.64	0	14
SCAF_912_region	6073	16060	2.64	0	14
SCAF_913	6059	1472105	242.96	0	2413
SCAF_913_region	6059	1472105	242.96	0	2413
SCAF_914	6001	11298	1.88	0	9
SCAF_914_region	6001	11298	1.88	0	9
SCAF_915	5869	157733	26.88	0	586
SCAF_915_region	5869	157733	26.88	0	586
SCAF_916	5803	9878	1.70	0	40
SCAF_916_region	5803	9878	1.70	0	40
SCAF_917	5661	13015	2.30	0	14
SCAF_917_region	5661	13015	2.30	0	14
SCAF_918	5277	19390	3.67	0	21
SCAF_918_region	5277	19390	3.67	0	21
total	51514314	2241566555	43.51	0	225908
total_region	51514314	2241566555	43.51	0	225908
