chrom	length	bases	mean	min	max
SCAF_1	5574741	458308762	82.21	0	6148
SCAF_1_region	5574741	458308762	82.21	0	6148
SCAF_2	4079479	345451029	84.68	0	4250
SCAF_2_region	4079479	345451029	84.68	0	4250
SCAF_3	3666439	291422430	79.48	0	5800
SCAF_3_region	3666439	291422430	79.48	0	5800
SCAF_4	2601389	234283976	90.06	0	4084
SCAF_4_region	2601389	234283976	90.06	0	4084
SCAF_5	2032088	166252238	81.81	0	3770
SCAF_5_region	2032088	166252238	81.81	0	3770
SCAF_6	1976889	172938956	87.48	0	4817
SCAF_6_region	1976889	172938956	87.48	0	4817
SCAF_7	1932263	159552509	82.57	0	8943
SCAF_7_region	1932263	159552509	82.57	0	8943
SCAF_8	1669080	121227389	72.63	0	2261
SCAF_8_region	1669080	121227389	72.63	0	2261
SCAF_9	1646134	129195603	78.48	0	2628
SCAF_9_region	1646134	129195603	78.48	0	2628
SCAF_10	1570817	125323922	79.78	0	3029
SCAF_10_region	1570817	125323922	79.78	0	3029
SCAF_11	1437752	122931995	85.50	0	1404
SCAF_11_region	1437752	122931995	85.50	0	1404
SCAF_12	978195	95376562	97.50	0	282377
SCAF_12_region	978195	95376562	97.50	0	282377
SCAF_13	598471	7233002	12.09	0	2865
SCAF_13_region	598471	7233002	12.09	0	2865
SCAF_14	247525	88557420	357.77	0	7119
SCAF_14_region	247525	88557420	357.77	0	7119
SCAF_15	224905	94717	0.42	0	72
SCAF_15_region	224905	94717	0.42	0	72
SCAF_16	181804	2099988	11.55	0	6252
SCAF_16_region	181804	2099988	11.55	0	6252
SCAF_17	176395	57726	0.33	0	49
SCAF_17_region	176395	57726	0.33	0	49
SCAF_18	160122	39573	0.25	0	45
SCAF_18_region	160122	39573	0.25	0	45
SCAF_19	139354	31129	0.22	0	40
SCAF_19_region	139354	31129	0.22	0	40
SCAF_20	131876	40014	0.30	0	36
SCAF_20_region	131876	40014	0.30	0	36
SCAF_21	130124	120236	0.92	0	133
SCAF_21_region	130124	120236	0.92	0	133
SCAF_22	121580	44351	0.36	0	48
SCAF_22_region	121580	44351	0.36	0	48
SCAF_23	117381	31504	0.27	0	15
SCAF_23_region	117381	31504	0.27	0	15
SCAF_24	115879	27969	0.24	0	60
SCAF_24_region	115879	27969	0.24	0	60
SCAF_25	115495	38510	0.33	0	210
SCAF_25_region	115495	38510	0.33	0	210
SCAF_26	113072	32309	0.29	0	33
SCAF_26_region	113072	32309	0.29	0	33
SCAF_27	110609	4853069	43.88	0	2139
SCAF_27_region	110609	4853069	43.88	0	2139
SCAF_28	109542	28648	0.26	0	45
SCAF_28_region	109542	28648	0.26	0	45
SCAF_29	108319	6974675	64.39	0	1598
SCAF_29_region	108319	6974675	64.39	0	1598
SCAF_30	107902	634950	5.88	0	691
SCAF_30_region	107902	634950	5.88	0	691
SCAF_31	106626	939857	8.81	0	1148
SCAF_31_region	106626	939857	8.81	0	1148
SCAF_32	102192	1292061	12.64	0	5073
SCAF_32_region	102192	1292061	12.64	0	5073
SCAF_33	98221	48473	0.49	0	38
SCAF_33_region	98221	48473	0.49	0	38
SCAF_34	97882	40882	0.42	0	91
SCAF_34_region	97882	40882	0.42	0	91
SCAF_35	95705	180611	1.89	0	262
SCAF_35_region	95705	180611	1.89	0	262
SCAF_36	94431	31041	0.33	0	50
SCAF_36_region	94431	31041	0.33	0	50
SCAF_37	92851	28848	0.31	0	143
SCAF_37_region	92851	28848	0.31	0	143
SCAF_38	89142	101270	1.14	0	110
SCAF_38_region	89142	101270	1.14	0	110
SCAF_39	88257	19604	0.22	0	35
SCAF_39_region	88257	19604	0.22	0	35
SCAF_40	85354	93940	1.10	0	123
SCAF_40_region	85354	93940	1.10	0	123
SCAF_41	82239	22574	0.27	0	40
SCAF_41_region	82239	22574	0.27	0	40
SCAF_42	77162	34033	0.44	0	44
SCAF_42_region	77162	34033	0.44	0	44
SCAF_43	76714	26342	0.34	0	43
SCAF_43_region	76714	26342	0.34	0	43
SCAF_44	76272	230638	3.02	0	609
SCAF_44_region	76272	230638	3.02	0	609
SCAF_45	73110	24501	0.34	0	131
SCAF_45_region	73110	24501	0.34	0	131
SCAF_46	72118	48655	0.67	0	44
SCAF_46_region	72118	48655	0.67	0	44
SCAF_47	70166	18418	0.26	0	37
SCAF_47_region	70166	18418	0.26	0	37
SCAF_48	69627	50543	0.73	0	40
SCAF_48_region	69627	50543	0.73	0	40
SCAF_49	69624	322030	4.63	0	578
SCAF_49_region	69624	322030	4.63	0	578
SCAF_50	68258	32607	0.48	0	45
SCAF_50_region	68258	32607	0.48	0	45
SCAF_51	66966	10911	0.16	0	31
SCAF_51_region	66966	10911	0.16	0	31
SCAF_52	66855	23756	0.36	0	30
SCAF_52_region	66855	23756	0.36	0	30
SCAF_53	65552	11912	0.18	0	31
SCAF_53_region	65552	11912	0.18	0	31
SCAF_54	65267	14309	0.22	0	40
SCAF_54_region	65267	14309	0.22	0	40
SCAF_55	65114	13532	0.21	0	13
SCAF_55_region	65114	13532	0.21	0	13
SCAF_56	62812	16781	0.27	0	102
SCAF_56_region	62812	16781	0.27	0	102
SCAF_57	62187	6705	0.11	0	40
SCAF_57_region	62187	6705	0.11	0	40
SCAF_58	61544	88276	1.43	0	166
SCAF_58_region	61544	88276	1.43	0	166
SCAF_59	61533	17908	0.29	0	46
SCAF_59_region	61533	17908	0.29	0	46
SCAF_60	61411	1067002	17.37	0	1629
SCAF_60_region	61411	1067002	17.37	0	1629
SCAF_61	61115	41056	0.67	0	31
SCAF_61_region	61115	41056	0.67	0	31
SCAF_62	59972	101918	1.70	0	170
SCAF_62_region	59972	101918	1.70	0	170
SCAF_63	59743	59211	0.99	0	174
SCAF_63_region	59743	59211	0.99	0	174
SCAF_64	58841	237822	4.04	0	144
SCAF_64_region	58841	237822	4.04	0	144
SCAF_65	58838	13147	0.22	0	58
SCAF_65_region	58838	13147	0.22	0	58
SCAF_66	58483	74714	1.28	0	312
SCAF_66_region	58483	74714	1.28	0	312
SCAF_67	57162	14517	0.25	0	16
SCAF_67_region	57162	14517	0.25	0	16
SCAF_68	56404	214789	3.81	0	227
SCAF_68_region	56404	214789	3.81	0	227
SCAF_69	55942	16718	0.30	0	48
SCAF_69_region	55942	16718	0.30	0	48
SCAF_70	55722	40255	0.72	0	45
SCAF_70_region	55722	40255	0.72	0	45
SCAF_71	55604	21774	0.39	0	39
SCAF_71_region	55604	21774	0.39	0	39
SCAF_72	54709	11064	0.20	0	34
SCAF_72_region	54709	11064	0.20	0	34
SCAF_73	52157	7599	0.15	0	18
SCAF_73_region	52157	7599	0.15	0	18
SCAF_74	52077	17961	0.34	0	35
SCAF_74_region	52077	17961	0.34	0	35
SCAF_75	51185	16198	0.32	0	24
SCAF_75_region	51185	16198	0.32	0	24
SCAF_76	50428	3912657	77.59	0	1360
SCAF_76_region	50428	3912657	77.59	0	1360
SCAF_77	50384	5963	0.12	0	5
SCAF_77_region	50384	5963	0.12	0	5
SCAF_78	49366	39434	0.80	0	27
SCAF_78_region	49366	39434	0.80	0	27
SCAF_79	49160	19880	0.40	0	11
SCAF_79_region	49160	19880	0.40	0	11
SCAF_80	48966	23893	0.49	0	30
SCAF_80_region	48966	23893	0.49	0	30
SCAF_81	48848	10130	0.21	0	49
SCAF_81_region	48848	10130	0.21	0	49
SCAF_82	48542	23086	0.48	0	58
SCAF_82_region	48542	23086	0.48	0	58
SCAF_83	48542	9892	0.20	0	11
SCAF_83_region	48542	9892	0.20	0	11
SCAF_84	47775	7353	0.15	0	8
SCAF_84_region	47775	7353	0.15	0	8
SCAF_85	47318	52963	1.12	0	16
SCAF_85_region	47318	52963	1.12	0	16
SCAF_86	46994	31118	0.66	0	60
SCAF_86_region	46994	31118	0.66	0	60
SCAF_87	46805	11441	0.24	0	6
SCAF_87_region	46805	11441	0.24	0	6
SCAF_88	46738	27186	0.58	0	32
SCAF_88_region	46738	27186	0.58	0	32
SCAF_89	46547	24002	0.52	0	14
SCAF_89_region	46547	24002	0.52	0	14
SCAF_90	46221	13889	0.30	0	9
SCAF_90_region	46221	13889	0.30	0	9
SCAF_91	44916	26629	0.59	0	29
SCAF_91_region	44916	26629	0.59	0	29
SCAF_92	44616	10191206	228.42	0	1361
SCAF_92_region	44616	10191206	228.42	0	1361
SCAF_93	44136	10269	0.23	0	15
SCAF_93_region	44136	10269	0.23	0	15
SCAF_94	43913	14992	0.34	0	67
SCAF_94_region	43913	14992	0.34	0	67
SCAF_95	43808	25061	0.57	0	56
SCAF_95_region	43808	25061	0.57	0	56
SCAF_96	43342	11518	0.27	0	35
SCAF_96_region	43342	11518	0.27	0	35
SCAF_97	43038	10318004	239.74	0	4817
SCAF_97_region	43038	10318004	239.74	0	4817
SCAF_98	42896	7779	0.18	0	41
SCAF_98_region	42896	7779	0.18	0	41
SCAF_99	42178	15309	0.36	0	43
SCAF_99_region	42178	15309	0.36	0	43
SCAF_100	41993	6153	0.15	0	30
SCAF_100_region	41993	6153	0.15	0	30
SCAF_101	41585	18370	0.44	0	39
SCAF_101_region	41585	18370	0.44	0	39
SCAF_102	41267	6218911	150.70	0	405
SCAF_102_region	41267	6218911	150.70	0	405
SCAF_103	41164	4311	0.10	0	32
SCAF_103_region	41164	4311	0.10	0	32
SCAF_104	40984	14306	0.35	0	8
SCAF_104_region	40984	14306	0.35	0	8
SCAF_105	40971	6162	0.15	0	19
SCAF_105_region	40971	6162	0.15	0	19
SCAF_106	40689	16642	0.41	0	43
SCAF_106_region	40689	16642	0.41	0	43
SCAF_107	40038	10819	0.27	0	39
SCAF_107_region	40038	10819	0.27	0	39
SCAF_108	39998	5384	0.13	0	29
SCAF_108_region	39998	5384	0.13	0	29
SCAF_109	39904	13444	0.34	0	33
SCAF_109_region	39904	13444	0.34	0	33
SCAF_110	39605	9516	0.24	0	20
SCAF_110_region	39605	9516	0.24	0	20
SCAF_111	39279	18976	0.48	0	64
SCAF_111_region	39279	18976	0.48	0	64
SCAF_112	39164	6123823	156.36	0	452
SCAF_112_region	39164	6123823	156.36	0	452
SCAF_113	39049	19857	0.51	0	33
SCAF_113_region	39049	19857	0.51	0	33
SCAF_114	38983	8576	0.22	0	8
SCAF_114_region	38983	8576	0.22	0	8
SCAF_115	38824	2396560	61.73	0	3845
SCAF_115_region	38824	2396560	61.73	0	3845
SCAF_116	37823	4000	0.11	0	29
SCAF_116_region	37823	4000	0.11	0	29
SCAF_117	37728	9352053	247.88	0	4364
SCAF_117_region	37728	9352053	247.88	0	4364
SCAF_118	37705	17059	0.45	0	8
SCAF_118_region	37705	17059	0.45	0	8
SCAF_119	37514	14947	0.40	0	45
SCAF_119_region	37514	14947	0.40	0	45
SCAF_120	37456	7046243	188.12	0	2538
SCAF_120_region	37456	7046243	188.12	0	2538
SCAF_121	37441	6728996	179.72	0	2231
SCAF_121_region	37441	6728996	179.72	0	2231
SCAF_122	37347	386106	10.34	0	588
SCAF_122_region	37347	386106	10.34	0	588
SCAF_123	37222	8946	0.24	0	44
SCAF_123_region	37222	8946	0.24	0	44
SCAF_124	36961	124375	3.37	0	266
SCAF_124_region	36961	124375	3.37	0	266
SCAF_125	36710	11531	0.31	0	6
SCAF_125_region	36710	11531	0.31	0	6
SCAF_126	36614	8382	0.23	0	9
SCAF_126_region	36614	8382	0.23	0	9
SCAF_127	36584	13525	0.37	0	10
SCAF_127_region	36584	13525	0.37	0	10
SCAF_128	36068	31905	0.88	0	50
SCAF_128_region	36068	31905	0.88	0	50
SCAF_129	35972	15777	0.44	0	34
SCAF_129_region	35972	15777	0.44	0	34
SCAF_130	35925	11519	0.32	0	12
SCAF_130_region	35925	11519	0.32	0	12
SCAF_131	35704	2312	0.06	0	36
SCAF_131_region	35704	2312	0.06	0	36
SCAF_132	35264	11336	0.32	0	19
SCAF_132_region	35264	11336	0.32	0	19
SCAF_133	35121	8310580	236.63	0	4507
SCAF_133_region	35121	8310580	236.63	0	4507
SCAF_134	35117	9840	0.28	0	82
SCAF_134_region	35117	9840	0.28	0	82
SCAF_135	34903	9010	0.26	0	54
SCAF_135_region	34903	9010	0.26	0	54
SCAF_136	34900	6568486	188.21	0	3077
SCAF_136_region	34900	6568486	188.21	0	3077
SCAF_137	34765	16847	0.48	0	46
SCAF_137_region	34765	16847	0.48	0	46
SCAF_138	34687	46246	1.33	0	787
SCAF_138_region	34687	46246	1.33	0	787
SCAF_139	34615	7168	0.21	0	34
SCAF_139_region	34615	7168	0.21	0	34
SCAF_140	34599	9245664	267.22	0	3605
SCAF_140_region	34599	9245664	267.22	0	3605
SCAF_141	34497	4644789	134.64	0	7149
SCAF_141_region	34497	4644789	134.64	0	7149
SCAF_142	34440	5646351	163.95	0	806
SCAF_142_region	34440	5646351	163.95	0	806
SCAF_143	34384	10377	0.30	0	49
SCAF_143_region	34384	10377	0.30	0	49
SCAF_144	34330	7249	0.21	0	5
SCAF_144_region	34330	7249	0.21	0	5
SCAF_145	34087	5000	0.15	0	36
SCAF_145_region	34087	5000	0.15	0	36
SCAF_146	33692	15261	0.45	0	40
SCAF_146_region	33692	15261	0.45	0	40
SCAF_147	33483	6885083	205.63	0	1174
SCAF_147_region	33483	6885083	205.63	0	1174
SCAF_148	33469	7164	0.21	0	40
SCAF_148_region	33469	7164	0.21	0	40
SCAF_149	33420	4817003	144.14	0	681
SCAF_149_region	33420	4817003	144.14	0	681
SCAF_150	33347	6527	0.20	0	28
SCAF_150_region	33347	6527	0.20	0	28
SCAF_151	33283	23164	0.70	0	134
SCAF_151_region	33283	23164	0.70	0	134
SCAF_152	33266	8959	0.27	0	47
SCAF_152_region	33266	8959	0.27	0	47
SCAF_153	33237	8649	0.26	0	38
SCAF_153_region	33237	8649	0.26	0	38
SCAF_154	33139	8434	0.25	0	28
SCAF_154_region	33139	8434	0.25	0	28
SCAF_155	33127	10081085	304.32	0	1427
SCAF_155_region	33127	10081085	304.32	0	1427
SCAF_156	32748	36333	1.11	0	74
SCAF_156_region	32748	36333	1.11	0	74
SCAF_157	32666	151081	4.63	0	181
SCAF_157_region	32666	151081	4.63	0	181
SCAF_158	32618	2636	0.08	0	46
SCAF_158_region	32618	2636	0.08	0	46
SCAF_159	32358	2920	0.09	0	27
SCAF_159_region	32358	2920	0.09	0	27
SCAF_160	32136	10958	0.34	0	18
SCAF_160_region	32136	10958	0.34	0	18
SCAF_161	32035	13938	0.44	0	45
SCAF_161_region	32035	13938	0.44	0	45
SCAF_162	31954	5394	0.17	0	15
SCAF_162_region	31954	5394	0.17	0	15
SCAF_163	31782	17589	0.55	0	11
SCAF_163_region	31782	17589	0.55	0	11
SCAF_164	31669	9863	0.31	0	69
SCAF_164_region	31669	9863	0.31	0	69
SCAF_165	31629	26119	0.83	0	168
SCAF_165_region	31629	26119	0.83	0	168
SCAF_166	31581	4248	0.13	0	47
SCAF_166_region	31581	4248	0.13	0	47
SCAF_167	31556	12147	0.38	0	10
SCAF_167_region	31556	12147	0.38	0	10
SCAF_168	31421	15488	0.49	0	36
SCAF_168_region	31421	15488	0.49	0	36
SCAF_169	31314	10243	0.33	0	43
SCAF_169_region	31314	10243	0.33	0	43
SCAF_170	31127	4740	0.15	0	34
SCAF_170_region	31127	4740	0.15	0	34
SCAF_171	31061	7052468	227.05	0	1513
SCAF_171_region	31061	7052468	227.05	0	1513
SCAF_172	31059	3687	0.12	0	54
SCAF_172_region	31059	3687	0.12	0	54
SCAF_173	30866	9361	0.30	0	20
SCAF_173_region	30866	9361	0.30	0	20
SCAF_174	30739	7611060	247.60	0	5227
SCAF_174_region	30739	7611060	247.60	0	5227
SCAF_175	30330	9698	0.32	0	48
SCAF_175_region	30330	9698	0.32	0	48
SCAF_176	30301	181591	5.99	0	302
SCAF_176_region	30301	181591	5.99	0	302
SCAF_177	30226	7380	0.24	0	33
SCAF_177_region	30226	7380	0.24	0	33
SCAF_178	30187	3261	0.11	0	36
SCAF_178_region	30187	3261	0.11	0	36
SCAF_179	30183	14535	0.48	0	49
SCAF_179_region	30183	14535	0.48	0	49
SCAF_180	30131	9855	0.33	0	146
SCAF_180_region	30131	9855	0.33	0	146
SCAF_181	30071	8520	0.28	0	14
SCAF_181_region	30071	8520	0.28	0	14
SCAF_182	30032	6038	0.20	0	35
SCAF_182_region	30032	6038	0.20	0	35
SCAF_183	30005	2038	0.07	0	24
SCAF_183_region	30005	2038	0.07	0	24
SCAF_184	29541	105184	3.56	0	669
SCAF_184_region	29541	105184	3.56	0	669
SCAF_185	29415	10229	0.35	0	46
SCAF_185_region	29415	10229	0.35	0	46
SCAF_186	29375	7559	0.26	0	6
SCAF_186_region	29375	7559	0.26	0	6
SCAF_187	29360	10585	0.36	0	37
SCAF_187_region	29360	10585	0.36	0	37
SCAF_188	29327	15702	0.54	0	8
SCAF_188_region	29327	15702	0.54	0	8
SCAF_189	29236	8596	0.29	0	40
SCAF_189_region	29236	8596	0.29	0	40
SCAF_190	29216	25440	0.87	0	93
SCAF_190_region	29216	25440	0.87	0	93
SCAF_191	29200	3676	0.13	0	18
SCAF_191_region	29200	3676	0.13	0	18
SCAF_192	29083	4054764	139.42	0	424
SCAF_192_region	29083	4054764	139.42	0	424
SCAF_193	29081	13926	0.48	0	122
SCAF_193_region	29081	13926	0.48	0	122
SCAF_194	28863	2314658	80.19	0	583
SCAF_194_region	28863	2314658	80.19	0	583
SCAF_195	28688	12898	0.45	0	76
SCAF_195_region	28688	12898	0.45	0	76
SCAF_196	28688	63388	2.21	0	145
SCAF_196_region	28688	63388	2.21	0	145
SCAF_197	28670	4355	0.15	0	21
SCAF_197_region	28670	4355	0.15	0	21
SCAF_198	28585	7935	0.28	0	25
SCAF_198_region	28585	7935	0.28	0	25
SCAF_199	28585	323140	11.30	0	1295
SCAF_199_region	28585	323140	11.30	0	1295
SCAF_200	28563	14272	0.50	0	36
SCAF_200_region	28563	14272	0.50	0	36
SCAF_201	28551	8294	0.29	0	42
SCAF_201_region	28551	8294	0.29	0	42
SCAF_202	28219	15814	0.56	0	20
SCAF_202_region	28219	15814	0.56	0	20
SCAF_203	28217	7537	0.27	0	14
SCAF_203_region	28217	7537	0.27	0	14
SCAF_204	28187	53414	1.89	0	428
SCAF_204_region	28187	53414	1.89	0	428
SCAF_205	28138	6450	0.23	0	49
SCAF_205_region	28138	6450	0.23	0	49
SCAF_206	28111	6580	0.23	0	12
SCAF_206_region	28111	6580	0.23	0	12
SCAF_207	27959	14766	0.53	0	54
SCAF_207_region	27959	14766	0.53	0	54
SCAF_208	27935	5197366	186.05	0	3683
SCAF_208_region	27935	5197366	186.05	0	3683
SCAF_209	27830	11503	0.41	0	7
SCAF_209_region	27830	11503	0.41	0	7
SCAF_210	27781	2933	0.11	0	36
SCAF_210_region	27781	2933	0.11	0	36
SCAF_211	27774	17138	0.62	0	36
SCAF_211_region	27774	17138	0.62	0	36
SCAF_212	27772	9684	0.35	0	23
SCAF_212_region	27772	9684	0.35	0	23
SCAF_213	27728	6373	0.23	0	34
SCAF_213_region	27728	6373	0.23	0	34
SCAF_214	27690	14671	0.53	0	35
SCAF_214_region	27690	14671	0.53	0	35
SCAF_215	27659	6317279	228.40	0	1419
SCAF_215_region	27659	6317279	228.40	0	1419
SCAF_216	27637	5637	0.20	0	34
SCAF_216_region	27637	5637	0.20	0	34
SCAF_217	27634	5823	0.21	0	26
SCAF_217_region	27634	5823	0.21	0	26
SCAF_218	27594	12272	0.44	0	22
SCAF_218_region	27594	12272	0.44	0	22
SCAF_219	27563	2197	0.08	0	13
SCAF_219_region	27563	2197	0.08	0	13
SCAF_220	27545	24587	0.89	0	37
SCAF_220_region	27545	24587	0.89	0	37
SCAF_221	27530	8526	0.31	0	23
SCAF_221_region	27530	8526	0.31	0	23
SCAF_222	27515	3124	0.11	0	20
SCAF_222_region	27515	3124	0.11	0	20
SCAF_223	27476	11627	0.42	0	68
SCAF_223_region	27476	11627	0.42	0	68
SCAF_224	27450	5369	0.20	0	28
SCAF_224_region	27450	5369	0.20	0	28
SCAF_225	27344	5758	0.21	0	15
SCAF_225_region	27344	5758	0.21	0	15
SCAF_226	27270	303583	11.13	0	468
SCAF_226_region	27270	303583	11.13	0	468
SCAF_227	27232	8100	0.30	0	30
SCAF_227_region	27232	8100	0.30	0	30
SCAF_228	27189	80075	2.95	0	167
SCAF_228_region	27189	80075	2.95	0	167
SCAF_229	27037	7758	0.29	0	5
SCAF_229_region	27037	7758	0.29	0	5
SCAF_230	26948	4280	0.16	0	39
SCAF_230_region	26948	4280	0.16	0	39
SCAF_231	26899	6003	0.22	0	13
SCAF_231_region	26899	6003	0.22	0	13
SCAF_232	26856	7199	0.27	0	23
SCAF_232_region	26856	7199	0.27	0	23
SCAF_233	26767	7962	0.30	0	28
SCAF_233_region	26767	7962	0.30	0	28
SCAF_234	26700	5042138	188.84	0	852
SCAF_234_region	26700	5042138	188.84	0	852
SCAF_235	26660	9504117	356.49	0	2247
SCAF_235_region	26660	9504117	356.49	0	2247
SCAF_236	26499	3022	0.11	0	26
SCAF_236_region	26499	3022	0.11	0	26
SCAF_237	26482	8697	0.33	0	20
SCAF_237_region	26482	8697	0.33	0	20
SCAF_238	26369	6436	0.24	0	27
SCAF_238_region	26369	6436	0.24	0	27
SCAF_239	26171	10128	0.39	0	26
SCAF_239_region	26171	10128	0.39	0	26
SCAF_240	26148	5434	0.21	0	28
SCAF_240_region	26148	5434	0.21	0	28
SCAF_241	26131	10083	0.39	0	32
SCAF_241_region	26131	10083	0.39	0	32
SCAF_242	26114	6015	0.23	0	22
SCAF_242_region	26114	6015	0.23	0	22
SCAF_243	26085	6486	0.25	0	38
SCAF_243_region	26085	6486	0.25	0	38
SCAF_244	26060	2127	0.08	0	20
SCAF_244_region	26060	2127	0.08	0	20
SCAF_245	25968	7317	0.28	0	118
SCAF_245_region	25968	7317	0.28	0	118
SCAF_246	25946	5509028	212.33	0	4550
SCAF_246_region	25946	5509028	212.33	0	4550
SCAF_247	25940	21398	0.82	0	32
SCAF_247_region	25940	21398	0.82	0	32
SCAF_248	25895	3488	0.13	0	6
SCAF_248_region	25895	3488	0.13	0	6
SCAF_249	25885	19229	0.74	0	22
SCAF_249_region	25885	19229	0.74	0	22
SCAF_250	25884	12825	0.50	0	29
SCAF_250_region	25884	12825	0.50	0	29
SCAF_251	25874	6858	0.27	0	38
SCAF_251_region	25874	6858	0.27	0	38
SCAF_252	25864	1572	0.06	0	5
SCAF_252_region	25864	1572	0.06	0	5
SCAF_253	25825	7711	0.30	0	8
SCAF_253_region	25825	7711	0.30	0	8
SCAF_254	25798	22197	0.86	0	137
SCAF_254_region	25798	22197	0.86	0	137
SCAF_255	25728	3917	0.15	0	13
SCAF_255_region	25728	3917	0.15	0	13
SCAF_256	25725	7772	0.30	0	52
SCAF_256_region	25725	7772	0.30	0	52
SCAF_257	25720	3575	0.14	0	6
SCAF_257_region	25720	3575	0.14	0	6
SCAF_258	25700	34524	1.34	0	163
SCAF_258_region	25700	34524	1.34	0	163
SCAF_259	25645	2558	0.10	0	4
SCAF_259_region	25645	2558	0.10	0	4
SCAF_260	25595	5175	0.20	0	34
SCAF_260_region	25595	5175	0.20	0	34
SCAF_261	25593	13393	0.52	0	35
SCAF_261_region	25593	13393	0.52	0	35
SCAF_262	25592	10195	0.40	0	35
SCAF_262_region	25592	10195	0.40	0	35
SCAF_263	25481	7437	0.29	0	43
SCAF_263_region	25481	7437	0.29	0	43
SCAF_264	25444	14525	0.57	0	45
SCAF_264_region	25444	14525	0.57	0	45
SCAF_265	25436	3834	0.15	0	22
SCAF_265_region	25436	3834	0.15	0	22
SCAF_266	25377	4034	0.16	0	16
SCAF_266_region	25377	4034	0.16	0	16
SCAF_267	25340	10497	0.41	0	17
SCAF_267_region	25340	10497	0.41	0	17
SCAF_268	25329	11750	0.46	0	41
SCAF_268_region	25329	11750	0.46	0	41
SCAF_269	25264	4501	0.18	0	24
SCAF_269_region	25264	4501	0.18	0	24
SCAF_270	25225	6282	0.25	0	36
SCAF_270_region	25225	6282	0.25	0	36
SCAF_271	25206	17014	0.67	0	80
SCAF_271_region	25206	17014	0.67	0	80
SCAF_272	25161	5870	0.23	0	28
SCAF_272_region	25161	5870	0.23	0	28
SCAF_273	25090	3243	0.13	0	20
SCAF_273_region	25090	3243	0.13	0	20
SCAF_274	24834	1418	0.06	0	5
SCAF_274_region	24834	1418	0.06	0	5
SCAF_275	24832	1345853	54.20	0	1711
SCAF_275_region	24832	1345853	54.20	0	1711
SCAF_276	24811	6802	0.27	0	42
SCAF_276_region	24811	6802	0.27	0	42
SCAF_277	24713	6373	0.26	0	7
SCAF_277_region	24713	6373	0.26	0	7
SCAF_278	24673	4486	0.18	0	42
SCAF_278_region	24673	4486	0.18	0	42
SCAF_279	24542	7483	0.30	0	7
SCAF_279_region	24542	7483	0.30	0	7
SCAF_280	24528	3636	0.15	0	11
SCAF_280_region	24528	3636	0.15	0	11
SCAF_281	24435	3200	0.13	0	46
SCAF_281_region	24435	3200	0.13	0	46
SCAF_282	24359	1710	0.07	0	18
SCAF_282_region	24359	1710	0.07	0	18
SCAF_283	24173	6973	0.29	0	36
SCAF_283_region	24173	6973	0.29	0	36
SCAF_284	24152	3406281	141.04	0	620
SCAF_284_region	24152	3406281	141.04	0	620
SCAF_285	24110	1084	0.04	0	5
SCAF_285_region	24110	1084	0.04	0	5
SCAF_286	24066	341274	14.18	0	1577
SCAF_286_region	24066	341274	14.18	0	1577
SCAF_287	23981	1748	0.07	0	12
SCAF_287_region	23981	1748	0.07	0	12
SCAF_288	23980	2896	0.12	0	3
SCAF_288_region	23980	2896	0.12	0	3
SCAF_289	23950	4461	0.19	0	13
SCAF_289_region	23950	4461	0.19	0	13
SCAF_290	23945	5877	0.25	0	27
SCAF_290_region	23945	5877	0.25	0	27
SCAF_291	23886	3795	0.16	0	5
SCAF_291_region	23886	3795	0.16	0	5
SCAF_292	23860	5567	0.23	0	6
SCAF_292_region	23860	5567	0.23	0	6
SCAF_293	23814	7207	0.30	0	11
SCAF_293_region	23814	7207	0.30	0	11
SCAF_294	23796	5382	0.23	0	10
SCAF_294_region	23796	5382	0.23	0	10
SCAF_295	23767	15328	0.64	0	102
SCAF_295_region	23767	15328	0.64	0	102
SCAF_296	23762	239839	10.09	0	2281
SCAF_296_region	23762	239839	10.09	0	2281
SCAF_297	23695	6888	0.29	0	33
SCAF_297_region	23695	6888	0.29	0	33
SCAF_298	23666	4473	0.19	0	45
SCAF_298_region	23666	4473	0.19	0	45
SCAF_299	23648	259727	10.98	0	1746
SCAF_299_region	23648	259727	10.98	0	1746
SCAF_300	23643	6278207	265.54	0	2608
SCAF_300_region	23643	6278207	265.54	0	2608
SCAF_301	23638	3717	0.16	0	20
SCAF_301_region	23638	3717	0.16	0	20
SCAF_302	23633	7231	0.31	0	31
SCAF_302_region	23633	7231	0.31	0	31
SCAF_303	23629	8662	0.37	0	5
SCAF_303_region	23629	8662	0.37	0	5
SCAF_304	23571	7065	0.30	0	6
SCAF_304_region	23571	7065	0.30	0	6
SCAF_305	23555	4678	0.20	0	40
SCAF_305_region	23555	4678	0.20	0	40
SCAF_306	23322	5456	0.23	0	29
SCAF_306_region	23322	5456	0.23	0	29
SCAF_307	23295	5422	0.23	0	37
SCAF_307_region	23295	5422	0.23	0	37
SCAF_308	23075	3943000	170.88	0	3611
SCAF_308_region	23075	3943000	170.88	0	3611
SCAF_309	23057	11436	0.50	0	42
SCAF_309_region	23057	11436	0.50	0	42
SCAF_310	23011	11241	0.49	0	9
SCAF_310_region	23011	11241	0.49	0	9
SCAF_311	22999	3094	0.13	0	83
SCAF_311_region	22999	3094	0.13	0	83
SCAF_312	22896	16534	0.72	0	25
SCAF_312_region	22896	16534	0.72	0	25
SCAF_313	22877	3290	0.14	0	11
SCAF_313_region	22877	3290	0.14	0	11
SCAF_314	22871	6299273	275.43	0	3452
SCAF_314_region	22871	6299273	275.43	0	3452
SCAF_315	22844	30204	1.32	0	215
SCAF_315_region	22844	30204	1.32	0	215
SCAF_316	22844	2255	0.10	0	9
SCAF_316_region	22844	2255	0.10	0	9
SCAF_317	22833	6122	0.27	0	28
SCAF_317_region	22833	6122	0.27	0	28
SCAF_318	22713	9802	0.43	0	43
SCAF_318_region	22713	9802	0.43	0	43
SCAF_319	22685	3698	0.16	0	5
SCAF_319_region	22685	3698	0.16	0	5
SCAF_320	22653	3446	0.15	0	7
SCAF_320_region	22653	3446	0.15	0	7
SCAF_321	22554	6467	0.29	0	9
SCAF_321_region	22554	6467	0.29	0	9
SCAF_322	22539	5298	0.24	0	21
SCAF_322_region	22539	5298	0.24	0	21
SCAF_323	22525	4040	0.18	0	9
SCAF_323_region	22525	4040	0.18	0	9
SCAF_324	22489	5550	0.25	0	11
SCAF_324_region	22489	5550	0.25	0	11
SCAF_325	22468	5033	0.22	0	36
SCAF_325_region	22468	5033	0.22	0	36
SCAF_326	22392	5969235	266.58	0	3605
SCAF_326_region	22392	5969235	266.58	0	3605
SCAF_327	22337	3450	0.15	0	54
SCAF_327_region	22337	3450	0.15	0	54
SCAF_328	22280	6334089	284.29	0	1083
SCAF_328_region	22280	6334089	284.29	0	1083
SCAF_329	22245	7445	0.33	0	47
SCAF_329_region	22245	7445	0.33	0	47
SCAF_330	22040	9617	0.44	0	53
SCAF_330_region	22040	9617	0.44	0	53
SCAF_331	22029	1184	0.05	0	4
SCAF_331_region	22029	1184	0.05	0	4
SCAF_332	21923	7815	0.36	0	9
SCAF_332_region	21923	7815	0.36	0	9
SCAF_333	21867	997	0.05	0	3
SCAF_333_region	21867	997	0.05	0	3
SCAF_334	21813	8015	0.37	0	44
SCAF_334_region	21813	8015	0.37	0	44
SCAF_335	21800	4359	0.20	0	6
SCAF_335_region	21800	4359	0.20	0	6
SCAF_336	21691	4854	0.22	0	11
SCAF_336_region	21691	4854	0.22	0	11
SCAF_337	21675	6012	0.28	0	20
SCAF_337_region	21675	6012	0.28	0	20
SCAF_338	21621	12299	0.57	0	291
SCAF_338_region	21621	12299	0.57	0	291
SCAF_339	21529	16731	0.78	0	80
SCAF_339_region	21529	16731	0.78	0	80
SCAF_340	21472	4075	0.19	0	33
SCAF_340_region	21472	4075	0.19	0	33
SCAF_341	21449	4287	0.20	0	16
SCAF_341_region	21449	4287	0.20	0	16
SCAF_342	21444	243510	11.36	0	420
SCAF_342_region	21444	243510	11.36	0	420
SCAF_343	21365	2520	0.12	0	32
SCAF_343_region	21365	2520	0.12	0	32
SCAF_344	21355	12069	0.57	0	343
SCAF_344_region	21355	12069	0.57	0	343
SCAF_345	21334	6450	0.30	0	9
SCAF_345_region	21334	6450	0.30	0	9
SCAF_346	21294	3578583	168.06	0	771
SCAF_346_region	21294	3578583	168.06	0	771
SCAF_347	21288	4743	0.22	0	42
SCAF_347_region	21288	4743	0.22	0	42
SCAF_348	21209	4747	0.22	0	7
SCAF_348_region	21209	4747	0.22	0	7
SCAF_349	21199	3292	0.16	0	12
SCAF_349_region	21199	3292	0.16	0	12
SCAF_350	21189	10150	0.48	0	63
SCAF_350_region	21189	10150	0.48	0	63
SCAF_351	21106	8428	0.40	0	21
SCAF_351_region	21106	8428	0.40	0	21
SCAF_352	21098	2248	0.11	0	5
SCAF_352_region	21098	2248	0.11	0	5
SCAF_353	21078	5356	0.25	0	37
SCAF_353_region	21078	5356	0.25	0	37
SCAF_354	20991	7200	0.34	0	51
SCAF_354_region	20991	7200	0.34	0	51
SCAF_355	20981	1043	0.05	0	6
SCAF_355_region	20981	1043	0.05	0	6
SCAF_356	20980	9163	0.44	0	6
SCAF_356_region	20980	9163	0.44	0	6
SCAF_357	20976	5593	0.27	0	43
SCAF_357_region	20976	5593	0.27	0	43
SCAF_358	20871	2724	0.13	0	35
SCAF_358_region	20871	2724	0.13	0	35
SCAF_359	20831	2328	0.11	0	33
SCAF_359_region	20831	2328	0.11	0	33
SCAF_360	20777	11218	0.54	0	169
SCAF_360_region	20777	11218	0.54	0	169
SCAF_361	20737	5428	0.26	0	20
SCAF_361_region	20737	5428	0.26	0	20
SCAF_362	20702	20312	0.98	0	25
SCAF_362_region	20702	20312	0.98	0	25
SCAF_363	20586	1976	0.10	0	6
SCAF_363_region	20586	1976	0.10	0	6
SCAF_364	20574	4102	0.20	0	10
SCAF_364_region	20574	4102	0.20	0	10
SCAF_365	20553	991	0.05	0	4
SCAF_365_region	20553	991	0.05	0	4
SCAF_366	20522	1791	0.09	0	17
SCAF_366_region	20522	1791	0.09	0	17
SCAF_367	20517	2202	0.11	0	20
SCAF_367_region	20517	2202	0.11	0	20
SCAF_368	20452	13958	0.68	0	334
SCAF_368_region	20452	13958	0.68	0	334
SCAF_369	20438	9362	0.46	0	7
SCAF_369_region	20438	9362	0.46	0	7
SCAF_370	20350	10726	0.53	0	33
SCAF_370_region	20350	10726	0.53	0	33
SCAF_371	20349	16956	0.83	0	48
SCAF_371_region	20349	16956	0.83	0	48
SCAF_372	20285	1854	0.09	0	25
SCAF_372_region	20285	1854	0.09	0	25
SCAF_373	20282	89560	4.42	0	114
SCAF_373_region	20282	89560	4.42	0	114
SCAF_374	20282	4085985	201.46	0	906
SCAF_374_region	20282	4085985	201.46	0	906
SCAF_375	20179	85989	4.26	0	126
SCAF_375_region	20179	85989	4.26	0	126
SCAF_376	20174	10004	0.50	0	22
SCAF_376_region	20174	10004	0.50	0	22
SCAF_377	20160	9871	0.49	0	11
SCAF_377_region	20160	9871	0.49	0	11
SCAF_378	20157	3569067	177.06	0	572
SCAF_378_region	20157	3569067	177.06	0	572
SCAF_379	20150	3588	0.18	0	5
SCAF_379_region	20150	3588	0.18	0	5
SCAF_380	20140	21053	1.05	0	64
SCAF_380_region	20140	21053	1.05	0	64
SCAF_381	20082	2917	0.15	0	9
SCAF_381_region	20082	2917	0.15	0	9
SCAF_382	20068	4929	0.25	0	43
SCAF_382_region	20068	4929	0.25	0	43
SCAF_383	20052	5439	0.27	0	8
SCAF_383_region	20052	5439	0.27	0	8
SCAF_384	20039	5452	0.27	0	6
SCAF_384_region	20039	5452	0.27	0	6
SCAF_385	20036	2077	0.10	0	3
SCAF_385_region	20036	2077	0.10	0	3
SCAF_386	20004	7454	0.37	0	36
SCAF_386_region	20004	7454	0.37	0	36
SCAF_387	19967	17643	0.88	0	27
SCAF_387_region	19967	17643	0.88	0	27
SCAF_388	19953	3372	0.17	0	6
SCAF_388_region	19953	3372	0.17	0	6
SCAF_389	19874	2561	0.13	0	7
SCAF_389_region	19874	2561	0.13	0	7
SCAF_390	19870	3334170	167.80	0	999
SCAF_390_region	19870	3334170	167.80	0	999
SCAF_391	19819	3806	0.19	0	56
SCAF_391_region	19819	3806	0.19	0	56
SCAF_392	19814	5258	0.27	0	22
SCAF_392_region	19814	5258	0.27	0	22
SCAF_393	19805	10231	0.52	0	10
SCAF_393_region	19805	10231	0.52	0	10
SCAF_394	19796	10704	0.54	0	48
SCAF_394_region	19796	10704	0.54	0	48
SCAF_395	19788	7340491	370.96	0	3520
SCAF_395_region	19788	7340491	370.96	0	3520
SCAF_396	19769	4536	0.23	0	8
SCAF_396_region	19769	4536	0.23	0	8
SCAF_397	19737	2099	0.11	0	4
SCAF_397_region	19737	2099	0.11	0	4
SCAF_398	19694	6974	0.35	0	37
SCAF_398_region	19694	6974	0.35	0	37
SCAF_399	19627	6285	0.32	0	7
SCAF_399_region	19627	6285	0.32	0	7
SCAF_400	19559	6334	0.32	0	21
SCAF_400_region	19559	6334	0.32	0	21
SCAF_401	19529	9723	0.50	0	41
SCAF_401_region	19529	9723	0.50	0	41
SCAF_402	19485	3908	0.20	0	44
SCAF_402_region	19485	3908	0.20	0	44
SCAF_403	19440	4428	0.23	0	16
SCAF_403_region	19440	4428	0.23	0	16
SCAF_404	19429	8064	0.42	0	24
SCAF_404_region	19429	8064	0.42	0	24
SCAF_405	19412	4244	0.22	0	5
SCAF_405_region	19412	4244	0.22	0	5
SCAF_406	19412	8392	0.43	0	41
SCAF_406_region	19412	8392	0.43	0	41
SCAF_407	19392	6535	0.34	0	38
SCAF_407_region	19392	6535	0.34	0	38
SCAF_408	19383	1766	0.09	0	27
SCAF_408_region	19383	1766	0.09	0	27
SCAF_409	19350	5791	0.30	0	7
SCAF_409_region	19350	5791	0.30	0	7
SCAF_410	19334	3916	0.20	0	8
SCAF_410_region	19334	3916	0.20	0	8
SCAF_411	19319	1357	0.07	0	5
SCAF_411_region	19319	1357	0.07	0	5
SCAF_412	19298	4264	0.22	0	32
SCAF_412_region	19298	4264	0.22	0	32
SCAF_413	19281	3417	0.18	0	4
SCAF_413_region	19281	3417	0.18	0	4
SCAF_414	19250	3688	0.19	0	18
SCAF_414_region	19250	3688	0.19	0	18
SCAF_415	19240	4135	0.21	0	24
SCAF_415_region	19240	4135	0.21	0	24
SCAF_416	19198	2144	0.11	0	4
SCAF_416_region	19198	2144	0.11	0	4
SCAF_417	19156	1772	0.09	0	21
SCAF_417_region	19156	1772	0.09	0	21
SCAF_418	19069	3584755	187.99	0	569
SCAF_418_region	19069	3584755	187.99	0	569
SCAF_419	19061	2861	0.15	0	6
SCAF_419_region	19061	2861	0.15	0	6
SCAF_420	19040	1085	0.06	0	6
SCAF_420_region	19040	1085	0.06	0	6
SCAF_421	19012	4814	0.25	0	33
SCAF_421_region	19012	4814	0.25	0	33
SCAF_422	18950	6619	0.35	0	23
SCAF_422_region	18950	6619	0.35	0	23
SCAF_423	18945	3280	0.17	0	16
SCAF_423_region	18945	3280	0.17	0	16
SCAF_424	18943	2536	0.13	0	23
SCAF_424_region	18943	2536	0.13	0	23
SCAF_425	18932	4269	0.23	0	5
SCAF_425_region	18932	4269	0.23	0	5
SCAF_426	18882	4532	0.24	0	6
SCAF_426_region	18882	4532	0.24	0	6
SCAF_427	18874	3742	0.20	0	9
SCAF_427_region	18874	3742	0.20	0	9
SCAF_428	18866	1179941	62.54	0	635
SCAF_428_region	18866	1179941	62.54	0	635
SCAF_429	18866	11635	0.62	0	34
SCAF_429_region	18866	11635	0.62	0	34
SCAF_430	18815	2606	0.14	0	6
SCAF_430_region	18815	2606	0.14	0	6
SCAF_431	18805	9027	0.48	0	6
SCAF_431_region	18805	9027	0.48	0	6
SCAF_432	18790	5756	0.31	0	30
SCAF_432_region	18790	5756	0.31	0	30
SCAF_433	18773	2815	0.15	0	51
SCAF_433_region	18773	2815	0.15	0	51
SCAF_434	18766	4559	0.24	0	8
SCAF_434_region	18766	4559	0.24	0	8
SCAF_435	18753	3397	0.18	0	7
SCAF_435_region	18753	3397	0.18	0	7
SCAF_436	18746	5528	0.29	0	19
SCAF_436_region	18746	5528	0.29	0	19
SCAF_437	18721	4123	0.22	0	9
SCAF_437_region	18721	4123	0.22	0	9
SCAF_438	18669	1756	0.09	0	28
SCAF_438_region	18669	1756	0.09	0	28
SCAF_439	18588	139834	7.52	0	1602
SCAF_439_region	18588	139834	7.52	0	1602
SCAF_440	18561	27466	1.48	0	405
SCAF_440_region	18561	27466	1.48	0	405
SCAF_441	18530	2699	0.15	0	9
SCAF_441_region	18530	2699	0.15	0	9
SCAF_442	18489	7964	0.43	0	31
SCAF_442_region	18489	7964	0.43	0	31
SCAF_443	18479	5067	0.27	0	6
SCAF_443_region	18479	5067	0.27	0	6
SCAF_444	18424	9533	0.52	0	9
SCAF_444_region	18424	9533	0.52	0	9
SCAF_445	18396	7379	0.40	0	31
SCAF_445_region	18396	7379	0.40	0	31
SCAF_446	18392	6143	0.33	0	29
SCAF_446_region	18392	6143	0.33	0	29
SCAF_447	18255	6629	0.36	0	5
SCAF_447_region	18255	6629	0.36	0	5
SCAF_448	18252	5042	0.28	0	35
SCAF_448_region	18252	5042	0.28	0	35
SCAF_449	18248	6854	0.38	0	4
SCAF_449_region	18248	6854	0.38	0	4
SCAF_450	18208	3267	0.18	0	42
SCAF_450_region	18208	3267	0.18	0	42
SCAF_451	18202	101939	5.60	0	97
SCAF_451_region	18202	101939	5.60	0	97
SCAF_452	18192	2489	0.14	0	26
SCAF_452_region	18192	2489	0.14	0	26
SCAF_453	18150	674	0.04	0	3
SCAF_453_region	18150	674	0.04	0	3
SCAF_454	18134	1470	0.08	0	18
SCAF_454_region	18134	1470	0.08	0	18
SCAF_455	18114	2108	0.12	0	27
SCAF_455_region	18114	2108	0.12	0	27
SCAF_456	18112	5584	0.31	0	7
SCAF_456_region	18112	5584	0.31	0	7
SCAF_457	18054	8015	0.44	0	33
SCAF_457_region	18054	8015	0.44	0	33
SCAF_458	18006	7816	0.43	0	5
SCAF_458_region	18006	7816	0.43	0	5
SCAF_459	18000	5212	0.29	0	39
SCAF_459_region	18000	5212	0.29	0	39
SCAF_460	17967	2282	0.13	0	29
SCAF_460_region	17967	2282	0.13	0	29
SCAF_461	17943	3241	0.18	0	29
SCAF_461_region	17943	3241	0.18	0	29
SCAF_462	17929	2339	0.13	0	22
SCAF_462_region	17929	2339	0.13	0	22
SCAF_463	17921	2077	0.12	0	24
SCAF_463_region	17921	2077	0.12	0	24
SCAF_464	17913	9869	0.55	0	7
SCAF_464_region	17913	9869	0.55	0	7
SCAF_465	17912	8983	0.50	0	47
SCAF_465_region	17912	8983	0.50	0	47
SCAF_466	17886	3931	0.22	0	42
SCAF_466_region	17886	3931	0.22	0	42
SCAF_467	17859	8620	0.48	0	25
SCAF_467_region	17859	8620	0.48	0	25
SCAF_468	17837	2793	0.16	0	5
SCAF_468_region	17837	2793	0.16	0	5
SCAF_469	17802	1790	0.10	0	6
SCAF_469_region	17802	1790	0.10	0	6
SCAF_470	17776	3313	0.19	0	5
SCAF_470_region	17776	3313	0.19	0	5
SCAF_471	17682	6628	0.37	0	34
SCAF_471_region	17682	6628	0.37	0	34
SCAF_472	17646	3901	0.22	0	29
SCAF_472_region	17646	3901	0.22	0	29
SCAF_473	17646	3991	0.23	0	32
SCAF_473_region	17646	3991	0.23	0	32
SCAF_474	17642	2567775	145.55	0	611
SCAF_474_region	17642	2567775	145.55	0	611
SCAF_475	17613	10445	0.59	0	119
SCAF_475_region	17613	10445	0.59	0	119
SCAF_476	17602	22533	1.28	0	204
SCAF_476_region	17602	22533	1.28	0	204
SCAF_477	17571	4282	0.24	0	31
SCAF_477_region	17571	4282	0.24	0	31
SCAF_478	17535	6905	0.39	0	11
SCAF_478_region	17535	6905	0.39	0	11
SCAF_479	17528	22993	1.31	0	50
SCAF_479_region	17528	22993	1.31	0	50
SCAF_480	17503	5382	0.31	0	22
SCAF_480_region	17503	5382	0.31	0	22
SCAF_481	17502	5439	0.31	0	8
SCAF_481_region	17502	5439	0.31	0	8
SCAF_482	17480	1404	0.08	0	8
SCAF_482_region	17480	1404	0.08	0	8
SCAF_483	17476	7941	0.45	0	10
SCAF_483_region	17476	7941	0.45	0	10
SCAF_484	17457	370131	21.20	0	693
SCAF_484_region	17457	370131	21.20	0	693
SCAF_485	17386	9971	0.57	0	63
SCAF_485_region	17386	9971	0.57	0	63
SCAF_486	17362	6781	0.39	0	40
SCAF_486_region	17362	6781	0.39	0	40
SCAF_487	17332	3235	0.19	0	17
SCAF_487_region	17332	3235	0.19	0	17
SCAF_488	17327	5659	0.33	0	18
SCAF_488_region	17327	5659	0.33	0	18
SCAF_489	17303	9003	0.52	0	7
SCAF_489_region	17303	9003	0.52	0	7
SCAF_490	17273	3472	0.20	0	41
SCAF_490_region	17273	3472	0.20	0	41
SCAF_491	17245	101665	5.90	0	113
SCAF_491_region	17245	101665	5.90	0	113
SCAF_492	17239	4011	0.23	0	22
SCAF_492_region	17239	4011	0.23	0	22
SCAF_493	17219	11096	0.64	0	47
SCAF_493_region	17219	11096	0.64	0	47
SCAF_494	17218	2761	0.16	0	6
SCAF_494_region	17218	2761	0.16	0	6
SCAF_495	17211	3238	0.19	0	5
SCAF_495_region	17211	3238	0.19	0	5
SCAF_496	17198	14965	0.87	0	210
SCAF_496_region	17198	14965	0.87	0	210
SCAF_497	17190	1157	0.07	0	10
SCAF_497_region	17190	1157	0.07	0	10
SCAF_498	17162	2521	0.15	0	31
SCAF_498_region	17162	2521	0.15	0	31
SCAF_499	17147	4210	0.25	0	19
SCAF_499_region	17147	4210	0.25	0	19
SCAF_500	17144	4705	0.27	0	34
SCAF_500_region	17144	4705	0.27	0	34
SCAF_501	17142	4094	0.24	0	14
SCAF_501_region	17142	4094	0.24	0	14
SCAF_502	17124	5682	0.33	0	7
SCAF_502_region	17124	5682	0.33	0	7
SCAF_503	17118	100623	5.88	0	42
SCAF_503_region	17118	100623	5.88	0	42
SCAF_504	17076	4074	0.24	0	5
SCAF_504_region	17076	4074	0.24	0	5
SCAF_505	17047	3683484	216.08	0	1495
SCAF_505_region	17047	3683484	216.08	0	1495
SCAF_506	17043	23070	1.35	0	100
SCAF_506_region	17043	23070	1.35	0	100
SCAF_507	17035	7968	0.47	0	46
SCAF_507_region	17035	7968	0.47	0	46
SCAF_508	17021	5749	0.34	0	8
SCAF_508_region	17021	5749	0.34	0	8
SCAF_509	16971	11225	0.66	0	33
SCAF_509_region	16971	11225	0.66	0	33
SCAF_510	16897	4981	0.29	0	36
SCAF_510_region	16897	4981	0.29	0	36
SCAF_511	16849	3831	0.23	0	7
SCAF_511_region	16849	3831	0.23	0	7
SCAF_512	16807	2520	0.15	0	7
SCAF_512_region	16807	2520	0.15	0	7
SCAF_513	16787	2146	0.13	0	24
SCAF_513_region	16787	2146	0.13	0	24
SCAF_514	16784	8440	0.50	0	35
SCAF_514_region	16784	8440	0.50	0	35
SCAF_515	16776	5012	0.30	0	33
SCAF_515_region	16776	5012	0.30	0	33
SCAF_516	16745	1057	0.06	0	7
SCAF_516_region	16745	1057	0.06	0	7
SCAF_517	16741	3702	0.22	0	33
SCAF_517_region	16741	3702	0.22	0	33
SCAF_518	16733	3241	0.19	0	19
SCAF_518_region	16733	3241	0.19	0	19
SCAF_519	16710	7619	0.46	0	12
SCAF_519_region	16710	7619	0.46	0	12
SCAF_520	16702	3376615	202.17	0	3047
SCAF_520_region	16702	3376615	202.17	0	3047
SCAF_521	16701	4086	0.24	0	26
SCAF_521_region	16701	4086	0.24	0	26
SCAF_522	16645	4739	0.28	0	77
SCAF_522_region	16645	4739	0.28	0	77
SCAF_523	16623	7217	0.43	0	14
SCAF_523_region	16623	7217	0.43	0	14
SCAF_524	16568	1629	0.10	0	8
SCAF_524_region	16568	1629	0.10	0	8
SCAF_525	16548	2246	0.14	0	4
SCAF_525_region	16548	2246	0.14	0	4
SCAF_526	16541	3921	0.24	0	7
SCAF_526_region	16541	3921	0.24	0	7
SCAF_527	16518	3000936	181.68	0	686
SCAF_527_region	16518	3000936	181.68	0	686
SCAF_528	16510	5611	0.34	0	51
SCAF_528_region	16510	5611	0.34	0	51
SCAF_529	16492	2203	0.13	0	28
SCAF_529_region	16492	2203	0.13	0	28
SCAF_530	16462	1999	0.12	0	5
SCAF_530_region	16462	1999	0.12	0	5
SCAF_531	16461	1198	0.07	0	5
SCAF_531_region	16461	1198	0.07	0	5
SCAF_532	16447	3881	0.24	0	13
SCAF_532_region	16447	3881	0.24	0	13
SCAF_533	16383	1947	0.12	0	6
SCAF_533_region	16383	1947	0.12	0	6
SCAF_534	16345	5638	0.34	0	19
SCAF_534_region	16345	5638	0.34	0	19
SCAF_535	16343	1040	0.06	0	4
SCAF_535_region	16343	1040	0.06	0	4
SCAF_536	16333	3950	0.24	0	28
SCAF_536_region	16333	3950	0.24	0	28
SCAF_537	16287	6534	0.40	0	24
SCAF_537_region	16287	6534	0.40	0	24
SCAF_538	16266	1058	0.07	0	3
SCAF_538_region	16266	1058	0.07	0	3
SCAF_539	16246	1550	0.10	0	8
SCAF_539_region	16246	1550	0.10	0	8
SCAF_540	16245	3920	0.24	0	5
SCAF_540_region	16245	3920	0.24	0	5
SCAF_541	16215	4095	0.25	0	40
SCAF_541_region	16215	4095	0.25	0	40
SCAF_542	16208	5659	0.35	0	32
SCAF_542_region	16208	5659	0.35	0	32
SCAF_543	16160	5155	0.32	0	11
SCAF_543_region	16160	5155	0.32	0	11
SCAF_544	16140	1253	0.08	0	34
SCAF_544_region	16140	1253	0.08	0	34
SCAF_545	16102	1766	0.11	0	4
SCAF_545_region	16102	1766	0.11	0	4
SCAF_546	16083	9105	0.57	0	39
SCAF_546_region	16083	9105	0.57	0	39
SCAF_547	16037	2757	0.17	0	5
SCAF_547_region	16037	2757	0.17	0	5
SCAF_548	16034	7763	0.48	0	245
SCAF_548_region	16034	7763	0.48	0	245
SCAF_549	16030	4265	0.27	0	7
SCAF_549_region	16030	4265	0.27	0	7
SCAF_550	16027	894	0.06	0	4
SCAF_550_region	16027	894	0.06	0	4
SCAF_551	15990	2717	0.17	0	31
SCAF_551_region	15990	2717	0.17	0	31
SCAF_552	15913	15910	1.00	0	47
SCAF_552_region	15913	15910	1.00	0	47
SCAF_553	15906	2020	0.13	0	5
SCAF_553_region	15906	2020	0.13	0	5
SCAF_554	15898	3908	0.25	0	8
SCAF_554_region	15898	3908	0.25	0	8
SCAF_555	15891	7313	0.46	0	25
SCAF_555_region	15891	7313	0.46	0	25
SCAF_556	15885	7068	0.44	0	5
SCAF_556_region	15885	7068	0.44	0	5
SCAF_557	15855	5179	0.33	0	18
SCAF_557_region	15855	5179	0.33	0	18
SCAF_558	15839	8842	0.56	0	14
SCAF_558_region	15839	8842	0.56	0	14
SCAF_559	15827	8456	0.53	0	10
SCAF_559_region	15827	8456	0.53	0	10
SCAF_560	15823	4869	0.31	0	14
SCAF_560_region	15823	4869	0.31	0	14
SCAF_561	15791	9537	0.60	0	7
SCAF_561_region	15791	9537	0.60	0	7
SCAF_562	15777	1826802	115.79	0	371
SCAF_562_region	15777	1826802	115.79	0	371
SCAF_563	15776	18042	1.14	0	666
SCAF_563_region	15776	18042	1.14	0	666
SCAF_564	15761	5138	0.33	0	59
SCAF_564_region	15761	5138	0.33	0	59
SCAF_565	15717	5968	0.38	0	33
SCAF_565_region	15717	5968	0.38	0	33
SCAF_566	15706	2127	0.14	0	16
SCAF_566_region	15706	2127	0.14	0	16
SCAF_567	15696	5955	0.38	0	6
SCAF_567_region	15696	5955	0.38	0	6
SCAF_568	15657	6633	0.42	0	8
SCAF_568_region	15657	6633	0.42	0	8
SCAF_569	15650	2543	0.16	0	47
SCAF_569_region	15650	2543	0.16	0	47
SCAF_570	15646	2365	0.15	0	9
SCAF_570_region	15646	2365	0.15	0	9
SCAF_571	15619	1056	0.07	0	10
SCAF_571_region	15619	1056	0.07	0	10
SCAF_572	15612	1991	0.13	0	4
SCAF_572_region	15612	1991	0.13	0	4
SCAF_573	15605	5345	0.34	0	5
SCAF_573_region	15605	5345	0.34	0	5
SCAF_574	15575	2245	0.14	0	44
SCAF_574_region	15575	2245	0.14	0	44
SCAF_575	15573	2891	0.19	0	7
SCAF_575_region	15573	2891	0.19	0	7
SCAF_576	15571	8785	0.56	0	56
SCAF_576_region	15571	8785	0.56	0	56
SCAF_577	15544	2977	0.19	0	45
SCAF_577_region	15544	2977	0.19	0	45
SCAF_578	15521	4016	0.26	0	142
SCAF_578_region	15521	4016	0.26	0	142
SCAF_579	15497	10700	0.69	0	81
SCAF_579_region	15497	10700	0.69	0	81
SCAF_580	15481	3788	0.24	0	14
SCAF_580_region	15481	3788	0.24	0	14
SCAF_581	15458	7748	0.50	0	47
SCAF_581_region	15458	7748	0.50	0	47
SCAF_582	15439	5318	0.34	0	11
SCAF_582_region	15439	5318	0.34	0	11
SCAF_583	15421	2084	0.14	0	8
SCAF_583_region	15421	2084	0.14	0	8
SCAF_584	15337	2490	0.16	0	24
SCAF_584_region	15337	2490	0.16	0	24
SCAF_585	15336	2018	0.13	0	3
SCAF_585_region	15336	2018	0.13	0	3
SCAF_586	15301	9346	0.61	0	33
SCAF_586_region	15301	9346	0.61	0	33
SCAF_587	15300	1812351	118.45	0	4536
SCAF_587_region	15300	1812351	118.45	0	4536
SCAF_588	15298	3875	0.25	0	11
SCAF_588_region	15298	3875	0.25	0	11
SCAF_589	15238	1747	0.11	0	4
SCAF_589_region	15238	1747	0.11	0	4
SCAF_590	15205	12129	0.80	0	15
SCAF_590_region	15205	12129	0.80	0	15
SCAF_591	15162	8047	0.53	0	6
SCAF_591_region	15162	8047	0.53	0	6
SCAF_592	15154	13670	0.90	0	48
SCAF_592_region	15154	13670	0.90	0	48
SCAF_593	15087	3570	0.24	0	35
SCAF_593_region	15087	3570	0.24	0	35
SCAF_594	15082	7087	0.47	0	5
SCAF_594_region	15082	7087	0.47	0	5
SCAF_595	15055	4399	0.29	0	5
SCAF_595_region	15055	4399	0.29	0	5
SCAF_596	15045	857	0.06	0	3
SCAF_596_region	15045	857	0.06	0	3
SCAF_597	15030	3557	0.24	0	27
SCAF_597_region	15030	3557	0.24	0	27
SCAF_598	15027	1819	0.12	0	4
SCAF_598_region	15027	1819	0.12	0	4
SCAF_599	15000	4750	0.32	0	7
SCAF_599_region	15000	4750	0.32	0	7
SCAF_600	14995	4558	0.30	0	6
SCAF_600_region	14995	4558	0.30	0	6
SCAF_601	14985	5147	0.34	0	9
SCAF_601_region	14985	5147	0.34	0	9
SCAF_602	14930	6482	0.43	0	9
SCAF_602_region	14930	6482	0.43	0	9
SCAF_603	14898	4440	0.30	0	6
SCAF_603_region	14898	4440	0.30	0	6
SCAF_604	14863	3624	0.24	0	31
SCAF_604_region	14863	3624	0.24	0	31
SCAF_605	14840	2920	0.20	0	37
SCAF_605_region	14840	2920	0.20	0	37
SCAF_606	14808	849	0.06	0	5
SCAF_606_region	14808	849	0.06	0	5
SCAF_607	14807	4916	0.33	0	9
SCAF_607_region	14807	4916	0.33	0	9
SCAF_608	14785	2033	0.14	0	7
SCAF_608_region	14785	2033	0.14	0	7
SCAF_609	14742	669236	45.40	0	1653
SCAF_609_region	14742	669236	45.40	0	1653
SCAF_610	14738	5676	0.39	0	26
SCAF_610_region	14738	5676	0.39	0	26
SCAF_611	14737	3971	0.27	0	6
SCAF_611_region	14737	3971	0.27	0	6
SCAF_612	14712	1551590	105.46	0	529
SCAF_612_region	14712	1551590	105.46	0	529
SCAF_613	14708	4610	0.31	0	5
SCAF_613_region	14708	4610	0.31	0	5
SCAF_614	14694	1945	0.13	0	26
SCAF_614_region	14694	1945	0.13	0	26
SCAF_615	14684	3817	0.26	0	31
SCAF_615_region	14684	3817	0.26	0	31
SCAF_616	14676	1528	0.10	0	38
SCAF_616_region	14676	1528	0.10	0	38
SCAF_617	14662	1696	0.12	0	22
SCAF_617_region	14662	1696	0.12	0	22
SCAF_618	14658	5336	0.36	0	10
SCAF_618_region	14658	5336	0.36	0	10
SCAF_619	14650	77634	5.30	0	404
SCAF_619_region	14650	77634	5.30	0	404
SCAF_620	14639	1219	0.08	0	20
SCAF_620_region	14639	1219	0.08	0	20
SCAF_621	14614	107146	7.33	0	427
SCAF_621_region	14614	107146	7.33	0	427
SCAF_622	14596	5143	0.35	0	20
SCAF_622_region	14596	5143	0.35	0	20
SCAF_623	14590	5248	0.36	0	8
SCAF_623_region	14590	5248	0.36	0	8
SCAF_624	14581	1670	0.11	0	34
SCAF_624_region	14581	1670	0.11	0	34
SCAF_625	14547	1208	0.08	0	10
SCAF_625_region	14547	1208	0.08	0	10
SCAF_626	14527	5877	0.40	0	32
SCAF_626_region	14527	5877	0.40	0	32
SCAF_627	14523	3637	0.25	0	6
SCAF_627_region	14523	3637	0.25	0	6
SCAF_628	14498	3171	0.22	0	8
SCAF_628_region	14498	3171	0.22	0	8
SCAF_629	14453	3449	0.24	0	22
SCAF_629_region	14453	3449	0.24	0	22
SCAF_630	14414	6623	0.46	0	4
SCAF_630_region	14414	6623	0.46	0	4
SCAF_631	14395	2127	0.15	0	6
SCAF_631_region	14395	2127	0.15	0	6
SCAF_632	14385	2698	0.19	0	6
SCAF_632_region	14385	2698	0.19	0	6
SCAF_633	14371	1711	0.12	0	6
SCAF_633_region	14371	1711	0.12	0	6
SCAF_634	14371	2395	0.17	0	8
SCAF_634_region	14371	2395	0.17	0	8
SCAF_635	14280	66278	4.64	0	139
SCAF_635_region	14280	66278	4.64	0	139
SCAF_636	14276	3053	0.21	0	24
SCAF_636_region	14276	3053	0.21	0	24
SCAF_637	14236	3364	0.24	0	18
SCAF_637_region	14236	3364	0.24	0	18
SCAF_638	14229	6869	0.48	0	35
SCAF_638_region	14229	6869	0.48	0	35
SCAF_639	14202	789	0.06	0	5
SCAF_639_region	14202	789	0.06	0	5
SCAF_640	14111	1699	0.12	0	3
SCAF_640_region	14111	1699	0.12	0	3
SCAF_641	14088	3620	0.26	0	8
SCAF_641_region	14088	3620	0.26	0	8
SCAF_642	14005	5941	0.42	0	21
SCAF_642_region	14005	5941	0.42	0	21
SCAF_643	13977	2491861	178.28	0	3499
SCAF_643_region	13977	2491861	178.28	0	3499
SCAF_644	13890	1783	0.13	0	5
SCAF_644_region	13890	1783	0.13	0	5
SCAF_645	13875	7894	0.57	0	27
SCAF_645_region	13875	7894	0.57	0	27
SCAF_646	13874	9036	0.65	0	9
SCAF_646_region	13874	9036	0.65	0	9
SCAF_647	13848	2585	0.19	0	15
SCAF_647_region	13848	2585	0.19	0	15
SCAF_648	13847	3892	0.28	0	10
SCAF_648_region	13847	3892	0.28	0	10
SCAF_649	13838	2887	0.21	0	6
SCAF_649_region	13838	2887	0.21	0	6
SCAF_650	13812	3380	0.24	0	6
SCAF_650_region	13812	3380	0.24	0	6
SCAF_651	13758	6983	0.51	0	22
SCAF_651_region	13758	6983	0.51	0	22
SCAF_652	13727	2658	0.19	0	5
SCAF_652_region	13727	2658	0.19	0	5
SCAF_653	13703	4187	0.31	0	17
SCAF_653_region	13703	4187	0.31	0	17
SCAF_654	13701	686	0.05	0	6
SCAF_654_region	13701	686	0.05	0	6
SCAF_655	13677	3186	0.23	0	10
SCAF_655_region	13677	3186	0.23	0	10
SCAF_656	13622	6216	0.46	0	29
SCAF_656_region	13622	6216	0.46	0	29
SCAF_657	13584	1485	0.11	0	6
SCAF_657_region	13584	1485	0.11	0	6
SCAF_658	13583	4138	0.30	0	17
SCAF_658_region	13583	4138	0.30	0	17
SCAF_659	13535	6330	0.47	0	7
SCAF_659_region	13535	6330	0.47	0	7
SCAF_660	13535	333	0.02	0	4
SCAF_660_region	13535	333	0.02	0	4
SCAF_661	13499	3558	0.26	0	21
SCAF_661_region	13499	3558	0.26	0	21
SCAF_662	13464	1654	0.12	0	5
SCAF_662_region	13464	1654	0.12	0	5
SCAF_663	13438	2210	0.16	0	17
SCAF_663_region	13438	2210	0.16	0	17
SCAF_664	13385	1912213	142.86	0	805
SCAF_664_region	13385	1912213	142.86	0	805
SCAF_665	13357	1053	0.08	0	24
SCAF_665_region	13357	1053	0.08	0	24
SCAF_666	13330	3330	0.25	0	4
SCAF_666_region	13330	3330	0.25	0	4
SCAF_667	13327	4179	0.31	0	29
SCAF_667_region	13327	4179	0.31	0	29
SCAF_668	13319	3337	0.25	0	4
SCAF_668_region	13319	3337	0.25	0	4
SCAF_669	13303	5540	0.42	0	32
SCAF_669_region	13303	5540	0.42	0	32
SCAF_670	13293	6725	0.51	0	7
SCAF_670_region	13293	6725	0.51	0	7
SCAF_671	13288	4836	0.36	0	8
SCAF_671_region	13288	4836	0.36	0	8
SCAF_672	13266	1323	0.10	0	5
SCAF_672_region	13266	1323	0.10	0	5
SCAF_673	13189	10977	0.83	0	113
SCAF_673_region	13189	10977	0.83	0	113
SCAF_674	13149	4206	0.32	0	29
SCAF_674_region	13149	4206	0.32	0	29
SCAF_675	13128	7067	0.54	0	14
SCAF_675_region	13128	7067	0.54	0	14
SCAF_676	13120	2275	0.17	0	31
SCAF_676_region	13120	2275	0.17	0	31
SCAF_677	13080	45839	3.50	0	402
SCAF_677_region	13080	45839	3.50	0	402
SCAF_678	13050	814	0.06	0	2
SCAF_678_region	13050	814	0.06	0	2
SCAF_679	13043	3933	0.30	0	6
SCAF_679_region	13043	3933	0.30	0	6
SCAF_680	13008	2343	0.18	0	39
SCAF_680_region	13008	2343	0.18	0	39
SCAF_681	13001	3451	0.27	0	9
SCAF_681_region	13001	3451	0.27	0	9
SCAF_682	12997	2947	0.23	0	5
SCAF_682_region	12997	2947	0.23	0	5
SCAF_683	12986	3286	0.25	0	13
SCAF_683_region	12986	3286	0.25	0	13
SCAF_684	12871	2039	0.16	0	8
SCAF_684_region	12871	2039	0.16	0	8
SCAF_685	12842	3983	0.31	0	35
SCAF_685_region	12842	3983	0.31	0	35
SCAF_686	12830	2697	0.21	0	31
SCAF_686_region	12830	2697	0.21	0	31
SCAF_687	12781	4497	0.35	0	38
SCAF_687_region	12781	4497	0.35	0	38
SCAF_688	12768	8789	0.69	0	19
SCAF_688_region	12768	8789	0.69	0	19
SCAF_689	12768	4553	0.36	0	27
SCAF_689_region	12768	4553	0.36	0	27
SCAF_690	12764	3881	0.30	0	5
SCAF_690_region	12764	3881	0.30	0	5
SCAF_691	12677	3962	0.31	0	40
SCAF_691_region	12677	3962	0.31	0	40
SCAF_692	12675	1031	0.08	0	8
SCAF_692_region	12675	1031	0.08	0	8
SCAF_693	12651	1752	0.14	0	13
SCAF_693_region	12651	1752	0.14	0	13
SCAF_694	12646	4896	0.39	0	10
SCAF_694_region	12646	4896	0.39	0	10
SCAF_695	12643	8447	0.67	0	8
SCAF_695_region	12643	8447	0.67	0	8
SCAF_696	12633	4058	0.32	0	10
SCAF_696_region	12633	4058	0.32	0	10
SCAF_697	12625	3921	0.31	0	15
SCAF_697_region	12625	3921	0.31	0	15
SCAF_698	12617	4209	0.33	0	46
SCAF_698_region	12617	4209	0.33	0	46
SCAF_699	12540	2834	0.23	0	5
SCAF_699_region	12540	2834	0.23	0	5
SCAF_700	12515	1196	0.10	0	33
SCAF_700_region	12515	1196	0.10	0	33
SCAF_701	12482	1160	0.09	0	6
SCAF_701_region	12482	1160	0.09	0	6
SCAF_702	12461	6679	0.54	0	17
SCAF_702_region	12461	6679	0.54	0	17
SCAF_703	12456	3771	0.30	0	30
SCAF_703_region	12456	3771	0.30	0	30
SCAF_704	12456	1891	0.15	0	14
SCAF_704_region	12456	1891	0.15	0	14
SCAF_705	12358	2699	0.22	0	15
SCAF_705_region	12358	2699	0.22	0	15
SCAF_706	12350	6839	0.55	0	12
SCAF_706_region	12350	6839	0.55	0	12
SCAF_707	12343	2475	0.20	0	5
SCAF_707_region	12343	2475	0.20	0	5
SCAF_708	12333	758	0.06	0	5
SCAF_708_region	12333	758	0.06	0	5
SCAF_709	12319	2772183	225.03	0	1329
SCAF_709_region	12319	2772183	225.03	0	1329
SCAF_710	12288	2623	0.21	0	10
SCAF_710_region	12288	2623	0.21	0	10
SCAF_711	12252	6266	0.51	0	8
SCAF_711_region	12252	6266	0.51	0	8
SCAF_712	12218	99307	8.13	0	345
SCAF_712_region	12218	99307	8.13	0	345
SCAF_713	12177	3076	0.25	0	7
SCAF_713_region	12177	3076	0.25	0	7
SCAF_714	12167	1173	0.10	0	5
SCAF_714_region	12167	1173	0.10	0	5
SCAF_715	12163	2726	0.22	0	20
SCAF_715_region	12163	2726	0.22	0	20
SCAF_716	12143	3510	0.29	0	8
SCAF_716_region	12143	3510	0.29	0	8
SCAF_717	12102	2261	0.19	0	29
SCAF_717_region	12102	2261	0.19	0	29
SCAF_718	12099	7242	0.60	0	5
SCAF_718_region	12099	7242	0.60	0	5
SCAF_719	12095	3186	0.26	0	35
SCAF_719_region	12095	3186	0.26	0	35
SCAF_720	12085	2188	0.18	0	6
SCAF_720_region	12085	2188	0.18	0	6
SCAF_721	12078	2427	0.20	0	4
SCAF_721_region	12078	2427	0.20	0	4
SCAF_722	12066	609	0.05	0	3
SCAF_722_region	12066	609	0.05	0	3
SCAF_723	12015	8578	0.71	0	45
SCAF_723_region	12015	8578	0.71	0	45
SCAF_724	12004	542	0.05	0	6
SCAF_724_region	12004	542	0.05	0	6
SCAF_725	11949	3762	0.31	0	39
SCAF_725_region	11949	3762	0.31	0	39
SCAF_726	11911	630	0.05	0	2
SCAF_726_region	11911	630	0.05	0	2
SCAF_727	11900	1802	0.15	0	35
SCAF_727_region	11900	1802	0.15	0	35
SCAF_728	11869	4184	0.35	0	17
SCAF_728_region	11869	4184	0.35	0	17
SCAF_729	11788	5528	0.47	0	11
SCAF_729_region	11788	5528	0.47	0	11
SCAF_730	11785	1276	0.11	0	6
SCAF_730_region	11785	1276	0.11	0	6
SCAF_731	11750	3152	0.27	0	25
SCAF_731_region	11750	3152	0.27	0	25
SCAF_732	11699	2551	0.22	0	52
SCAF_732_region	11699	2551	0.22	0	52
SCAF_733	11674	8827	0.76	0	410
SCAF_733_region	11674	8827	0.76	0	410
SCAF_734	11658	6398	0.55	0	15
SCAF_734_region	11658	6398	0.55	0	15
SCAF_735	11648	5515	0.47	0	9
SCAF_735_region	11648	5515	0.47	0	9
SCAF_736	11642	4238	0.36	0	13
SCAF_736_region	11642	4238	0.36	0	13
SCAF_737	11612	828	0.07	0	4
SCAF_737_region	11612	828	0.07	0	4
SCAF_738	11595	767	0.07	0	16
SCAF_738_region	11595	767	0.07	0	16
SCAF_739	11525	12090	1.05	0	89
SCAF_739_region	11525	12090	1.05	0	89
SCAF_740	11505	7305	0.63	0	29
SCAF_740_region	11505	7305	0.63	0	29
SCAF_741	11492	1279	0.11	0	14
SCAF_741_region	11492	1279	0.11	0	14
SCAF_742	11467	5195280	453.06	0	1907
SCAF_742_region	11467	5195280	453.06	0	1907
SCAF_743	11404	629	0.06	0	6
SCAF_743_region	11404	629	0.06	0	6
SCAF_744	11377	540	0.05	0	2
SCAF_744_region	11377	540	0.05	0	2
SCAF_745	11364	3792	0.33	0	32
SCAF_745_region	11364	3792	0.33	0	32
SCAF_746	11318	965	0.09	0	13
SCAF_746_region	11318	965	0.09	0	13
SCAF_747	11311	74556	6.59	0	305
SCAF_747_region	11311	74556	6.59	0	305
SCAF_748	11306	2908	0.26	0	5
SCAF_748_region	11306	2908	0.26	0	5
SCAF_749	11299	2098	0.19	0	5
SCAF_749_region	11299	2098	0.19	0	5
SCAF_750	11284	2393	0.21	0	8
SCAF_750_region	11284	2393	0.21	0	8
SCAF_751	11276	1701	0.15	0	6
SCAF_751_region	11276	1701	0.15	0	6
SCAF_752	11267	2527	0.22	0	21
SCAF_752_region	11267	2527	0.22	0	21
SCAF_753	11254	3660	0.33	0	6
SCAF_753_region	11254	3660	0.33	0	6
SCAF_754	11236	3741	0.33	0	9
SCAF_754_region	11236	3741	0.33	0	9
SCAF_755	11231	1211	0.11	0	7
SCAF_755_region	11231	1211	0.11	0	7
SCAF_756	11200	5640	0.50	0	25
SCAF_756_region	11200	5640	0.50	0	25
SCAF_757	11195	2575	0.23	0	4
SCAF_757_region	11195	2575	0.23	0	4
SCAF_758	11126	2024	0.18	0	30
SCAF_758_region	11126	2024	0.18	0	30
SCAF_759	11118	2255	0.20	0	9
SCAF_759_region	11118	2255	0.20	0	9
SCAF_760	11100	2022	0.18	0	49
SCAF_760_region	11100	2022	0.18	0	49
SCAF_761	11097	5087	0.46	0	24
SCAF_761_region	11097	5087	0.46	0	24
SCAF_762	11029	548	0.05	0	6
SCAF_762_region	11029	548	0.05	0	6
SCAF_763	11019	1757	0.16	0	4
SCAF_763_region	11019	1757	0.16	0	4
SCAF_764	10979	35254	3.21	0	174
SCAF_764_region	10979	35254	3.21	0	174
SCAF_765	10957	396	0.04	0	3
SCAF_765_region	10957	396	0.04	0	3
SCAF_766	10940	4753	0.43	0	11
SCAF_766_region	10940	4753	0.43	0	11
SCAF_767	10913	1375	0.13	0	18
SCAF_767_region	10913	1375	0.13	0	18
SCAF_768	10886	1193	0.11	0	15
SCAF_768_region	10886	1193	0.11	0	15
SCAF_769	10867	2338	0.22	0	19
SCAF_769_region	10867	2338	0.22	0	19
SCAF_770	10816	620	0.06	0	3
SCAF_770_region	10816	620	0.06	0	3
SCAF_771	10810	689	0.06	0	5
SCAF_771_region	10810	689	0.06	0	5
SCAF_772	10709	2731	0.26	0	9
SCAF_772_region	10709	2731	0.26	0	9
SCAF_773	10688	63116	5.91	0	126
SCAF_773_region	10688	63116	5.91	0	126
SCAF_774	10648	3026	0.28	0	7
SCAF_774_region	10648	3026	0.28	0	7
SCAF_775	10642	1373	0.13	0	8
SCAF_775_region	10642	1373	0.13	0	8
SCAF_776	10612	2994	0.28	0	21
SCAF_776_region	10612	2994	0.28	0	21
SCAF_777	10608	5532	0.52	0	7
SCAF_777_region	10608	5532	0.52	0	7
SCAF_778	10604	3672	0.35	0	9
SCAF_778_region	10604	3672	0.35	0	9
SCAF_779	10578	2441	0.23	0	42
SCAF_779_region	10578	2441	0.23	0	42
SCAF_780	10571	429	0.04	0	3
SCAF_780_region	10571	429	0.04	0	3
SCAF_781	10511	927	0.09	0	3
SCAF_781_region	10511	927	0.09	0	3
SCAF_782	10492	896	0.09	0	23
SCAF_782_region	10492	896	0.09	0	23
SCAF_783	10421	4410	0.42	0	6
SCAF_783_region	10421	4410	0.42	0	6
SCAF_784	10379	3410	0.33	0	5
SCAF_784_region	10379	3410	0.33	0	5
SCAF_785	10337	5743	0.56	0	28
SCAF_785_region	10337	5743	0.56	0	28
SCAF_786	10326	3147	0.30	0	14
SCAF_786_region	10326	3147	0.30	0	14
SCAF_787	10326	2002	0.19	0	7
SCAF_787_region	10326	2002	0.19	0	7
SCAF_788	10316	1315	0.13	0	5
SCAF_788_region	10316	1315	0.13	0	5
SCAF_789	10256	157	0.02	0	1
SCAF_789_region	10256	157	0.02	0	1
SCAF_790	10228	855	0.08	0	2
SCAF_790_region	10228	855	0.08	0	2
SCAF_791	10185	4922	0.48	0	41
SCAF_791_region	10185	4922	0.48	0	41
SCAF_792	10184	2379	0.23	0	8
SCAF_792_region	10184	2379	0.23	0	8
SCAF_793	10160	1201	0.12	0	7
SCAF_793_region	10160	1201	0.12	0	7
SCAF_794	10147	1979	0.20	0	26
SCAF_794_region	10147	1979	0.20	0	26
SCAF_795	10110	1709	0.17	0	7
SCAF_795_region	10110	1709	0.17	0	7
SCAF_796	10045	584	0.06	0	4
SCAF_796_region	10045	584	0.06	0	4
SCAF_797	10015	12873	1.29	0	30
SCAF_797_region	10015	12873	1.29	0	30
SCAF_798	10012	7695	0.77	0	30
SCAF_798_region	10012	7695	0.77	0	30
SCAF_799	9978	2590	0.26	0	4
SCAF_799_region	9978	2590	0.26	0	4
SCAF_800	9947	41089	4.13	0	187
SCAF_800_region	9947	41089	4.13	0	187
SCAF_801	9941	1902	0.19	0	7
SCAF_801_region	9941	1902	0.19	0	7
SCAF_802	9910	309	0.03	0	3
SCAF_802_region	9910	309	0.03	0	3
SCAF_803	9879	2838	0.29	0	32
SCAF_803_region	9879	2838	0.29	0	32
SCAF_804	9861	981	0.10	0	4
SCAF_804_region	9861	981	0.10	0	4
SCAF_805	9859	1035	0.10	0	14
SCAF_805_region	9859	1035	0.10	0	14
SCAF_806	9855	2703	0.27	0	4
SCAF_806_region	9855	2703	0.27	0	4
SCAF_807	9792	2103	0.21	0	4
SCAF_807_region	9792	2103	0.21	0	4
SCAF_808	9784	2245	0.23	0	7
SCAF_808_region	9784	2245	0.23	0	7
SCAF_809	9773	1032	0.11	0	4
SCAF_809_region	9773	1032	0.11	0	4
SCAF_810	9756	429	0.04	0	3
SCAF_810_region	9756	429	0.04	0	3
SCAF_811	9753	4936	0.51	0	32
SCAF_811_region	9753	4936	0.51	0	32
SCAF_812	9719	1267	0.13	0	3
SCAF_812_region	9719	1267	0.13	0	3
SCAF_813	9715	2097	0.22	0	31
SCAF_813_region	9715	2097	0.22	0	31
SCAF_814	9708	3920	0.40	0	58
SCAF_814_region	9708	3920	0.40	0	58
SCAF_815	9700	3613	0.37	0	33
SCAF_815_region	9700	3613	0.37	0	33
SCAF_816	9673	2195	0.23	0	51
SCAF_816_region	9673	2195	0.23	0	51
SCAF_817	9638	5949	0.62	0	52
SCAF_817_region	9638	5949	0.62	0	52
SCAF_818	9601	10462	1.09	0	15
SCAF_818_region	9601	10462	1.09	0	15
SCAF_819	9601	2376	0.25	0	6
SCAF_819_region	9601	2376	0.25	0	6
SCAF_820	9550	454057	47.55	0	105
SCAF_820_region	9550	454057	47.55	0	105
SCAF_821	9533	4521	0.47	0	13
SCAF_821_region	9533	4521	0.47	0	13
SCAF_822	9498	2726	0.29	0	8
SCAF_822_region	9498	2726	0.29	0	8
SCAF_823	9466	2069737	218.65	0	641
SCAF_823_region	9466	2069737	218.65	0	641
SCAF_824	9457	2734	0.29	0	72
SCAF_824_region	9457	2734	0.29	0	72
SCAF_825	9446	763	0.08	0	4
SCAF_825_region	9446	763	0.08	0	4
SCAF_826	9385	2213	0.24	0	5
SCAF_826_region	9385	2213	0.24	0	5
SCAF_827	9376	1609	0.17	0	2
SCAF_827_region	9376	1609	0.17	0	2
SCAF_828	9365	541	0.06	0	4
SCAF_828_region	9365	541	0.06	0	4
SCAF_829	9320	1799	0.19	0	5
SCAF_829_region	9320	1799	0.19	0	5
SCAF_830	9303	2240	0.24	0	27
SCAF_830_region	9303	2240	0.24	0	27
SCAF_831	9295	1255	0.14	0	15
SCAF_831_region	9295	1255	0.14	0	15
SCAF_832	9282	3848	0.41	0	10
SCAF_832_region	9282	3848	0.41	0	10
SCAF_833	9263	1814	0.20	0	51
SCAF_833_region	9263	1814	0.20	0	51
SCAF_834	9159	309247	33.76	0	2753
SCAF_834_region	9159	309247	33.76	0	2753
SCAF_835	9159	4097	0.45	0	21
SCAF_835_region	9159	4097	0.45	0	21
SCAF_836	9157	2921	0.32	0	3
SCAF_836_region	9157	2921	0.32	0	3
SCAF_837	9095	1127	0.12	0	13
SCAF_837_region	9095	1127	0.12	0	13
SCAF_838	9078	1854	0.20	0	3
SCAF_838_region	9078	1854	0.20	0	3
SCAF_839	9057	2353	0.26	0	4
SCAF_839_region	9057	2353	0.26	0	4
SCAF_840	9014	1816	0.20	0	21
SCAF_840_region	9014	1816	0.20	0	21
SCAF_841	8986	4266	0.47	0	36
SCAF_841_region	8986	4266	0.47	0	36
SCAF_842	8986	1663	0.19	0	14
SCAF_842_region	8986	1663	0.19	0	14
SCAF_843	8952	352	0.04	0	4
SCAF_843_region	8952	352	0.04	0	4
SCAF_844	8935	875689	98.01	0	5024
SCAF_844_region	8935	875689	98.01	0	5024
SCAF_845	8927	6422	0.72	0	11
SCAF_845_region	8927	6422	0.72	0	11
SCAF_846	8908	42508	4.77	0	120
SCAF_846_region	8908	42508	4.77	0	120
SCAF_847	8868	2870	0.32	0	5
SCAF_847_region	8868	2870	0.32	0	5
SCAF_848	8867	355	0.04	0	3
SCAF_848_region	8867	355	0.04	0	3
SCAF_849	8825	2870	0.33	0	4
SCAF_849_region	8825	2870	0.33	0	4
SCAF_850	8771	2476	0.28	0	6
SCAF_850_region	8771	2476	0.28	0	6
SCAF_851	8703	3223	0.37	0	6
SCAF_851_region	8703	3223	0.37	0	6
SCAF_852	8695	639	0.07	0	5
SCAF_852_region	8695	639	0.07	0	5
SCAF_853	8662	77	0.01	0	1
SCAF_853_region	8662	77	0.01	0	1
SCAF_854	8634	1539	0.18	0	39
SCAF_854_region	8634	1539	0.18	0	39
SCAF_855	8630	538	0.06	0	3
SCAF_855_region	8630	538	0.06	0	3
SCAF_856	8617	2268484	263.26	0	1095
SCAF_856_region	8617	2268484	263.26	0	1095
SCAF_857	8469	4021	0.47	0	6
SCAF_857_region	8469	4021	0.47	0	6
SCAF_858	8431	231	0.03	0	2
SCAF_858_region	8431	231	0.03	0	2
SCAF_859	8397	1792	0.21	0	6
SCAF_859_region	8397	1792	0.21	0	6
SCAF_860	8390	2500	0.30	0	7
SCAF_860_region	8390	2500	0.30	0	7
SCAF_861	8357	477	0.06	0	2
SCAF_861_region	8357	477	0.06	0	2
SCAF_862	8342	759812	91.08	0	5010
SCAF_862_region	8342	759812	91.08	0	5010
SCAF_863	8337	1536	0.18	0	48
SCAF_863_region	8337	1536	0.18	0	48
SCAF_864	8258	2503	0.30	0	48
SCAF_864_region	8258	2503	0.30	0	48
SCAF_865	8103	517	0.06	0	3
SCAF_865_region	8103	517	0.06	0	3
SCAF_866	8034	1505	0.19	0	38
SCAF_866_region	8034	1505	0.19	0	38
SCAF_867	8027	4476	0.56	0	8
SCAF_867_region	8027	4476	0.56	0	8
SCAF_868	8017	1438	0.18	0	6
SCAF_868_region	8017	1438	0.18	0	6
SCAF_869	8015	1193	0.15	0	28
SCAF_869_region	8015	1193	0.15	0	28
SCAF_870	8015	2713	0.34	0	8
SCAF_870_region	8015	2713	0.34	0	8
SCAF_871	8000	1300	0.16	0	26
SCAF_871_region	8000	1300	0.16	0	26
SCAF_872	7790	1952	0.25	0	5
SCAF_872_region	7790	1952	0.25	0	5
SCAF_873	7773	557	0.07	0	10
SCAF_873_region	7773	557	0.07	0	10
SCAF_874	7763	836	0.11	0	3
SCAF_874_region	7763	836	0.11	0	3
SCAF_875	7721	828	0.11	0	3
SCAF_875_region	7721	828	0.11	0	3
SCAF_876	7701	1156	0.15	0	3
SCAF_876_region	7701	1156	0.15	0	3
SCAF_877	7680	604	0.08	0	5
SCAF_877_region	7680	604	0.08	0	5
SCAF_878	7622	4437	0.58	0	62
SCAF_878_region	7622	4437	0.58	0	62
SCAF_879	7582	2029	0.27	0	31
SCAF_879_region	7582	2029	0.27	0	31
SCAF_880	7559	1574	0.21	0	13
SCAF_880_region	7559	1574	0.21	0	13
SCAF_881	7416	113141	15.26	0	195
SCAF_881_region	7416	113141	15.26	0	195
SCAF_882	7394	1182	0.16	0	3
SCAF_882_region	7394	1182	0.16	0	3
SCAF_883	7363	2114	0.29	0	6
SCAF_883_region	7363	2114	0.29	0	6
SCAF_884	7338	1933	0.26	0	3
SCAF_884_region	7338	1933	0.26	0	3
SCAF_885	7324	611	0.08	0	3
SCAF_885_region	7324	611	0.08	0	3
SCAF_886	7276	318	0.04	0	1
SCAF_886_region	7276	318	0.04	0	1
SCAF_887	7242	539	0.07	0	7
SCAF_887_region	7242	539	0.07	0	7
SCAF_888	7231	908	0.13	0	2
SCAF_888_region	7231	908	0.13	0	2
SCAF_889	7198	236	0.03	0	1
SCAF_889_region	7198	236	0.03	0	1
SCAF_890	7142	1287	0.18	0	6
SCAF_890_region	7142	1287	0.18	0	6
SCAF_891	7028	1694	0.24	0	10
SCAF_891_region	7028	1694	0.24	0	10
SCAF_892	7025	2057	0.29	0	3
SCAF_892_region	7025	2057	0.29	0	3
SCAF_893	7015	931	0.13	0	3
SCAF_893_region	7015	931	0.13	0	3
SCAF_894	6958	3081	0.44	0	6
SCAF_894_region	6958	3081	0.44	0	6
SCAF_895	6948	1747	0.25	0	30
SCAF_895_region	6948	1747	0.25	0	30
SCAF_896	6829	1068153	156.41	0	591
SCAF_896_region	6829	1068153	156.41	0	591
SCAF_897	6804	1259	0.19	0	5
SCAF_897_region	6804	1259	0.19	0	5
SCAF_898	6754	2356120	348.85	0	4858
SCAF_898_region	6754	2356120	348.85	0	4858
SCAF_899	6732	2710	0.40	0	58
SCAF_899_region	6732	2710	0.40	0	58
SCAF_900	6698	1224	0.18	0	5
SCAF_900_region	6698	1224	0.18	0	5
SCAF_901	6642	1234	0.19	0	3
SCAF_901_region	6642	1234	0.19	0	3
SCAF_902	6588	1074	0.16	0	16
SCAF_902_region	6588	1074	0.16	0	16
SCAF_903	6549	1875	0.29	0	5
SCAF_903_region	6549	1875	0.29	0	5
SCAF_904	6496	3748	0.58	0	6
SCAF_904_region	6496	3748	0.58	0	6
SCAF_905	6483	250	0.04	0	4
SCAF_905_region	6483	250	0.04	0	4
SCAF_906	6367	1292	0.20	0	40
SCAF_906_region	6367	1292	0.20	0	40
SCAF_907	6367	788	0.12	0	11
SCAF_907_region	6367	788	0.12	0	11
SCAF_908	6228	373757	60.01	0	367
SCAF_908_region	6228	373757	60.01	0	367
SCAF_909	6173	1706	0.28	0	3
SCAF_909_region	6173	1706	0.28	0	3
SCAF_910	6170	1321	0.21	0	47
SCAF_910_region	6170	1321	0.21	0	47
SCAF_911	6077	2516	0.41	0	46
SCAF_911_region	6077	2516	0.41	0	46
SCAF_912	6073	2410	0.40	0	4
SCAF_912_region	6073	2410	0.40	0	4
SCAF_913	6059	2512459	414.67	0	4516
SCAF_913_region	6059	2512459	414.67	0	4516
SCAF_914	6001	2512	0.42	0	6
SCAF_914_region	6001	2512	0.42	0	6
SCAF_915	5869	38432	6.55	0	136
SCAF_915_region	5869	38432	6.55	0	136
SCAF_916	5803	3764	0.65	0	40
SCAF_916_region	5803	3764	0.65	0	40
SCAF_917	5661	2021	0.36	0	5
SCAF_917_region	5661	2021	0.36	0	5
SCAF_918	5277	2303	0.44	0	7
SCAF_918_region	5277	2303	0.44	0	7
total	51514314	2823265890	54.81	0	282377
total_region	51514314	2823265890	54.81	0	282377
