chrom	length	bases	mean	min	max
SCAF_1	5574741	567316157	101.77	0	9418
SCAF_1_region	5574741	567316157	101.77	0	9418
SCAF_2	4079479	438895028	107.59	0	5853
SCAF_2_region	4079479	438895028	107.59	0	5853
SCAF_3	3666439	367519418	100.24	0	5826
SCAF_3_region	3666439	367519418	100.24	0	5826
SCAF_4	2601389	303965028	116.85	0	5603
SCAF_4_region	2601389	303965028	116.85	0	5603
SCAF_5	2032088	207014758	101.87	0	5421
SCAF_5_region	2032088	207014758	101.87	0	5421
SCAF_6	1976889	217918996	110.23	0	4869
SCAF_6_region	1976889	217918996	110.23	0	4869
SCAF_7	1932263	199963438	103.49	0	8152
SCAF_7_region	1932263	199963438	103.49	0	8152
SCAF_8	1669080	153136844	91.75	0	2319
SCAF_8_region	1669080	153136844	91.75	0	2319
SCAF_9	1646134	163219414	99.15	0	2958
SCAF_9_region	1646134	163219414	99.15	0	2958
SCAF_10	1570817	159299660	101.41	0	4375
SCAF_10_region	1570817	159299660	101.41	0	4375
SCAF_11	1437752	157367744	109.45	0	2155
SCAF_11_region	1437752	157367744	109.45	0	2155
SCAF_12	978195	114375862	116.93	0	193759
SCAF_12_region	978195	114375862	116.93	0	193759
SCAF_13	598471	8277336	13.83	0	3860
SCAF_13_region	598471	8277336	13.83	0	3860
SCAF_14	247525	98841187	399.32	0	7094
SCAF_14_region	247525	98841187	399.32	0	7094
SCAF_15	224905	84840	0.38	0	37
SCAF_15_region	224905	84840	0.38	0	37
SCAF_16	181804	1810640	9.96	0	6921
SCAF_16_region	181804	1810640	9.96	0	6921
SCAF_17	176395	37573	0.21	0	32
SCAF_17_region	176395	37573	0.21	0	32
SCAF_18	160122	32284	0.20	0	28
SCAF_18_region	160122	32284	0.20	0	28
SCAF_19	139354	12004	0.09	0	21
SCAF_19_region	139354	12004	0.09	0	21
SCAF_20	131876	28967	0.22	0	18
SCAF_20_region	131876	28967	0.22	0	18
SCAF_21	130124	72036	0.55	0	44
SCAF_21_region	130124	72036	0.55	0	44
SCAF_22	121580	24682	0.20	0	29
SCAF_22_region	121580	24682	0.20	0	29
SCAF_23	117381	27621	0.24	0	11
SCAF_23_region	117381	27621	0.24	0	11
SCAF_24	115879	20249	0.17	0	19
SCAF_24_region	115879	20249	0.17	0	19
SCAF_25	115495	32320	0.28	0	36
SCAF_25_region	115495	32320	0.28	0	36
SCAF_26	113072	24367	0.22	0	17
SCAF_26_region	113072	24367	0.22	0	17
SCAF_27	110609	4863064	43.97	0	2081
SCAF_27_region	110609	4863064	43.97	0	2081
SCAF_28	109542	20987	0.19	0	31
SCAF_28_region	109542	20987	0.19	0	31
SCAF_29	108319	9382917	86.62	0	1674
SCAF_29_region	108319	9382917	86.62	0	1674
SCAF_30	107902	753704	6.99	0	784
SCAF_30_region	107902	753704	6.99	0	784
SCAF_31	106626	450499	4.23	0	1391
SCAF_31_region	106626	450499	4.23	0	1391
SCAF_32	102192	1276583	12.49	0	3903
SCAF_32_region	102192	1276583	12.49	0	3903
SCAF_33	98221	49137	0.50	0	20
SCAF_33_region	98221	49137	0.50	0	20
SCAF_34	97882	30936	0.32	0	31
SCAF_34_region	97882	30936	0.32	0	31
SCAF_35	95705	36096	0.38	0	37
SCAF_35_region	95705	36096	0.38	0	37
SCAF_36	94431	20734	0.22	0	20
SCAF_36_region	94431	20734	0.22	0	20
SCAF_37	92851	12561	0.14	0	17
SCAF_37_region	92851	12561	0.14	0	17
SCAF_38	89142	60100	0.67	0	33
SCAF_38_region	89142	60100	0.67	0	33
SCAF_39	88257	14113	0.16	0	25
SCAF_39_region	88257	14113	0.16	0	25
SCAF_40	85354	56138	0.66	0	32
SCAF_40_region	85354	56138	0.66	0	32
SCAF_41	82239	21877	0.27	0	23
SCAF_41_region	82239	21877	0.27	0	23
SCAF_42	77162	33001	0.43	0	38
SCAF_42_region	77162	33001	0.43	0	38
SCAF_43	76714	25751	0.34	0	24
SCAF_43_region	76714	25751	0.34	0	24
SCAF_44	76272	109342	1.43	0	460
SCAF_44_region	76272	109342	1.43	0	460
SCAF_45	73110	12986	0.18	0	36
SCAF_45_region	73110	12986	0.18	0	36
SCAF_46	72118	48650	0.67	0	26
SCAF_46_region	72118	48650	0.67	0	26
SCAF_47	70166	14929	0.21	0	23
SCAF_47_region	70166	14929	0.21	0	23
SCAF_48	69627	50613	0.73	0	24
SCAF_48_region	69627	50613	0.73	0	24
SCAF_49	69624	404014	5.80	0	751
SCAF_49_region	69624	404014	5.80	0	751
SCAF_50	68258	30261	0.44	0	23
SCAF_50_region	68258	30261	0.44	0	23
SCAF_51	66966	7130	0.11	0	23
SCAF_51_region	66966	7130	0.11	0	23
SCAF_52	66855	21530	0.32	0	28
SCAF_52_region	66855	21530	0.32	0	28
SCAF_53	65552	11714	0.18	0	27
SCAF_53_region	65552	11714	0.18	0	27
SCAF_54	65267	9244	0.14	0	27
SCAF_54_region	65267	9244	0.14	0	27
SCAF_55	65114	8155	0.13	0	9
SCAF_55_region	65114	8155	0.13	0	9
SCAF_56	62812	7350	0.12	0	27
SCAF_56_region	62812	7350	0.12	0	27
SCAF_57	62187	4983	0.08	0	66
SCAF_57_region	62187	4983	0.08	0	66
SCAF_58	61544	26870	0.44	0	49
SCAF_58_region	61544	26870	0.44	0	49
SCAF_59	61533	11909	0.19	0	35
SCAF_59_region	61533	11909	0.19	0	35
SCAF_60	61411	1385531	22.56	0	1902
SCAF_60_region	61411	1385531	22.56	0	1902
SCAF_61	61115	46328	0.76	0	32
SCAF_61_region	61115	46328	0.76	0	32
SCAF_62	59972	754874	12.59	0	2383
SCAF_62_region	59972	754874	12.59	0	2383
SCAF_63	59743	17706	0.30	0	62
SCAF_63_region	59743	17706	0.30	0	62
SCAF_64	58841	119032	2.02	0	239
SCAF_64_region	58841	119032	2.02	0	239
SCAF_65	58838	6164	0.10	0	29
SCAF_65_region	58838	6164	0.10	0	29
SCAF_66	58483	78559	1.34	0	198
SCAF_66_region	58483	78559	1.34	0	198
SCAF_67	57162	11773	0.21	0	32
SCAF_67_region	57162	11773	0.21	0	32
SCAF_68	56404	229177	4.06	0	215
SCAF_68_region	56404	229177	4.06	0	215
SCAF_69	55942	4798	0.09	0	29
SCAF_69_region	55942	4798	0.09	0	29
SCAF_70	55722	33571	0.60	0	26
SCAF_70_region	55722	33571	0.60	0	26
SCAF_71	55604	21511	0.39	0	35
SCAF_71_region	55604	21511	0.39	0	35
SCAF_72	54709	7001	0.13	0	28
SCAF_72_region	54709	7001	0.13	0	28
SCAF_73	52157	3205	0.06	0	7
SCAF_73_region	52157	3205	0.06	0	7
SCAF_74	52077	9743	0.19	0	12
SCAF_74_region	52077	9743	0.19	0	12
SCAF_75	51185	4414	0.09	0	6
SCAF_75_region	51185	4414	0.09	0	6
SCAF_76	50428	5462830	108.33	0	2831
SCAF_76_region	50428	5462830	108.33	0	2831
SCAF_77	50384	1851	0.04	0	3
SCAF_77_region	50384	1851	0.04	0	3
SCAF_78	49366	39262	0.80	0	22
SCAF_78_region	49366	39262	0.80	0	22
SCAF_79	49160	8279	0.17	0	10
SCAF_79_region	49160	8279	0.17	0	10
SCAF_80	48966	28384	0.58	0	26
SCAF_80_region	48966	28384	0.58	0	26
SCAF_81	48848	10800	0.22	0	40
SCAF_81_region	48848	10800	0.22	0	40
SCAF_82	48542	19462	0.40	0	25
SCAF_82_region	48542	19462	0.40	0	25
SCAF_83	48542	3918	0.08	0	8
SCAF_83_region	48542	3918	0.08	0	8
SCAF_84	47775	4954	0.10	0	10
SCAF_84_region	47775	4954	0.10	0	10
SCAF_85	47318	63686	1.35	0	52
SCAF_85_region	47318	63686	1.35	0	52
SCAF_86	46994	31525	0.67	0	27
SCAF_86_region	46994	31525	0.67	0	27
SCAF_87	46805	5355	0.11	0	5
SCAF_87_region	46805	5355	0.11	0	5
SCAF_88	46738	7488	0.16	0	15
SCAF_88_region	46738	7488	0.16	0	15
SCAF_89	46547	22379	0.48	0	14
SCAF_89_region	46547	22379	0.48	0	14
SCAF_90	46221	13289	0.29	0	9
SCAF_90_region	46221	13289	0.29	0	9
SCAF_91	44916	27352	0.61	0	15
SCAF_91_region	44916	27352	0.61	0	15
SCAF_92	44616	11526360	258.35	0	1461
SCAF_92_region	44616	11526360	258.35	0	1461
SCAF_93	44136	5559	0.13	0	7
SCAF_93_region	44136	5559	0.13	0	7
SCAF_94	43913	8285	0.19	0	25
SCAF_94_region	43913	8285	0.19	0	25
SCAF_95	43808	29837	0.68	0	26
SCAF_95_region	43808	29837	0.68	0	26
SCAF_96	43342	4634	0.11	0	18
SCAF_96_region	43342	4634	0.11	0	18
SCAF_97	43038	11698074	271.81	0	5513
SCAF_97_region	43038	11698074	271.81	0	5513
SCAF_98	42896	8431	0.20	0	16
SCAF_98_region	42896	8431	0.20	0	16
SCAF_99	42178	13093	0.31	0	24
SCAF_99_region	42178	13093	0.31	0	24
SCAF_100	41993	6928	0.16	0	13
SCAF_100_region	41993	6928	0.16	0	13
SCAF_101	41585	18728	0.45	0	31
SCAF_101_region	41585	18728	0.45	0	31
SCAF_102	41267	10402013	252.07	0	695
SCAF_102_region	41267	10402013	252.07	0	695
SCAF_103	41164	1484	0.04	0	3
SCAF_103_region	41164	1484	0.04	0	3
SCAF_104	40984	2251	0.05	0	5
SCAF_104_region	40984	2251	0.05	0	5
SCAF_105	40971	2928	0.07	0	4
SCAF_105_region	40971	2928	0.07	0	4
SCAF_106	40689	14611	0.36	0	28
SCAF_106_region	40689	14611	0.36	0	28
SCAF_107	40038	3841	0.10	0	20
SCAF_107_region	40038	3841	0.10	0	20
SCAF_108	39998	2914	0.07	0	16
SCAF_108_region	39998	2914	0.07	0	16
SCAF_109	39904	15459	0.39	0	32
SCAF_109_region	39904	15459	0.39	0	32
SCAF_110	39605	5764	0.15	0	30
SCAF_110_region	39605	5764	0.15	0	30
SCAF_111	39279	5987	0.15	0	22
SCAF_111_region	39279	5987	0.15	0	22
SCAF_112	39164	10393531	265.38	0	804
SCAF_112_region	39164	10393531	265.38	0	804
SCAF_113	39049	8666	0.22	0	29
SCAF_113_region	39049	8666	0.22	0	29
SCAF_114	38983	8410	0.22	0	5
SCAF_114_region	38983	8410	0.22	0	5
SCAF_115	38824	2099857	54.09	0	3677
SCAF_115_region	38824	2099857	54.09	0	3677
SCAF_116	37823	3068	0.08	0	27
SCAF_116_region	37823	3068	0.08	0	27
SCAF_117	37728	10547073	279.56	0	4725
SCAF_117_region	37728	10547073	279.56	0	4725
SCAF_118	37705	18770	0.50	0	7
SCAF_118_region	37705	18770	0.50	0	7
SCAF_119	37514	8057	0.21	0	16
SCAF_119_region	37514	8057	0.21	0	16
SCAF_120	37456	8123232	216.87	0	3209
SCAF_120_region	37456	8123232	216.87	0	3209
SCAF_121	37441	7694060	205.50	0	1996
SCAF_121_region	37441	7694060	205.50	0	1996
SCAF_122	37347	388198	10.39	0	411
SCAF_122_region	37347	388198	10.39	0	411
SCAF_123	37222	4019	0.11	0	28
SCAF_123_region	37222	4019	0.11	0	28
SCAF_124	36961	133074	3.60	0	431
SCAF_124_region	36961	133074	3.60	0	431
SCAF_125	36710	2688	0.07	0	5
SCAF_125_region	36710	2688	0.07	0	5
SCAF_126	36614	6920	0.19	0	12
SCAF_126_region	36614	6920	0.19	0	12
SCAF_127	36584	11666	0.32	0	9
SCAF_127_region	36584	11666	0.32	0	9
SCAF_128	36068	34004	0.94	0	14
SCAF_128_region	36068	34004	0.94	0	14
SCAF_129	35972	14262	0.40	0	35
SCAF_129_region	35972	14262	0.40	0	35
SCAF_130	35925	12517	0.35	0	12
SCAF_130_region	35925	12517	0.35	0	12
SCAF_131	35704	1705	0.05	0	30
SCAF_131_region	35704	1705	0.05	0	30
SCAF_132	35264	11518	0.33	0	8
SCAF_132_region	35264	11518	0.33	0	8
SCAF_133	35121	9977346	284.08	0	5548
SCAF_133_region	35121	9977346	284.08	0	5548
SCAF_134	35117	3505	0.10	0	48
SCAF_134_region	35117	3505	0.10	0	48
SCAF_135	34903	2794	0.08	0	20
SCAF_135_region	34903	2794	0.08	0	20
SCAF_136	34900	7431630	212.94	0	3305
SCAF_136_region	34900	7431630	212.94	0	3305
SCAF_137	34765	6640	0.19	0	27
SCAF_137_region	34765	6640	0.19	0	27
SCAF_138	34687	9630	0.28	0	197
SCAF_138_region	34687	9630	0.28	0	197
SCAF_139	34615	7399	0.21	0	34
SCAF_139_region	34615	7399	0.21	0	34
SCAF_140	34599	10321949	298.33	0	3500
SCAF_140_region	34599	10321949	298.33	0	3500
SCAF_141	34497	5907154	171.24	0	6733
SCAF_141_region	34497	5907154	171.24	0	6733
SCAF_142	34440	6220861	180.63	0	855
SCAF_142_region	34440	6220861	180.63	0	855
SCAF_143	34384	3874	0.11	0	20
SCAF_143_region	34384	3874	0.11	0	20
SCAF_144	34330	4480	0.13	0	19
SCAF_144_region	34330	4480	0.13	0	19
SCAF_145	34087	4545	0.13	0	21
SCAF_145_region	34087	4545	0.13	0	21
SCAF_146	33692	16439	0.49	0	6
SCAF_146_region	33692	16439	0.49	0	6
SCAF_147	33483	8022655	239.60	0	1315
SCAF_147_region	33483	8022655	239.60	0	1315
SCAF_148	33469	5729	0.17	0	26
SCAF_148_region	33469	5729	0.17	0	26
SCAF_149	33420	5597444	167.49	0	801
SCAF_149_region	33420	5597444	167.49	0	801
SCAF_150	33347	3868	0.12	0	4
SCAF_150_region	33347	3868	0.12	0	4
SCAF_151	33283	4390	0.13	0	30
SCAF_151_region	33283	4390	0.13	0	30
SCAF_152	33266	4377	0.13	0	30
SCAF_152_region	33266	4377	0.13	0	30
SCAF_153	33237	9285	0.28	0	29
SCAF_153_region	33237	9285	0.28	0	29
SCAF_154	33139	10627	0.32	0	15
SCAF_154_region	33139	10627	0.32	0	15
SCAF_155	33127	11551303	348.70	0	1611
SCAF_155_region	33127	11551303	348.70	0	1611
SCAF_156	32748	7265	0.22	0	24
SCAF_156_region	32748	7265	0.22	0	24
SCAF_157	32666	26987	0.83	0	50
SCAF_157_region	32666	26987	0.83	0	50
SCAF_158	32618	1800	0.06	0	19
SCAF_158_region	32618	1800	0.06	0	19
SCAF_159	32358	2115	0.07	0	19
SCAF_159_region	32358	2115	0.07	0	19
SCAF_160	32136	3512	0.11	0	10
SCAF_160_region	32136	3512	0.11	0	10
SCAF_161	32035	2587	0.08	0	27
SCAF_161_region	32035	2587	0.08	0	27
SCAF_162	31954	3502	0.11	0	6
SCAF_162_region	31954	3502	0.11	0	6
SCAF_163	31782	9788	0.31	0	27
SCAF_163_region	31782	9788	0.31	0	27
SCAF_164	31669	3614	0.11	0	20
SCAF_164_region	31669	3614	0.11	0	20
SCAF_165	31629	20791	0.66	0	63
SCAF_165_region	31629	20791	0.66	0	63
SCAF_166	31581	2636	0.08	0	23
SCAF_166_region	31581	2636	0.08	0	23
SCAF_167	31556	11442	0.36	0	22
SCAF_167_region	31556	11442	0.36	0	22
SCAF_168	31421	2381	0.08	0	13
SCAF_168_region	31421	2381	0.08	0	13
SCAF_169	31314	4159	0.13	0	38
SCAF_169_region	31314	4159	0.13	0	38
SCAF_170	31127	1841	0.06	0	11
SCAF_170_region	31127	1841	0.06	0	11
SCAF_171	31061	7988219	257.18	0	1486
SCAF_171_region	31061	7988219	257.18	0	1486
SCAF_172	31059	1697	0.05	0	19
SCAF_172_region	31059	1697	0.05	0	19
SCAF_173	30866	13452	0.44	0	13
SCAF_173_region	30866	13452	0.44	0	13
SCAF_174	30739	8597928	279.71	0	5462
SCAF_174_region	30739	8597928	279.71	0	5462
SCAF_175	30330	3442	0.11	0	20
SCAF_175_region	30330	3442	0.11	0	20
SCAF_176	30301	29456	0.97	0	65
SCAF_176_region	30301	29456	0.97	0	65
SCAF_177	30226	19560	0.65	0	24
SCAF_177_region	30226	19560	0.65	0	24
SCAF_178	30187	1832	0.06	0	23
SCAF_178_region	30187	1832	0.06	0	23
SCAF_179	30183	4144	0.14	0	29
SCAF_179_region	30183	4144	0.14	0	29
SCAF_180	30131	5944	0.20	0	106
SCAF_180_region	30131	5944	0.20	0	106
SCAF_181	30071	1512	0.05	0	5
SCAF_181_region	30071	1512	0.05	0	5
SCAF_182	30032	2681	0.09	0	26
SCAF_182_region	30032	2681	0.09	0	26
SCAF_183	30005	1364	0.05	0	26
SCAF_183_region	30005	1364	0.05	0	26
SCAF_184	29541	61168	2.07	0	213
SCAF_184_region	29541	61168	2.07	0	213
SCAF_185	29415	4936	0.17	0	26
SCAF_185_region	29415	4936	0.17	0	26
SCAF_186	29375	1595	0.05	0	3
SCAF_186_region	29375	1595	0.05	0	3
SCAF_187	29360	3626	0.12	0	24
SCAF_187_region	29360	3626	0.12	0	24
SCAF_188	29327	17187	0.59	0	10
SCAF_188_region	29327	17187	0.59	0	10
SCAF_189	29236	3549	0.12	0	26
SCAF_189_region	29236	3549	0.12	0	26
SCAF_190	29216	4924	0.17	0	31
SCAF_190_region	29216	4924	0.17	0	31
SCAF_191	29200	4655	0.16	0	19
SCAF_191_region	29200	4655	0.16	0	19
SCAF_192	29083	6624152	227.77	0	689
SCAF_192_region	29083	6624152	227.77	0	689
SCAF_193	29081	6333	0.22	0	30
SCAF_193_region	29081	6333	0.22	0	30
SCAF_194	28863	3627213	125.67	0	621
SCAF_194_region	28863	3627213	125.67	0	621
SCAF_195	28688	9299	0.32	0	24
SCAF_195_region	28688	9299	0.32	0	24
SCAF_196	28688	18552	0.65	0	44
SCAF_196_region	28688	18552	0.65	0	44
SCAF_197	28670	3787	0.13	0	6
SCAF_197_region	28670	3787	0.13	0	6
SCAF_198	28585	10449	0.37	0	21
SCAF_198_region	28585	10449	0.37	0	21
SCAF_199	28585	360791	12.62	0	1126
SCAF_199_region	28585	360791	12.62	0	1126
SCAF_200	28563	2207	0.08	0	9
SCAF_200_region	28563	2207	0.08	0	9
SCAF_201	28551	6979	0.24	0	15
SCAF_201_region	28551	6979	0.24	0	15
SCAF_202	28219	6498	0.23	0	17
SCAF_202_region	28219	6498	0.23	0	17
SCAF_203	28217	7033	0.25	0	13
SCAF_203_region	28217	7033	0.25	0	13
SCAF_204	28187	14450	0.51	0	141
SCAF_204_region	28187	14450	0.51	0	141
SCAF_205	28138	4899	0.17	0	22
SCAF_205_region	28138	4899	0.17	0	22
SCAF_206	28111	1670	0.06	0	8
SCAF_206_region	28111	1670	0.06	0	8
SCAF_207	27959	14606	0.52	0	29
SCAF_207_region	27959	14606	0.52	0	29
SCAF_208	27935	6034500	216.02	0	4696
SCAF_208_region	27935	6034500	216.02	0	4696
SCAF_209	27830	4553	0.16	0	18
SCAF_209_region	27830	4553	0.16	0	18
SCAF_210	27781	2778	0.10	0	30
SCAF_210_region	27781	2778	0.10	0	30
SCAF_211	27774	21393	0.77	0	11
SCAF_211_region	27774	21393	0.77	0	11
SCAF_212	27772	9104	0.33	0	22
SCAF_212_region	27772	9104	0.33	0	22
SCAF_213	27728	6589	0.24	0	16
SCAF_213_region	27728	6589	0.24	0	16
SCAF_214	27690	3701	0.13	0	15
SCAF_214_region	27690	3701	0.13	0	15
SCAF_215	27659	7208369	260.62	0	1396
SCAF_215_region	27659	7208369	260.62	0	1396
SCAF_216	27637	5619	0.20	0	22
SCAF_216_region	27637	5619	0.20	0	22
SCAF_217	27634	1325	0.05	0	5
SCAF_217_region	27634	1325	0.05	0	5
SCAF_218	27594	13895	0.50	0	25
SCAF_218_region	27594	13895	0.50	0	25
SCAF_219	27563	1632	0.06	0	20
SCAF_219_region	27563	1632	0.06	0	20
SCAF_220	27545	18877	0.69	0	18
SCAF_220_region	27545	18877	0.69	0	18
SCAF_221	27530	1639	0.06	0	9
SCAF_221_region	27530	1639	0.06	0	9
SCAF_222	27515	1851	0.07	0	6
SCAF_222_region	27515	1851	0.07	0	6
SCAF_223	27476	13101	0.48	0	14
SCAF_223_region	27476	13101	0.48	0	14
SCAF_224	27450	2315	0.08	0	13
SCAF_224_region	27450	2315	0.08	0	13
SCAF_225	27344	5666	0.21	0	21
SCAF_225_region	27344	5666	0.21	0	21
SCAF_226	27270	342668	12.57	0	528
SCAF_226_region	27270	342668	12.57	0	528
SCAF_227	27232	9927	0.36	0	9
SCAF_227_region	27232	9927	0.36	0	9
SCAF_228	27189	20826	0.77	0	170
SCAF_228_region	27189	20826	0.77	0	170
SCAF_229	27037	9041	0.33	0	8
SCAF_229_region	27037	9041	0.33	0	8
SCAF_230	26948	1500	0.06	0	22
SCAF_230_region	26948	1500	0.06	0	22
SCAF_231	26899	2769	0.10	0	37
SCAF_231_region	26899	2769	0.10	0	37
SCAF_232	26856	1624	0.06	0	17
SCAF_232_region	26856	1624	0.06	0	17
SCAF_233	26767	1811	0.07	0	4
SCAF_233_region	26767	1811	0.07	0	4
SCAF_234	26700	5738054	214.91	0	952
SCAF_234_region	26700	5738054	214.91	0	952
SCAF_235	26660	11246833	421.86	0	2696
SCAF_235_region	26660	11246833	421.86	0	2696
SCAF_236	26499	4688	0.18	0	14
SCAF_236_region	26499	4688	0.18	0	14
SCAF_237	26482	7203	0.27	0	7
SCAF_237_region	26482	7203	0.27	0	7
SCAF_238	26369	6448	0.24	0	17
SCAF_238_region	26369	6448	0.24	0	17
SCAF_239	26171	4557	0.17	0	13
SCAF_239_region	26171	4557	0.17	0	13
SCAF_240	26148	4468	0.17	0	16
SCAF_240_region	26148	4468	0.17	0	16
SCAF_241	26131	5393	0.21	0	23
SCAF_241_region	26131	5393	0.21	0	23
SCAF_242	26114	1733	0.07	0	6
SCAF_242_region	26114	1733	0.07	0	6
SCAF_243	26085	3244	0.12	0	33
SCAF_243_region	26085	3244	0.12	0	33
SCAF_244	26060	1148	0.04	0	4
SCAF_244_region	26060	1148	0.04	0	4
SCAF_245	25968	2894	0.11	0	36
SCAF_245_region	25968	2894	0.11	0	36
SCAF_246	25946	5868987	226.20	0	4932
SCAF_246_region	25946	5868987	226.20	0	4932
SCAF_247	25940	25669	0.99	0	22
SCAF_247_region	25940	25669	0.99	0	22
SCAF_248	25895	2969	0.11	0	7
SCAF_248_region	25895	2969	0.11	0	7
SCAF_249	25885	6289	0.24	0	22
SCAF_249_region	25885	6289	0.24	0	22
SCAF_250	25884	10993	0.42	0	15
SCAF_250_region	25884	10993	0.42	0	15
SCAF_251	25874	4060	0.16	0	27
SCAF_251_region	25874	4060	0.16	0	27
SCAF_252	25864	1097	0.04	0	5
SCAF_252_region	25864	1097	0.04	0	5
SCAF_253	25825	1529	0.06	0	5
SCAF_253_region	25825	1529	0.06	0	5
SCAF_254	25798	5309	0.21	0	71
SCAF_254_region	25798	5309	0.21	0	71
SCAF_255	25728	2630	0.10	0	4
SCAF_255_region	25728	2630	0.10	0	4
SCAF_256	25725	7480	0.29	0	30
SCAF_256_region	25725	7480	0.29	0	30
SCAF_257	25720	3388	0.13	0	5
SCAF_257_region	25720	3388	0.13	0	5
SCAF_258	25700	4526	0.18	0	17
SCAF_258_region	25700	4526	0.18	0	17
SCAF_259	25645	1360	0.05	0	3
SCAF_259_region	25645	1360	0.05	0	3
SCAF_260	25595	4627	0.18	0	22
SCAF_260_region	25595	4627	0.18	0	22
SCAF_261	25593	2118	0.08	0	20
SCAF_261_region	25593	2118	0.08	0	20
SCAF_262	25592	1861	0.07	0	21
SCAF_262_region	25592	1861	0.07	0	21
SCAF_263	25481	6765	0.27	0	28
SCAF_263_region	25481	6765	0.27	0	28
SCAF_264	25444	13805	0.54	0	18
SCAF_264_region	25444	13805	0.54	0	18
SCAF_265	25436	1386	0.05	0	16
SCAF_265_region	25436	1386	0.05	0	16
SCAF_266	25377	3530	0.14	0	11
SCAF_266_region	25377	3530	0.14	0	11
SCAF_267	25340	11601	0.46	0	15
SCAF_267_region	25340	11601	0.46	0	15
SCAF_268	25329	11732	0.46	0	23
SCAF_268_region	25329	11732	0.46	0	23
SCAF_269	25264	3695	0.15	0	10
SCAF_269_region	25264	3695	0.15	0	10
SCAF_270	25225	2507	0.10	0	26
SCAF_270_region	25225	2507	0.10	0	26
SCAF_271	25206	3515	0.14	0	33
SCAF_271_region	25206	3515	0.14	0	33
SCAF_272	25161	2083	0.08	0	13
SCAF_272_region	25161	2083	0.08	0	13
SCAF_273	25090	3414	0.14	0	5
SCAF_273_region	25090	3414	0.14	0	5
SCAF_274	24834	1691	0.07	0	7
SCAF_274_region	24834	1691	0.07	0	7
SCAF_275	24832	281396	11.33	0	541
SCAF_275_region	24832	281396	11.33	0	541
SCAF_276	24811	4552	0.18	0	30
SCAF_276_region	24811	4552	0.18	0	30
SCAF_277	24713	11684	0.47	0	16
SCAF_277_region	24713	11684	0.47	0	16
SCAF_278	24673	2876	0.12	0	27
SCAF_278_region	24673	2876	0.12	0	27
SCAF_279	24542	1367	0.06	0	5
SCAF_279_region	24542	1367	0.06	0	5
SCAF_280	24528	3920	0.16	0	7
SCAF_280_region	24528	3920	0.16	0	7
SCAF_281	24435	2931	0.12	0	43
SCAF_281_region	24435	2931	0.12	0	43
SCAF_282	24359	1079	0.04	0	10
SCAF_282_region	24359	1079	0.04	0	10
SCAF_283	24173	6620	0.27	0	34
SCAF_283_region	24173	6620	0.27	0	34
SCAF_284	24152	3695685	153.02	0	732
SCAF_284_region	24152	3695685	153.02	0	732
SCAF_285	24110	523	0.02	0	4
SCAF_285_region	24110	523	0.02	0	4
SCAF_286	24066	350582	14.57	0	1410
SCAF_286_region	24066	350582	14.57	0	1410
SCAF_287	23981	1023	0.04	0	6
SCAF_287_region	23981	1023	0.04	0	6
SCAF_288	23980	1483	0.06	0	3
SCAF_288_region	23980	1483	0.06	0	3
SCAF_289	23950	7535	0.31	0	20
SCAF_289_region	23950	7535	0.31	0	20
SCAF_290	23945	6700	0.28	0	31
SCAF_290_region	23945	6700	0.28	0	31
SCAF_291	23886	1183	0.05	0	5
SCAF_291_region	23886	1183	0.05	0	5
SCAF_292	23860	3282	0.14	0	13
SCAF_292_region	23860	3282	0.14	0	13
SCAF_293	23814	1709	0.07	0	4
SCAF_293_region	23814	1709	0.07	0	4
SCAF_294	23796	2444	0.10	0	6
SCAF_294_region	23796	2444	0.10	0	6
SCAF_295	23767	2662	0.11	0	23
SCAF_295_region	23767	2662	0.11	0	23
SCAF_296	23762	81676	3.44	0	822
SCAF_296_region	23762	81676	3.44	0	822
SCAF_297	23695	2090	0.09	0	12
SCAF_297_region	23695	2090	0.09	0	12
SCAF_298	23666	2094	0.09	0	22
SCAF_298_region	23666	2094	0.09	0	22
SCAF_299	23648	264769	11.20	0	2233
SCAF_299_region	23648	264769	11.20	0	2233
SCAF_300	23643	7256706	306.93	0	3150
SCAF_300_region	23643	7256706	306.93	0	3150
SCAF_301	23638	2986	0.13	0	19
SCAF_301_region	23638	2986	0.13	0	19
SCAF_302	23633	2437	0.10	0	12
SCAF_302_region	23633	2437	0.10	0	12
SCAF_303	23629	1556	0.07	0	4
SCAF_303_region	23629	1556	0.07	0	4
SCAF_304	23571	6228	0.26	0	12
SCAF_304_region	23571	6228	0.26	0	12
SCAF_305	23555	3928	0.17	0	20
SCAF_305_region	23555	3928	0.17	0	20
SCAF_306	23322	4752	0.20	0	20
SCAF_306_region	23322	4752	0.20	0	20
SCAF_307	23295	1802	0.08	0	13
SCAF_307_region	23295	1802	0.08	0	13
SCAF_308	23075	4427815	191.89	0	3611
SCAF_308_region	23075	4427815	191.89	0	3611
SCAF_309	23057	4173	0.18	0	25
SCAF_309_region	23057	4173	0.18	0	25
SCAF_310	23011	1792	0.08	0	6
SCAF_310_region	23011	1792	0.08	0	6
SCAF_311	22999	932	0.04	0	6
SCAF_311_region	22999	932	0.04	0	6
SCAF_312	22896	4118	0.18	0	27
SCAF_312_region	22896	4118	0.18	0	27
SCAF_313	22877	1556	0.07	0	3
SCAF_313_region	22877	1556	0.07	0	3
SCAF_314	22871	7412875	324.12	0	3962
SCAF_314_region	22871	7412875	324.12	0	3962
SCAF_315	22844	22028	0.96	0	167
SCAF_315_region	22844	22028	0.96	0	167
SCAF_316	22844	1838	0.08	0	10
SCAF_316_region	22844	1838	0.08	0	10
SCAF_317	22833	5070	0.22	0	28
SCAF_317_region	22833	5070	0.22	0	28
SCAF_318	22713	2053	0.09	0	31
SCAF_318_region	22713	2053	0.09	0	31
SCAF_319	22685	1782	0.08	0	3
SCAF_319_region	22685	1782	0.08	0	3
SCAF_320	22653	3230	0.14	0	4
SCAF_320_region	22653	3230	0.14	0	4
SCAF_321	22554	1461	0.06	0	4
SCAF_321_region	22554	1461	0.06	0	4
SCAF_322	22539	2231	0.10	0	42
SCAF_322_region	22539	2231	0.10	0	42
SCAF_323	22525	447	0.02	0	2
SCAF_323_region	22525	447	0.02	0	2
SCAF_324	22489	3708	0.16	0	25
SCAF_324_region	22489	3708	0.16	0	25
SCAF_325	22468	2216	0.10	0	10
SCAF_325_region	22468	2216	0.10	0	10
SCAF_326	22392	6831509	305.09	0	4201
SCAF_326_region	22392	6831509	305.09	0	4201
SCAF_327	22337	2371	0.11	0	27
SCAF_327_region	22337	2371	0.11	0	27
SCAF_328	22280	7283326	326.90	0	1206
SCAF_328_region	22280	7283326	326.90	0	1206
SCAF_329	22245	8440	0.38	0	16
SCAF_329_region	22245	8440	0.38	0	16
SCAF_330	22040	7060	0.32	0	22
SCAF_330_region	22040	7060	0.32	0	22
SCAF_331	22029	761	0.03	0	3
SCAF_331_region	22029	761	0.03	0	3
SCAF_332	21923	1952	0.09	0	15
SCAF_332_region	21923	1952	0.09	0	15
SCAF_333	21867	698	0.03	0	3
SCAF_333_region	21867	698	0.03	0	3
SCAF_334	21813	2287	0.10	0	26
SCAF_334_region	21813	2287	0.10	0	26
SCAF_335	21800	3637	0.17	0	7
SCAF_335_region	21800	3637	0.17	0	7
SCAF_336	21691	3410	0.16	0	8
SCAF_336_region	21691	3410	0.16	0	8
SCAF_337	21675	6524	0.30	0	27
SCAF_337_region	21675	6524	0.30	0	27
SCAF_338	21621	4825	0.22	0	163
SCAF_338_region	21621	4825	0.22	0	163
SCAF_339	21529	3758	0.17	0	19
SCAF_339_region	21529	3758	0.17	0	19
SCAF_340	21472	1899	0.09	0	7
SCAF_340_region	21472	1899	0.09	0	7
SCAF_341	21449	1420	0.07	0	11
SCAF_341_region	21449	1420	0.07	0	11
SCAF_342	21444	257796	12.02	0	500
SCAF_342_region	21444	257796	12.02	0	500
SCAF_343	21365	1175	0.05	0	4
SCAF_343_region	21365	1175	0.05	0	4
SCAF_344	21355	14694	0.69	0	215
SCAF_344_region	21355	14694	0.69	0	215
SCAF_345	21334	1454	0.07	0	8
SCAF_345_region	21334	1454	0.07	0	8
SCAF_346	21294	4100851	192.58	0	925
SCAF_346_region	21294	4100851	192.58	0	925
SCAF_347	21288	2235	0.10	0	19
SCAF_347_region	21288	2235	0.10	0	19
SCAF_348	21209	2459	0.12	0	5
SCAF_348_region	21209	2459	0.12	0	5
SCAF_349	21199	1248	0.06	0	10
SCAF_349_region	21199	1248	0.06	0	10
SCAF_350	21189	9501	0.45	0	173
SCAF_350_region	21189	9501	0.45	0	173
SCAF_351	21106	7005	0.33	0	6
SCAF_351_region	21106	7005	0.33	0	6
SCAF_352	21098	3003	0.14	0	7
SCAF_352_region	21098	3003	0.14	0	7
SCAF_353	21078	1138	0.05	0	23
SCAF_353_region	21078	1138	0.05	0	23
SCAF_354	20991	8128	0.39	0	27
SCAF_354_region	20991	8128	0.39	0	27
SCAF_355	20981	826	0.04	0	3
SCAF_355_region	20981	826	0.04	0	3
SCAF_356	20980	1973	0.09	0	4
SCAF_356_region	20980	1973	0.09	0	4
SCAF_357	20976	4936	0.24	0	14
SCAF_357_region	20976	4936	0.24	0	14
SCAF_358	20871	1749	0.08	0	17
SCAF_358_region	20871	1749	0.08	0	17
SCAF_359	20831	1858	0.09	0	18
SCAF_359_region	20831	1858	0.09	0	18
SCAF_360	20777	5311	0.26	0	89
SCAF_360_region	20777	5311	0.26	0	89
SCAF_361	20737	5124	0.25	0	10
SCAF_361_region	20737	5124	0.25	0	10
SCAF_362	20702	23852	1.15	0	14
SCAF_362_region	20702	23852	1.15	0	14
SCAF_363	20586	391	0.02	0	3
SCAF_363_region	20586	391	0.02	0	3
SCAF_364	20574	1040	0.05	0	3
SCAF_364_region	20574	1040	0.05	0	3
SCAF_365	20553	361	0.02	0	3
SCAF_365_region	20553	361	0.02	0	3
SCAF_366	20522	2292	0.11	0	4
SCAF_366_region	20522	2292	0.11	0	4
SCAF_367	20517	1001	0.05	0	3
SCAF_367_region	20517	1001	0.05	0	3
SCAF_368	20452	11166	0.55	0	204
SCAF_368_region	20452	11166	0.55	0	204
SCAF_369	20438	7217	0.35	0	12
SCAF_369_region	20438	7217	0.35	0	12
SCAF_370	20350	2281	0.11	0	27
SCAF_370_region	20350	2281	0.11	0	27
SCAF_371	20349	3023	0.15	0	10
SCAF_371_region	20349	3023	0.15	0	10
SCAF_372	20285	913	0.05	0	15
SCAF_372_region	20285	913	0.05	0	15
SCAF_373	20282	113383	5.59	0	158
SCAF_373_region	20282	113383	5.59	0	158
SCAF_374	20282	4623304	227.95	0	845
SCAF_374_region	20282	4623304	227.95	0	845
SCAF_375	20179	43329	2.15	0	55
SCAF_375_region	20179	43329	2.15	0	55
SCAF_376	20174	2906	0.14	0	18
SCAF_376_region	20174	2906	0.14	0	18
SCAF_377	20160	2258	0.11	0	13
SCAF_377_region	20160	2258	0.11	0	13
SCAF_378	20157	4154664	206.12	0	679
SCAF_378_region	20157	4154664	206.12	0	679
SCAF_379	20150	1854	0.09	0	3
SCAF_379_region	20150	1854	0.09	0	3
SCAF_380	20140	5282	0.26	0	50
SCAF_380_region	20140	5282	0.26	0	50
SCAF_381	20082	3458	0.17	0	6
SCAF_381_region	20082	3458	0.17	0	6
SCAF_382	20068	5889	0.29	0	17
SCAF_382_region	20068	5889	0.29	0	17
SCAF_383	20052	5633	0.28	0	6
SCAF_383_region	20052	5633	0.28	0	6
SCAF_384	20039	2792	0.14	0	4
SCAF_384_region	20039	2792	0.14	0	4
SCAF_385	20036	2953	0.15	0	6
SCAF_385_region	20036	2953	0.15	0	6
SCAF_386	20004	1409	0.07	0	9
SCAF_386_region	20004	1409	0.07	0	9
SCAF_387	19967	14970	0.75	0	11
SCAF_387_region	19967	14970	0.75	0	11
SCAF_388	19953	1521	0.08	0	11
SCAF_388_region	19953	1521	0.08	0	11
SCAF_389	19874	4043	0.20	0	15
SCAF_389_region	19874	4043	0.20	0	15
SCAF_390	19870	3877466	195.14	0	1285
SCAF_390_region	19870	3877466	195.14	0	1285
SCAF_391	19819	1769	0.09	0	34
SCAF_391_region	19819	1769	0.09	0	34
SCAF_392	19814	6256	0.32	0	26
SCAF_392_region	19814	6256	0.32	0	26
SCAF_393	19805	1373	0.07	0	5
SCAF_393_region	19805	1373	0.07	0	5
SCAF_394	19796	4579	0.23	0	25
SCAF_394_region	19796	4579	0.23	0	25
SCAF_395	19788	7932090	400.85	0	3899
SCAF_395_region	19788	7932090	400.85	0	3899
SCAF_396	19769	3775	0.19	0	7
SCAF_396_region	19769	3775	0.19	0	7
SCAF_397	19737	1448	0.07	0	15
SCAF_397_region	19737	1448	0.07	0	15
SCAF_398	19694	7059	0.36	0	24
SCAF_398_region	19694	7059	0.36	0	24
SCAF_399	19627	2073	0.11	0	8
SCAF_399_region	19627	2073	0.11	0	8
SCAF_400	19559	1683	0.09	0	13
SCAF_400_region	19559	1683	0.09	0	13
SCAF_401	19529	11344	0.58	0	24
SCAF_401_region	19529	11344	0.58	0	24
SCAF_402	19485	3565	0.18	0	32
SCAF_402_region	19485	3565	0.18	0	32
SCAF_403	19440	5621	0.29	0	16
SCAF_403_region	19440	5621	0.29	0	16
SCAF_404	19429	1087	0.06	0	13
SCAF_404_region	19429	1087	0.06	0	13
SCAF_405	19412	2342	0.12	0	4
SCAF_405_region	19412	2342	0.12	0	4
SCAF_406	19412	7065	0.36	0	24
SCAF_406_region	19412	7065	0.36	0	24
SCAF_407	19392	6119	0.32	0	28
SCAF_407_region	19392	6119	0.32	0	28
SCAF_408	19383	1068	0.06	0	19
SCAF_408_region	19383	1068	0.06	0	19
SCAF_409	19350	7747	0.40	0	10
SCAF_409_region	19350	7747	0.40	0	10
SCAF_410	19334	1456	0.08	0	15
SCAF_410_region	19334	1456	0.08	0	15
SCAF_411	19319	726	0.04	0	4
SCAF_411_region	19319	726	0.04	0	4
SCAF_412	19298	3282	0.17	0	19
SCAF_412_region	19298	3282	0.17	0	19
SCAF_413	19281	5118	0.27	0	7
SCAF_413_region	19281	5118	0.27	0	7
SCAF_414	19250	1025	0.05	0	10
SCAF_414_region	19250	1025	0.05	0	10
SCAF_415	19240	4239	0.22	0	15
SCAF_415_region	19240	4239	0.22	0	15
SCAF_416	19198	558	0.03	0	3
SCAF_416_region	19198	558	0.03	0	3
SCAF_417	19156	772	0.04	0	2
SCAF_417_region	19156	772	0.04	0	2
SCAF_418	19069	4186640	219.55	0	741
SCAF_418_region	19069	4186640	219.55	0	741
SCAF_419	19061	2063	0.11	0	4
SCAF_419_region	19061	2063	0.11	0	4
SCAF_420	19040	985	0.05	0	4
SCAF_420_region	19040	985	0.05	0	4
SCAF_421	19012	1517	0.08	0	19
SCAF_421_region	19012	1517	0.08	0	19
SCAF_422	18950	1004	0.05	0	14
SCAF_422_region	18950	1004	0.05	0	14
SCAF_423	18945	812	0.04	0	5
SCAF_423_region	18945	812	0.04	0	5
SCAF_424	18943	1356	0.07	0	15
SCAF_424_region	18943	1356	0.07	0	15
SCAF_425	18932	5475	0.29	0	7
SCAF_425_region	18932	5475	0.29	0	7
SCAF_426	18882	4041	0.21	0	4
SCAF_426_region	18882	4041	0.21	0	4
SCAF_427	18874	3081	0.16	0	72
SCAF_427_region	18874	3081	0.16	0	72
SCAF_428	18866	1333980	70.71	0	651
SCAF_428_region	18866	1333980	70.71	0	651
SCAF_429	18866	16284	0.86	0	19
SCAF_429_region	18866	16284	0.86	0	19
SCAF_430	18815	705	0.04	0	3
SCAF_430_region	18815	705	0.04	0	3
SCAF_431	18805	10585	0.56	0	22
SCAF_431_region	18805	10585	0.56	0	22
SCAF_432	18790	2855	0.15	0	25
SCAF_432_region	18790	2855	0.15	0	25
SCAF_433	18773	1820	0.10	0	23
SCAF_433_region	18773	1820	0.10	0	23
SCAF_434	18766	2830	0.15	0	7
SCAF_434_region	18766	2830	0.15	0	7
SCAF_435	18753	3207	0.17	0	8
SCAF_435_region	18753	3207	0.17	0	8
SCAF_436	18746	1274	0.07	0	7
SCAF_436_region	18746	1274	0.07	0	7
SCAF_437	18721	4475	0.24	0	10
SCAF_437_region	18721	4475	0.24	0	10
SCAF_438	18669	672	0.04	0	9
SCAF_438_region	18669	672	0.04	0	9
SCAF_439	18588	138236	7.44	0	1008
SCAF_439_region	18588	138236	7.44	0	1008
SCAF_440	18561	14750	0.79	0	252
SCAF_440_region	18561	14750	0.79	0	252
SCAF_441	18530	1731	0.09	0	10
SCAF_441_region	18530	1731	0.09	0	10
SCAF_442	18489	6368	0.34	0	15
SCAF_442_region	18489	6368	0.34	0	15
SCAF_443	18479	4307	0.23	0	8
SCAF_443_region	18479	4307	0.23	0	8
SCAF_444	18424	9181	0.50	0	8
SCAF_444_region	18424	9181	0.50	0	8
SCAF_445	18396	2219	0.12	0	22
SCAF_445_region	18396	2219	0.12	0	22
SCAF_446	18392	5227	0.28	0	15
SCAF_446_region	18392	5227	0.28	0	15
SCAF_447	18255	6300	0.35	0	7
SCAF_447_region	18255	6300	0.35	0	7
SCAF_448	18252	6255	0.34	0	35
SCAF_448_region	18252	6255	0.34	0	35
SCAF_449	18248	1115	0.06	0	5
SCAF_449_region	18248	1115	0.06	0	5
SCAF_450	18208	3458	0.19	0	29
SCAF_450_region	18208	3458	0.19	0	29
SCAF_451	18202	114222	6.28	0	119
SCAF_451_region	18202	114222	6.28	0	119
SCAF_452	18192	3594	0.20	0	25
SCAF_452_region	18192	3594	0.20	0	25
SCAF_453	18150	387	0.02	0	1
SCAF_453_region	18150	387	0.02	0	1
SCAF_454	18134	1160	0.06	0	25
SCAF_454_region	18134	1160	0.06	0	25
SCAF_455	18114	665	0.04	0	11
SCAF_455_region	18114	665	0.04	0	11
SCAF_456	18112	7035	0.39	0	9
SCAF_456_region	18112	7035	0.39	0	9
SCAF_457	18054	2505	0.14	0	30
SCAF_457_region	18054	2505	0.14	0	30
SCAF_458	18006	1599	0.09	0	25
SCAF_458_region	18006	1599	0.09	0	25
SCAF_459	18000	2925	0.16	0	27
SCAF_459_region	18000	2925	0.16	0	27
SCAF_460	17967	1007	0.06	0	8
SCAF_460_region	17967	1007	0.06	0	8
SCAF_461	17943	4813	0.27	0	20
SCAF_461_region	17943	4813	0.27	0	20
SCAF_462	17929	2175	0.12	0	38
SCAF_462_region	17929	2175	0.12	0	38
SCAF_463	17921	739	0.04	0	11
SCAF_463_region	17921	739	0.04	0	11
SCAF_464	17913	3006	0.17	0	37
SCAF_464_region	17913	3006	0.17	0	37
SCAF_465	17912	1125	0.06	0	4
SCAF_465_region	17912	1125	0.06	0	4
SCAF_466	17886	2554	0.14	0	23
SCAF_466_region	17886	2554	0.14	0	23
SCAF_467	17859	7412	0.42	0	189
SCAF_467_region	17859	7412	0.42	0	189
SCAF_468	17837	1506	0.08	0	4
SCAF_468_region	17837	1506	0.08	0	4
SCAF_469	17802	1751	0.10	0	9
SCAF_469_region	17802	1751	0.10	0	9
SCAF_470	17776	3166	0.18	0	5
SCAF_470_region	17776	3166	0.18	0	5
SCAF_471	17682	4214	0.24	0	7
SCAF_471_region	17682	4214	0.24	0	7
SCAF_472	17646	3017	0.17	0	18
SCAF_472_region	17646	3017	0.17	0	18
SCAF_473	17646	2479	0.14	0	10
SCAF_473_region	17646	2479	0.14	0	10
SCAF_474	17642	2743753	155.52	0	753
SCAF_474_region	17642	2743753	155.52	0	753
SCAF_475	17613	7349	0.42	0	74
SCAF_475_region	17613	7349	0.42	0	74
SCAF_476	17602	11342	0.64	0	154
SCAF_476_region	17602	11342	0.64	0	154
SCAF_477	17571	3336	0.19	0	28
SCAF_477_region	17571	3336	0.19	0	28
SCAF_478	17535	921	0.05	0	3
SCAF_478_region	17535	921	0.05	0	3
SCAF_479	17528	2765	0.16	0	12
SCAF_479_region	17528	2765	0.16	0	12
SCAF_480	17503	1266	0.07	0	10
SCAF_480_region	17503	1266	0.07	0	10
SCAF_481	17502	6597	0.38	0	8
SCAF_481_region	17502	6597	0.38	0	8
SCAF_482	17480	1499	0.09	0	5
SCAF_482_region	17480	1499	0.09	0	5
SCAF_483	17476	8761	0.50	0	9
SCAF_483_region	17476	8761	0.50	0	9
SCAF_484	17457	376726	21.58	0	634
SCAF_484_region	17457	376726	21.58	0	634
SCAF_485	17386	3939	0.23	0	33
SCAF_485_region	17386	3939	0.23	0	33
SCAF_486	17362	1389	0.08	0	14
SCAF_486_region	17362	1389	0.08	0	14
SCAF_487	17332	1229	0.07	0	6
SCAF_487_region	17332	1229	0.07	0	6
SCAF_488	17327	1226	0.07	0	3
SCAF_488_region	17327	1226	0.07	0	3
SCAF_489	17303	1501	0.09	0	6
SCAF_489_region	17303	1501	0.09	0	6
SCAF_490	17273	3184	0.18	0	23
SCAF_490_region	17273	3184	0.18	0	23
SCAF_491	17245	117874	6.84	0	149
SCAF_491_region	17245	117874	6.84	0	149
SCAF_492	17239	3606	0.21	0	15
SCAF_492_region	17239	3606	0.21	0	15
SCAF_493	17219	4638	0.27	0	26
SCAF_493_region	17219	4638	0.27	0	26
SCAF_494	17218	735	0.04	0	3
SCAF_494_region	17218	735	0.04	0	3
SCAF_495	17211	3595	0.21	0	30
SCAF_495_region	17211	3595	0.21	0	30
SCAF_496	17198	5124	0.30	0	50
SCAF_496_region	17198	5124	0.30	0	50
SCAF_497	17190	585	0.03	0	4
SCAF_497_region	17190	585	0.03	0	4
SCAF_498	17162	1749	0.10	0	20
SCAF_498_region	17162	1749	0.10	0	20
SCAF_499	17147	1495	0.09	0	14
SCAF_499_region	17147	1495	0.09	0	14
SCAF_500	17144	5951	0.35	0	20
SCAF_500_region	17144	5951	0.35	0	20
SCAF_501	17142	5007	0.29	0	10
SCAF_501_region	17142	5007	0.29	0	10
SCAF_502	17124	5741	0.34	0	8
SCAF_502_region	17124	5741	0.34	0	8
SCAF_503	17118	8868	0.52	0	10
SCAF_503_region	17118	8868	0.52	0	10
SCAF_504	17076	397	0.02	0	2
SCAF_504_region	17076	397	0.02	0	2
SCAF_505	17047	4412866	258.86	0	1920
SCAF_505_region	17047	4412866	258.86	0	1920
SCAF_506	17043	15977	0.94	0	124
SCAF_506_region	17043	15977	0.94	0	124
SCAF_507	17035	3718	0.22	0	29
SCAF_507_region	17035	3718	0.22	0	29
SCAF_508	17021	2127	0.12	0	5
SCAF_508_region	17021	2127	0.12	0	5
SCAF_509	16971	2108	0.12	0	14
SCAF_509_region	16971	2108	0.12	0	14
SCAF_510	16897	3749	0.22	0	20
SCAF_510_region	16897	3749	0.22	0	20
SCAF_511	16849	789	0.05	0	3
SCAF_511_region	16849	789	0.05	0	3
SCAF_512	16807	4561	0.27	0	21
SCAF_512_region	16807	4561	0.27	0	21
SCAF_513	16787	1190	0.07	0	5
SCAF_513_region	16787	1190	0.07	0	5
SCAF_514	16784	1830	0.11	0	19
SCAF_514_region	16784	1830	0.11	0	19
SCAF_515	16776	2006	0.12	0	21
SCAF_515_region	16776	2006	0.12	0	21
SCAF_516	16745	433	0.03	0	2
SCAF_516_region	16745	433	0.03	0	2
SCAF_517	16741	1195	0.07	0	17
SCAF_517_region	16741	1195	0.07	0	17
SCAF_518	16733	2168	0.13	0	5
SCAF_518_region	16733	2168	0.13	0	5
SCAF_519	16710	6726	0.40	0	14
SCAF_519_region	16710	6726	0.40	0	14
SCAF_520	16702	3878761	232.23	0	3715
SCAF_520_region	16702	3878761	232.23	0	3715
SCAF_521	16701	1487	0.09	0	18
SCAF_521_region	16701	1487	0.09	0	18
SCAF_522	16645	1949	0.12	0	29
SCAF_522_region	16645	1949	0.12	0	29
SCAF_523	16623	4425	0.27	0	16
SCAF_523_region	16623	4425	0.27	0	16
SCAF_524	16568	979	0.06	0	7
SCAF_524_region	16568	979	0.06	0	7
SCAF_525	16548	1675	0.10	0	3
SCAF_525_region	16548	1675	0.10	0	3
SCAF_526	16541	1181	0.07	0	3
SCAF_526_region	16541	1181	0.07	0	3
SCAF_527	16518	3457282	209.30	0	799
SCAF_527_region	16518	3457282	209.30	0	799
SCAF_528	16510	2158	0.13	0	13
SCAF_528_region	16510	2158	0.13	0	13
SCAF_529	16492	1679	0.10	0	19
SCAF_529_region	16492	1679	0.10	0	19
SCAF_530	16462	847	0.05	0	3
SCAF_530_region	16462	847	0.05	0	3
SCAF_531	16461	668	0.04	0	2
SCAF_531_region	16461	668	0.04	0	2
SCAF_532	16447	515	0.03	0	3
SCAF_532_region	16447	515	0.03	0	3
SCAF_533	16383	1065	0.07	0	10
SCAF_533_region	16383	1065	0.07	0	10
SCAF_534	16345	4569	0.28	0	15
SCAF_534_region	16345	4569	0.28	0	15
SCAF_535	16343	420	0.03	0	2
SCAF_535_region	16343	420	0.03	0	2
SCAF_536	16333	3193	0.20	0	15
SCAF_536_region	16333	3193	0.20	0	15
SCAF_537	16287	9258	0.57	0	21
SCAF_537_region	16287	9258	0.57	0	21
SCAF_538	16266	1084	0.07	0	3
SCAF_538_region	16266	1084	0.07	0	3
SCAF_539	16246	1431	0.09	0	12
SCAF_539_region	16246	1431	0.09	0	12
SCAF_540	16245	3127	0.19	0	4
SCAF_540_region	16245	3127	0.19	0	4
SCAF_541	16215	3908	0.24	0	10
SCAF_541_region	16215	3908	0.24	0	10
SCAF_542	16208	4687	0.29	0	13
SCAF_542_region	16208	4687	0.29	0	13
SCAF_543	16160	5904	0.37	0	9
SCAF_543_region	16160	5904	0.37	0	9
SCAF_544	16140	2053	0.13	0	29
SCAF_544_region	16140	2053	0.13	0	29
SCAF_545	16102	4268	0.27	0	6
SCAF_545_region	16102	4268	0.27	0	6
SCAF_546	16083	2831	0.18	0	17
SCAF_546_region	16083	2831	0.18	0	17
SCAF_547	16037	2482	0.15	0	14
SCAF_547_region	16037	2482	0.15	0	14
SCAF_548	16034	3161	0.20	0	7
SCAF_548_region	16034	3161	0.20	0	7
SCAF_549	16030	4050	0.25	0	5
SCAF_549_region	16030	4050	0.25	0	5
SCAF_550	16027	1084	0.07	0	20
SCAF_550_region	16027	1084	0.07	0	20
SCAF_551	15990	1764	0.11	0	18
SCAF_551_region	15990	1764	0.11	0	18
SCAF_552	15913	15633	0.98	0	19
SCAF_552_region	15913	15633	0.98	0	19
SCAF_553	15906	987	0.06	0	3
SCAF_553_region	15906	987	0.06	0	3
SCAF_554	15898	769	0.05	0	2
SCAF_554_region	15898	769	0.05	0	2
SCAF_555	15891	962	0.06	0	8
SCAF_555_region	15891	962	0.06	0	8
SCAF_556	15885	666	0.04	0	3
SCAF_556_region	15885	666	0.04	0	3
SCAF_557	15855	5175	0.33	0	8
SCAF_557_region	15855	5175	0.33	0	8
SCAF_558	15839	12149	0.77	0	27
SCAF_558_region	15839	12149	0.77	0	27
SCAF_559	15827	1237	0.08	0	4
SCAF_559_region	15827	1237	0.08	0	4
SCAF_560	15823	1734	0.11	0	7
SCAF_560_region	15823	1734	0.11	0	7
SCAF_561	15791	784	0.05	0	3
SCAF_561_region	15791	784	0.05	0	3
SCAF_562	15777	3017600	191.27	0	652
SCAF_562_region	15777	3017600	191.27	0	652
SCAF_563	15776	20813	1.32	0	594
SCAF_563_region	15776	20813	1.32	0	594
SCAF_564	15761	1144	0.07	0	13
SCAF_564_region	15761	1144	0.07	0	13
SCAF_565	15717	1890	0.12	0	30
SCAF_565_region	15717	1890	0.12	0	30
SCAF_566	15706	847	0.05	0	17
SCAF_566_region	15706	847	0.05	0	17
SCAF_567	15696	1553	0.10	0	8
SCAF_567_region	15696	1553	0.10	0	8
SCAF_568	15657	1168	0.07	0	5
SCAF_568_region	15657	1168	0.07	0	5
SCAF_569	15650	2355	0.15	0	25
SCAF_569_region	15650	2355	0.15	0	25
SCAF_570	15646	993	0.06	0	3
SCAF_570_region	15646	993	0.06	0	3
SCAF_571	15619	1094	0.07	0	22
SCAF_571_region	15619	1094	0.07	0	22
SCAF_572	15612	2981	0.19	0	6
SCAF_572_region	15612	2981	0.19	0	6
SCAF_573	15605	2918	0.19	0	6
SCAF_573_region	15605	2918	0.19	0	6
SCAF_574	15575	897	0.06	0	29
SCAF_574_region	15575	897	0.06	0	29
SCAF_575	15573	1813	0.12	0	3
SCAF_575_region	15573	1813	0.12	0	3
SCAF_576	15571	8019	0.51	0	32
SCAF_576_region	15571	8019	0.51	0	32
SCAF_577	15544	1376	0.09	0	20
SCAF_577_region	15544	1376	0.09	0	20
SCAF_578	15521	1228	0.08	0	24
SCAF_578_region	15521	1228	0.08	0	24
SCAF_579	15497	2840	0.18	0	56
SCAF_579_region	15497	2840	0.18	0	56
SCAF_580	15481	1744	0.11	0	7
SCAF_580_region	15481	1744	0.11	0	7
SCAF_581	15458	1448	0.09	0	40
SCAF_581_region	15458	1448	0.09	0	40
SCAF_582	15439	6054	0.39	0	10
SCAF_582_region	15439	6054	0.39	0	10
SCAF_583	15421	1385	0.09	0	12
SCAF_583_region	15421	1385	0.09	0	12
SCAF_584	15337	1290	0.08	0	17
SCAF_584_region	15337	1290	0.08	0	17
SCAF_585	15336	1455	0.09	0	3
SCAF_585_region	15336	1455	0.09	0	3
SCAF_586	15301	7951	0.52	0	33
SCAF_586_region	15301	7951	0.52	0	33
SCAF_587	15300	1503997	98.30	0	4209
SCAF_587_region	15300	1503997	98.30	0	4209
SCAF_588	15298	2410	0.16	0	28
SCAF_588_region	15298	2410	0.16	0	28
SCAF_589	15238	1389	0.09	0	3
SCAF_589_region	15238	1389	0.09	0	3
SCAF_590	15205	14136	0.93	0	28
SCAF_590_region	15205	14136	0.93	0	28
SCAF_591	15162	7839	0.52	0	8
SCAF_591_region	15162	7839	0.52	0	8
SCAF_592	15154	13744	0.91	0	23
SCAF_592_region	15154	13744	0.91	0	23
SCAF_593	15087	2055	0.14	0	21
SCAF_593_region	15087	2055	0.14	0	21
SCAF_594	15082	3672	0.24	0	13
SCAF_594_region	15082	3672	0.24	0	13
SCAF_595	15055	4687	0.31	0	8
SCAF_595_region	15055	4687	0.31	0	8
SCAF_596	15045	744	0.05	0	2
SCAF_596_region	15045	744	0.05	0	2
SCAF_597	15030	2655	0.18	0	15
SCAF_597_region	15030	2655	0.18	0	15
SCAF_598	15027	3014	0.20	0	15
SCAF_598_region	15027	3014	0.20	0	15
SCAF_599	15000	3741	0.25	0	5
SCAF_599_region	15000	3741	0.25	0	5
SCAF_600	14995	345	0.02	0	2
SCAF_600_region	14995	345	0.02	0	2
SCAF_601	14985	4330	0.29	0	7
SCAF_601_region	14985	4330	0.29	0	7
SCAF_602	14930	680	0.05	0	2
SCAF_602_region	14930	680	0.05	0	2
SCAF_603	14898	471	0.03	0	2
SCAF_603_region	14898	471	0.03	0	2
SCAF_604	14863	964	0.06	0	12
SCAF_604_region	14863	964	0.06	0	12
SCAF_605	14840	2622	0.18	0	31
SCAF_605_region	14840	2622	0.18	0	31
SCAF_606	14808	868	0.06	0	4
SCAF_606_region	14808	868	0.06	0	4
SCAF_607	14807	1267	0.09	0	3
SCAF_607_region	14807	1267	0.09	0	3
SCAF_608	14785	3472	0.23	0	6
SCAF_608_region	14785	3472	0.23	0	6
SCAF_609	14742	764263	51.84	0	1802
SCAF_609_region	14742	764263	51.84	0	1802
SCAF_610	14738	3722	0.25	0	20
SCAF_610_region	14738	3722	0.25	0	20
SCAF_611	14737	3942	0.27	0	4
SCAF_611_region	14737	3942	0.27	0	4
SCAF_612	14712	1668756	113.43	0	532
SCAF_612_region	14712	1668756	113.43	0	532
SCAF_613	14708	1462	0.10	0	3
SCAF_613_region	14708	1462	0.10	0	3
SCAF_614	14694	1591830	108.33	0	699
SCAF_614_region	14694	1591830	108.33	0	699
SCAF_615	14684	3990	0.27	0	30
SCAF_615_region	14684	3990	0.27	0	30
SCAF_616	14676	1146	0.08	0	30
SCAF_616_region	14676	1146	0.08	0	30
SCAF_617	14662	798	0.05	0	4
SCAF_617_region	14662	798	0.05	0	4
SCAF_618	14658	923	0.06	0	7
SCAF_618_region	14658	923	0.06	0	7
SCAF_619	14650	125074	8.54	0	756
SCAF_619_region	14650	125074	8.54	0	756
SCAF_620	14639	1221	0.08	0	6
SCAF_620_region	14639	1221	0.08	0	6
SCAF_621	14614	104885	7.18	0	451
SCAF_621_region	14614	104885	7.18	0	451
SCAF_622	14596	4664	0.32	0	15
SCAF_622_region	14596	4664	0.32	0	15
SCAF_623	14590	8448	0.58	0	14
SCAF_623_region	14590	8448	0.58	0	14
SCAF_624	14581	986	0.07	0	20
SCAF_624_region	14581	986	0.07	0	20
SCAF_625	14547	721	0.05	0	6
SCAF_625_region	14547	721	0.05	0	6
SCAF_626	14527	2325	0.16	0	12
SCAF_626_region	14527	2325	0.16	0	12
SCAF_627	14523	773	0.05	0	3
SCAF_627_region	14523	773	0.05	0	3
SCAF_628	14498	1513	0.10	0	9
SCAF_628_region	14498	1513	0.10	0	9
SCAF_629	14453	4081	0.28	0	8
SCAF_629_region	14453	4081	0.28	0	8
SCAF_630	14414	3440	0.24	0	4
SCAF_630_region	14414	3440	0.24	0	4
SCAF_631	14395	1739	0.12	0	9
SCAF_631_region	14395	1739	0.12	0	9
SCAF_632	14385	759	0.05	0	5
SCAF_632_region	14385	759	0.05	0	5
SCAF_633	14371	2444	0.17	0	4
SCAF_633_region	14371	2444	0.17	0	4
SCAF_634	14371	3123	0.22	0	17
SCAF_634_region	14371	3123	0.22	0	17
SCAF_635	14280	16534	1.16	0	28
SCAF_635_region	14280	16534	1.16	0	28
SCAF_636	14276	3131	0.22	0	22
SCAF_636_region	14276	3131	0.22	0	22
SCAF_637	14236	2220	0.16	0	8
SCAF_637_region	14236	2220	0.16	0	8
SCAF_638	14229	1211	0.09	0	20
SCAF_638_region	14229	1211	0.09	0	20
SCAF_639	14202	716	0.05	0	4
SCAF_639_region	14202	716	0.05	0	4
SCAF_640	14111	1198	0.08	0	4
SCAF_640_region	14111	1198	0.08	0	4
SCAF_641	14088	768	0.05	0	4
SCAF_641_region	14088	768	0.05	0	4
SCAF_642	14005	670	0.05	0	2
SCAF_642_region	14005	670	0.05	0	2
SCAF_643	13977	2890041	206.77	0	3711
SCAF_643_region	13977	2890041	206.77	0	3711
SCAF_644	13890	1425	0.10	0	5
SCAF_644_region	13890	1425	0.10	0	5
SCAF_645	13875	1996	0.14	0	24
SCAF_645_region	13875	1996	0.14	0	24
SCAF_646	13874	1594	0.11	0	4
SCAF_646_region	13874	1594	0.11	0	4
SCAF_647	13848	732	0.05	0	8
SCAF_647_region	13848	732	0.05	0	8
SCAF_648	13847	500	0.04	0	2
SCAF_648_region	13847	500	0.04	0	2
SCAF_649	13838	942	0.07	0	4
SCAF_649_region	13838	942	0.07	0	4
SCAF_650	13812	5400	0.39	0	6
SCAF_650_region	13812	5400	0.39	0	6
SCAF_651	13758	8736	0.63	0	17
SCAF_651_region	13758	8736	0.63	0	17
SCAF_652	13727	3617	0.26	0	7
SCAF_652_region	13727	3617	0.26	0	7
SCAF_653	13703	1343	0.10	0	20
SCAF_653_region	13703	1343	0.10	0	20
SCAF_654	13701	331	0.02	0	2
SCAF_654_region	13701	331	0.02	0	2
SCAF_655	13677	2250	0.16	0	10
SCAF_655_region	13677	2250	0.16	0	10
SCAF_656	13622	1495	0.11	0	24
SCAF_656_region	13622	1495	0.11	0	24
SCAF_657	13584	1305	0.10	0	6
SCAF_657_region	13584	1305	0.10	0	6
SCAF_658	13583	650	0.05	0	3
SCAF_658_region	13583	650	0.05	0	3
SCAF_659	13535	1128	0.08	0	4
SCAF_659_region	13535	1128	0.08	0	4
SCAF_660	13535	543	0.04	0	11
SCAF_660_region	13535	543	0.04	0	11
SCAF_661	13499	4800	0.36	0	7
SCAF_661_region	13499	4800	0.36	0	7
SCAF_662	13464	613	0.05	0	4
SCAF_662_region	13464	613	0.05	0	4
SCAF_663	13438	1459	0.11	0	61
SCAF_663_region	13438	1459	0.11	0	61
SCAF_664	13385	2055569	153.57	0	830
SCAF_664_region	13385	2055569	153.57	0	830
SCAF_665	13357	875	0.07	0	10
SCAF_665_region	13357	875	0.07	0	10
SCAF_666	13330	1090	0.08	0	11
SCAF_666_region	13330	1090	0.08	0	11
SCAF_667	13327	1572	0.12	0	14
SCAF_667_region	13327	1572	0.12	0	14
SCAF_668	13319	2631	0.20	0	3
SCAF_668_region	13319	2631	0.20	0	3
SCAF_669	13303	2001	0.15	0	27
SCAF_669_region	13303	2001	0.15	0	27
SCAF_670	13293	1741	0.13	0	19
SCAF_670_region	13293	1741	0.13	0	19
SCAF_671	13288	2450	0.18	0	11
SCAF_671_region	13288	2450	0.18	0	11
SCAF_672	13266	799	0.06	0	7
SCAF_672_region	13266	799	0.06	0	7
SCAF_673	13189	8683	0.66	0	89
SCAF_673_region	13189	8683	0.66	0	89
SCAF_674	13149	4032	0.31	0	23
SCAF_674_region	13149	4032	0.31	0	23
SCAF_675	13128	1829	0.14	0	6
SCAF_675_region	13128	1829	0.14	0	6
SCAF_676	13120	1478	0.11	0	3
SCAF_676_region	13120	1478	0.11	0	3
SCAF_677	13080	11787	0.90	0	118
SCAF_677_region	13080	11787	0.90	0	118
SCAF_678	13050	333	0.03	0	2
SCAF_678_region	13050	333	0.03	0	2
SCAF_679	13043	4293	0.33	0	6
SCAF_679_region	13043	4293	0.33	0	6
SCAF_680	13008	3319	0.26	0	27
SCAF_680_region	13008	3319	0.26	0	27
SCAF_681	13001	3270	0.25	0	25
SCAF_681_region	13001	3270	0.25	0	25
SCAF_682	12997	1631	0.13	0	8
SCAF_682_region	12997	1631	0.13	0	8
SCAF_683	12986	509	0.04	0	2
SCAF_683_region	12986	509	0.04	0	2
SCAF_684	12871	1652	0.13	0	5
SCAF_684_region	12871	1652	0.13	0	5
SCAF_685	12842	1649	0.13	0	31
SCAF_685_region	12842	1649	0.13	0	31
SCAF_686	12830	2069	0.16	0	9
SCAF_686_region	12830	2069	0.16	0	9
SCAF_687	12781	1510	0.12	0	18
SCAF_687_region	12781	1510	0.12	0	18
SCAF_688	12768	2901	0.23	0	17
SCAF_688_region	12768	2901	0.23	0	17
SCAF_689	12768	1273	0.10	0	10
SCAF_689_region	12768	1273	0.10	0	10
SCAF_690	12764	6343	0.50	0	9
SCAF_690_region	12764	6343	0.50	0	9
SCAF_691	12677	3082	0.24	0	12
SCAF_691_region	12677	3082	0.24	0	12
SCAF_692	12675	491	0.04	0	4
SCAF_692_region	12675	491	0.04	0	4
SCAF_693	12651	964	0.08	0	11
SCAF_693_region	12651	964	0.08	0	11
SCAF_694	12646	4217	0.33	0	10
SCAF_694_region	12646	4217	0.33	0	10
SCAF_695	12643	10185	0.81	0	14
SCAF_695_region	12643	10185	0.81	0	14
SCAF_696	12633	4699	0.37	0	11
SCAF_696_region	12633	4699	0.37	0	11
SCAF_697	12625	747	0.06	0	5
SCAF_697_region	12625	747	0.06	0	5
SCAF_698	12617	1827	0.14	0	3
SCAF_698_region	12617	1827	0.14	0	3
SCAF_699	12540	1489	0.12	0	3
SCAF_699_region	12540	1489	0.12	0	3
SCAF_700	12515	518	0.04	0	20
SCAF_700_region	12515	518	0.04	0	20
SCAF_701	12482	659	0.05	0	2
SCAF_701_region	12482	659	0.05	0	2
SCAF_702	12461	2484	0.20	0	21
SCAF_702_region	12461	2484	0.20	0	21
SCAF_703	12456	3154	0.25	0	24
SCAF_703_region	12456	3154	0.25	0	24
SCAF_704	12456	2122	0.17	0	26
SCAF_704_region	12456	2122	0.17	0	26
SCAF_705	12358	2160	0.17	0	8
SCAF_705_region	12358	2160	0.17	0	8
SCAF_706	12350	7781	0.63	0	10
SCAF_706_region	12350	7781	0.63	0	10
SCAF_707	12343	2853	0.23	0	4
SCAF_707_region	12343	2853	0.23	0	4
SCAF_708	12333	344	0.03	0	1
SCAF_708_region	12333	344	0.03	0	1
SCAF_709	12319	3169428	257.28	0	1445
SCAF_709_region	12319	3169428	257.28	0	1445
SCAF_710	12288	2759	0.22	0	13
SCAF_710_region	12288	2759	0.22	0	13
SCAF_711	12252	7011	0.57	0	8
SCAF_711_region	12252	7011	0.57	0	8
SCAF_712	12218	29979	2.45	0	91
SCAF_712_region	12218	29979	2.45	0	91
SCAF_713	12177	2787	0.23	0	6
SCAF_713_region	12177	2787	0.23	0	6
SCAF_714	12167	867	0.07	0	3
SCAF_714_region	12167	867	0.07	0	3
SCAF_715	12163	646	0.05	0	8
SCAF_715_region	12163	646	0.05	0	8
SCAF_716	12143	500	0.04	0	2
SCAF_716_region	12143	500	0.04	0	2
SCAF_717	12102	1608	0.13	0	36
SCAF_717_region	12102	1608	0.13	0	36
SCAF_718	12099	4791	0.40	0	8
SCAF_718_region	12099	4791	0.40	0	8
SCAF_719	12095	3569	0.30	0	27
SCAF_719_region	12095	3569	0.30	0	27
SCAF_720	12085	3253	0.27	0	4
SCAF_720_region	12085	3253	0.27	0	4
SCAF_721	12078	3073	0.25	0	5
SCAF_721_region	12078	3073	0.25	0	5
SCAF_722	12066	797	0.07	0	4
SCAF_722_region	12066	797	0.07	0	4
SCAF_723	12015	869	0.07	0	4
SCAF_723_region	12015	869	0.07	0	4
SCAF_724	12004	239	0.02	0	3
SCAF_724_region	12004	239	0.02	0	3
SCAF_725	11949	3017	0.25	0	28
SCAF_725_region	11949	3017	0.25	0	28
SCAF_726	11911	403	0.03	0	4
SCAF_726_region	11911	403	0.03	0	4
SCAF_727	11900	1286	0.11	0	28
SCAF_727_region	11900	1286	0.11	0	28
SCAF_728	11869	10383	0.87	0	21
SCAF_728_region	11869	10383	0.87	0	21
SCAF_729	11788	8070	0.68	0	9
SCAF_729_region	11788	8070	0.68	0	9
SCAF_730	11785	766	0.06	0	2
SCAF_730_region	11785	766	0.06	0	2
SCAF_731	11750	1932	0.16	0	8
SCAF_731_region	11750	1932	0.16	0	8
SCAF_732	11699	1706	0.15	0	34
SCAF_732_region	11699	1706	0.15	0	34
SCAF_733	11674	6704	0.57	0	331
SCAF_733_region	11674	6704	0.57	0	331
SCAF_734	11658	4853	0.42	0	10
SCAF_734_region	11658	4853	0.42	0	10
SCAF_735	11648	6333	0.54	0	9
SCAF_735_region	11648	6333	0.54	0	9
SCAF_736	11642	1949	0.17	0	13
SCAF_736_region	11642	1949	0.17	0	13
SCAF_737	11612	457	0.04	0	2
SCAF_737_region	11612	457	0.04	0	2
SCAF_738	11595	464	0.04	0	10
SCAF_738_region	11595	464	0.04	0	10
SCAF_739	11525	3317	0.29	0	35
SCAF_739_region	11525	3317	0.29	0	35
SCAF_740	11505	1579	0.14	0	28
SCAF_740_region	11505	1579	0.14	0	28
SCAF_741	11492	409	0.04	0	6
SCAF_741_region	11492	409	0.04	0	6
SCAF_742	11467	6029848	525.84	0	2072
SCAF_742_region	11467	6029848	525.84	0	2072
SCAF_743	11404	370	0.03	0	2
SCAF_743_region	11404	370	0.03	0	2
SCAF_744	11377	557	0.05	0	3
SCAF_744_region	11377	557	0.05	0	3
SCAF_745	11364	1307	0.12	0	6
SCAF_745_region	11364	1307	0.12	0	6
SCAF_746	11318	473	0.04	0	9
SCAF_746_region	11318	473	0.04	0	9
SCAF_747	11311	109124	9.65	0	396
SCAF_747_region	11311	109124	9.65	0	396
SCAF_748	11306	1041	0.09	0	3
SCAF_748_region	11306	1041	0.09	0	3
SCAF_749	11299	3794	0.34	0	5
SCAF_749_region	11299	3794	0.34	0	5
SCAF_750	11284	1672	0.15	0	16
SCAF_750_region	11284	1672	0.15	0	16
SCAF_751	11276	2745	0.24	0	7
SCAF_751_region	11276	2745	0.24	0	7
SCAF_752	11267	1140	0.10	0	11
SCAF_752_region	11267	1140	0.10	0	11
SCAF_753	11254	2640	0.23	0	5
SCAF_753_region	11254	2640	0.23	0	5
SCAF_754	11236	901	0.08	0	4
SCAF_754_region	11236	901	0.08	0	4
SCAF_755	11231	443	0.04	0	4
SCAF_755_region	11231	443	0.04	0	4
SCAF_756	11200	4361	0.39	0	17
SCAF_756_region	11200	4361	0.39	0	17
SCAF_757	11195	1462	0.13	0	24
SCAF_757_region	11195	1462	0.13	0	24
SCAF_758	11126	2085	0.19	0	31
SCAF_758_region	11126	2085	0.19	0	31
SCAF_759	11118	820	0.07	0	9
SCAF_759_region	11118	820	0.07	0	9
SCAF_760	11100	1081	0.10	0	31
SCAF_760_region	11100	1081	0.10	0	31
SCAF_761	11097	3206	0.29	0	6
SCAF_761_region	11097	3206	0.29	0	6
SCAF_762	11029	575	0.05	0	2
SCAF_762_region	11029	575	0.05	0	2
SCAF_763	11019	1052	0.10	0	3
SCAF_763_region	11019	1052	0.10	0	3
SCAF_764	10979	39788	3.62	0	236
SCAF_764_region	10979	39788	3.62	0	236
SCAF_765	10957	95	0.01	0	1
SCAF_765_region	10957	95	0.01	0	1
SCAF_766	10940	4384	0.40	0	11
SCAF_766_region	10940	4384	0.40	0	11
SCAF_767	10913	497	0.05	0	8
SCAF_767_region	10913	497	0.05	0	8
SCAF_768	10886	1521	0.14	0	3
SCAF_768_region	10886	1521	0.14	0	3
SCAF_769	10867	1167	0.11	0	10
SCAF_769_region	10867	1167	0.11	0	10
SCAF_770	10816	453	0.04	0	3
SCAF_770_region	10816	453	0.04	0	3
SCAF_771	10810	487	0.05	0	4
SCAF_771_region	10810	487	0.05	0	4
SCAF_772	10709	2678	0.25	0	5
SCAF_772_region	10709	2678	0.25	0	5
SCAF_773	10688	40780	3.82	0	39
SCAF_773_region	10688	40780	3.82	0	39
SCAF_774	10648	1186	0.11	0	3
SCAF_774_region	10648	1186	0.11	0	3
SCAF_775	10642	158	0.01	0	2
SCAF_775_region	10642	158	0.01	0	2
SCAF_776	10612	2733	0.26	0	7
SCAF_776_region	10612	2733	0.26	0	7
SCAF_777	10608	4541	0.43	0	5
SCAF_777_region	10608	4541	0.43	0	5
SCAF_778	10604	846	0.08	0	16
SCAF_778_region	10604	846	0.08	0	16
SCAF_779	10578	1051	0.10	0	13
SCAF_779_region	10578	1051	0.10	0	13
SCAF_780	10571	486	0.05	0	3
SCAF_780_region	10571	486	0.05	0	3
SCAF_781	10511	1086	0.10	0	5
SCAF_781_region	10511	1086	0.10	0	5
SCAF_782	10492	298	0.03	0	3
SCAF_782_region	10492	298	0.03	0	3
SCAF_783	10421	840	0.08	0	5
SCAF_783_region	10421	840	0.08	0	5
SCAF_784	10379	4038	0.39	0	6
SCAF_784_region	10379	4038	0.39	0	6
SCAF_785	10337	5475	0.53	0	18
SCAF_785_region	10337	5475	0.53	0	18
SCAF_786	10326	3910	0.38	0	6
SCAF_786_region	10326	3910	0.38	0	6
SCAF_787	10326	2498	0.24	0	6
SCAF_787_region	10326	2498	0.24	0	6
SCAF_788	10316	1684	0.16	0	4
SCAF_788_region	10316	1684	0.16	0	4
SCAF_789	10256	261	0.03	0	2
SCAF_789_region	10256	261	0.03	0	2
SCAF_790	10228	353	0.03	0	2
SCAF_790_region	10228	353	0.03	0	2
SCAF_791	10185	1229	0.12	0	23
SCAF_791_region	10185	1229	0.12	0	23
SCAF_792	10184	3715	0.36	0	5
SCAF_792_region	10184	3715	0.36	0	5
SCAF_793	10160	741	0.07	0	3
SCAF_793_region	10160	741	0.07	0	3
SCAF_794	10147	399	0.04	0	2
SCAF_794_region	10147	399	0.04	0	2
SCAF_795	10110	290	0.03	0	3
SCAF_795_region	10110	290	0.03	0	3
SCAF_796	10045	221	0.02	0	2
SCAF_796_region	10045	221	0.02	0	2
SCAF_797	10015	15682	1.57	0	70
SCAF_797_region	10015	15682	1.57	0	70
SCAF_798	10012	10498	1.05	0	27
SCAF_798_region	10012	10498	1.05	0	27
SCAF_799	9978	3872	0.39	0	6
SCAF_799_region	9978	3872	0.39	0	6
SCAF_800	9947	37230	3.74	0	109
SCAF_800_region	9947	37230	3.74	0	109
SCAF_801	9941	1490	0.15	0	31
SCAF_801_region	9941	1490	0.15	0	31
SCAF_802	9910	369	0.04	0	3
SCAF_802_region	9910	369	0.04	0	3
SCAF_803	9879	1120	0.11	0	16
SCAF_803_region	9879	1120	0.11	0	16
SCAF_804	9861	798	0.08	0	2
SCAF_804_region	9861	798	0.08	0	2
SCAF_805	9859	583	0.06	0	6
SCAF_805_region	9859	583	0.06	0	6
SCAF_806	9855	728	0.07	0	11
SCAF_806_region	9855	728	0.07	0	11
SCAF_807	9792	590	0.06	0	1
SCAF_807_region	9792	590	0.06	0	1
SCAF_808	9784	750	0.08	0	4
SCAF_808_region	9784	750	0.08	0	4
SCAF_809	9773	1106	0.11	0	4
SCAF_809_region	9773	1106	0.11	0	4
SCAF_810	9756	1564	0.16	0	4
SCAF_810_region	9756	1564	0.16	0	4
SCAF_811	9753	650	0.07	0	1
SCAF_811_region	9753	650	0.07	0	1
SCAF_812	9719	1324	0.14	0	9
SCAF_812_region	9719	1324	0.14	0	9
SCAF_813	9715	2203	0.23	0	22
SCAF_813_region	9715	2203	0.23	0	22
SCAF_814	9708	11780	1.21	0	45
SCAF_814_region	9708	11780	1.21	0	45
SCAF_815	9700	2981	0.31	0	24
SCAF_815_region	9700	2981	0.31	0	24
SCAF_816	9673	800	0.08	0	5
SCAF_816_region	9673	800	0.08	0	5
SCAF_817	9638	1172	0.12	0	16
SCAF_817_region	9638	1172	0.12	0	16
SCAF_818	9601	8727	0.91	0	17
SCAF_818_region	9601	8727	0.91	0	17
SCAF_819	9601	1126	0.12	0	34
SCAF_819_region	9601	1126	0.12	0	34
SCAF_820	9550	105436	11.04	0	111
SCAF_820_region	9550	105436	11.04	0	111
SCAF_821	9533	4336	0.45	0	7
SCAF_821_region	9533	4336	0.45	0	7
SCAF_822	9498	3851	0.41	0	7
SCAF_822_region	9498	3851	0.41	0	7
SCAF_823	9466	2364289	249.77	0	796
SCAF_823_region	9466	2364289	249.77	0	796
SCAF_824	9457	805	0.09	0	19
SCAF_824_region	9457	805	0.09	0	19
SCAF_825	9446	1103	0.12	0	4
SCAF_825_region	9446	1103	0.12	0	4
SCAF_826	9385	1605	0.17	0	4
SCAF_826_region	9385	1605	0.17	0	4
SCAF_827	9376	1129	0.12	0	2
SCAF_827_region	9376	1129	0.12	0	2
SCAF_828	9365	230	0.02	0	2
SCAF_828_region	9365	230	0.02	0	2
SCAF_829	9320	1220	0.13	0	3
SCAF_829_region	9320	1220	0.13	0	3
SCAF_830	9303	1690	0.18	0	25
SCAF_830_region	9303	1690	0.18	0	25
SCAF_831	9295	1251	0.13	0	4
SCAF_831_region	9295	1251	0.13	0	4
SCAF_832	9282	3548	0.38	0	5
SCAF_832_region	9282	3548	0.38	0	5
SCAF_833	9263	1539	0.17	0	20
SCAF_833_region	9263	1539	0.17	0	20
SCAF_834	9159	364922	39.84	0	3245
SCAF_834_region	9159	364922	39.84	0	3245
SCAF_835	9159	1015	0.11	0	7
SCAF_835_region	9159	1015	0.11	0	7
SCAF_836	9157	790	0.09	0	4
SCAF_836_region	9157	790	0.09	0	4
SCAF_837	9095	310	0.03	0	5
SCAF_837_region	9095	310	0.03	0	5
SCAF_838	9078	224	0.02	0	2
SCAF_838_region	9078	224	0.02	0	2
SCAF_839	9057	1244	0.14	0	5
SCAF_839_region	9057	1244	0.14	0	5
SCAF_840	9014	456	0.05	0	6
SCAF_840_region	9014	456	0.05	0	6
SCAF_841	8986	1661	0.18	0	22
SCAF_841_region	8986	1661	0.18	0	22
SCAF_842	8986	923	0.10	0	6
SCAF_842_region	8986	923	0.10	0	6
SCAF_843	8952	423	0.05	0	4
SCAF_843_region	8952	423	0.05	0	4
SCAF_844	8935	922152	103.21	0	5099
SCAF_844_region	8935	922152	103.21	0	5099
SCAF_845	8927	3222	0.36	0	5
SCAF_845_region	8927	3222	0.36	0	5
SCAF_846	8908	15320	1.72	0	32
SCAF_846_region	8908	15320	1.72	0	32
SCAF_847	8868	3753	0.42	0	7
SCAF_847_region	8868	3753	0.42	0	7
SCAF_848	8867	803	0.09	0	24
SCAF_848_region	8867	803	0.09	0	24
SCAF_849	8825	1333	0.15	0	5
SCAF_849_region	8825	1333	0.15	0	5
SCAF_850	8771	521	0.06	0	6
SCAF_850_region	8771	521	0.06	0	6
SCAF_851	8703	524	0.06	0	6
SCAF_851_region	8703	524	0.06	0	6
SCAF_852	8695	453	0.05	0	6
SCAF_852_region	8695	453	0.05	0	6
SCAF_853	8662	80	0.01	0	2
SCAF_853_region	8662	80	0.01	0	2
SCAF_854	8634	1516	0.18	0	19
SCAF_854_region	8634	1516	0.18	0	19
SCAF_855	8630	782	0.09	0	19
SCAF_855_region	8630	782	0.09	0	19
SCAF_856	8617	2560307	297.12	0	1137
SCAF_856_region	8617	2560307	297.12	0	1137
SCAF_857	8469	1891	0.22	0	3
SCAF_857_region	8469	1891	0.22	0	3
SCAF_858	8431	139	0.02	0	2
SCAF_858_region	8431	139	0.02	0	2
SCAF_859	8397	721	0.09	0	6
SCAF_859_region	8397	721	0.09	0	6
SCAF_860	8390	1076	0.13	0	4
SCAF_860_region	8390	1076	0.13	0	4
SCAF_861	8357	1133	0.14	0	5
SCAF_861_region	8357	1133	0.14	0	5
SCAF_862	8342	193627	23.21	0	3163
SCAF_862_region	8342	193627	23.21	0	3163
SCAF_863	8337	1716	0.21	0	33
SCAF_863_region	8337	1716	0.21	0	33
SCAF_864	8258	831	0.10	0	5
SCAF_864_region	8258	831	0.10	0	5
SCAF_865	8103	299	0.04	0	2
SCAF_865_region	8103	299	0.04	0	2
SCAF_866	8034	931	0.12	0	25
SCAF_866_region	8034	931	0.12	0	25
SCAF_867	8027	739	0.09	0	3
SCAF_867_region	8027	739	0.09	0	3
SCAF_868	8017	639	0.08	0	4
SCAF_868_region	8017	639	0.08	0	4
SCAF_869	8015	512	0.06	0	18
SCAF_869_region	8015	512	0.06	0	18
SCAF_870	8015	515	0.06	0	4
SCAF_870_region	8015	515	0.06	0	4
SCAF_871	8000	683	0.09	0	13
SCAF_871_region	8000	683	0.09	0	13
SCAF_872	7790	1383	0.18	0	4
SCAF_872_region	7790	1383	0.18	0	4
SCAF_873	7773	510	0.07	0	3
SCAF_873_region	7773	510	0.07	0	3
SCAF_874	7763	3952	0.51	0	10
SCAF_874_region	7763	3952	0.51	0	10
SCAF_875	7721	99	0.01	0	2
SCAF_875_region	7721	99	0.01	0	2
SCAF_876	7701	661	0.09	0	3
SCAF_876_region	7701	661	0.09	0	3
SCAF_877	7680	237	0.03	0	1
SCAF_877_region	7680	237	0.03	0	1
SCAF_878	7622	2589	0.34	0	6
SCAF_878_region	7622	2589	0.34	0	6
SCAF_879	7582	970	0.13	0	25
SCAF_879_region	7582	970	0.13	0	25
SCAF_880	7559	1771	0.23	0	24
SCAF_880_region	7559	1771	0.23	0	24
SCAF_881	7416	78680	10.61	0	203
SCAF_881_region	7416	78680	10.61	0	203
SCAF_882	7394	1018	0.14	0	3
SCAF_882_region	7394	1018	0.14	0	3
SCAF_883	7363	175	0.02	0	1
SCAF_883_region	7363	175	0.02	0	1
SCAF_884	7338	377	0.05	0	2
SCAF_884_region	7338	377	0.05	0	2
SCAF_885	7324	558	0.08	0	3
SCAF_885_region	7324	558	0.08	0	3
SCAF_886	7276	137	0.02	0	1
SCAF_886_region	7276	137	0.02	0	1
SCAF_887	7242	358	0.05	0	3
SCAF_887_region	7242	358	0.05	0	3
SCAF_888	7231	735	0.10	0	2
SCAF_888_region	7231	735	0.10	0	2
SCAF_889	7198	300	0.04	0	2
SCAF_889_region	7198	300	0.04	0	2
SCAF_890	7142	584	0.08	0	2
SCAF_890_region	7142	584	0.08	0	2
SCAF_891	7028	3187	0.45	0	9
SCAF_891_region	7028	3187	0.45	0	9
SCAF_892	7025	1799	0.26	0	6
SCAF_892_region	7025	1799	0.26	0	6
SCAF_893	7015	2434	0.35	0	4
SCAF_893_region	7015	2434	0.35	0	4
SCAF_894	6958	613	0.09	0	4
SCAF_894_region	6958	613	0.09	0	4
SCAF_895	6948	1248	0.18	0	6
SCAF_895_region	6948	1248	0.18	0	6
SCAF_896	6829	1130587	165.56	0	589
SCAF_896_region	6829	1130587	165.56	0	589
SCAF_897	6804	590	0.09	0	3
SCAF_897_region	6804	590	0.09	0	3
SCAF_898	6754	2513340	372.13	0	6001
SCAF_898_region	6754	2513340	372.13	0	6001
SCAF_899	6732	1274	0.19	0	32
SCAF_899_region	6732	1274	0.19	0	32
SCAF_900	6698	660	0.10	0	26
SCAF_900_region	6698	660	0.10	0	26
SCAF_901	6642	373	0.06	0	5
SCAF_901_region	6642	373	0.06	0	5
SCAF_902	6588	917	0.14	0	14
SCAF_902_region	6588	917	0.14	0	14
SCAF_903	6549	961	0.15	0	5
SCAF_903_region	6549	961	0.15	0	5
SCAF_904	6496	3883	0.60	0	9
SCAF_904_region	6496	3883	0.60	0	9
SCAF_905	6483	425	0.07	0	2
SCAF_905_region	6483	425	0.07	0	2
SCAF_906	6367	1026	0.16	0	23
SCAF_906_region	6367	1026	0.16	0	23
SCAF_907	6367	58	0.01	0	1
SCAF_907_region	6367	58	0.01	0	1
SCAF_908	6228	135639	21.78	0	172
SCAF_908_region	6228	135639	21.78	0	172
SCAF_909	6173	254	0.04	0	2
SCAF_909_region	6173	254	0.04	0	2
SCAF_910	6170	1232	0.20	0	32
SCAF_910_region	6170	1232	0.20	0	32
SCAF_911	6077	100	0.02	0	2
SCAF_911_region	6077	100	0.02	0	2
SCAF_912	6073	97	0.02	0	1
SCAF_912_region	6073	97	0.02	0	1
SCAF_913	6059	2960243	488.57	0	5041
SCAF_913_region	6059	2960243	488.57	0	5041
SCAF_914	6001	242	0.04	0	2
SCAF_914_region	6001	242	0.04	0	2
SCAF_915	5869	3320	0.57	0	23
SCAF_915_region	5869	3320	0.57	0	23
SCAF_916	5803	935	0.16	0	24
SCAF_916_region	5803	935	0.16	0	24
SCAF_917	5661	4246	0.75	0	6
SCAF_917_region	5661	4246	0.75	0	6
SCAF_918	5277	3949	0.75	0	9
SCAF_918_region	5277	3949	0.75	0	9
total	51514314	3510446681	68.15	0	193759
total_region	51514314	3510446681	68.15	0	193759
