chrom	length	bases	mean	min	max
SCAF_1	5574741	419400359	75.23	0	9307
SCAF_1_region	5574741	419400359	75.23	0	9307
SCAF_2	4079479	301349334	73.87	0	5105
SCAF_2_region	4079479	301349334	73.87	0	5105
SCAF_3	3666439	280619630	76.54	0	10333
SCAF_3_region	3666439	280619630	76.54	0	10333
SCAF_4	2601389	219972933	84.56	0	22863
SCAF_4_region	2601389	219972933	84.56	0	22863
SCAF_5	2032088	164313093	80.86	0	22455
SCAF_5_region	2032088	164313093	80.86	0	22455
SCAF_6	1976889	160470439	81.17	0	3727
SCAF_6_region	1976889	160470439	81.17	0	3727
SCAF_7	1932263	153506761	79.44	0	13457
SCAF_7_region	1932263	153506761	79.44	0	13457
SCAF_8	1669080	121908270	73.04	0	9203
SCAF_8_region	1669080	121908270	73.04	0	9203
SCAF_9	1646134	123467897	75.00	0	3724
SCAF_9_region	1646134	123467897	75.00	0	3724
SCAF_10	1570817	124631447	79.34	0	11248
SCAF_10_region	1570817	124631447	79.34	0	11248
SCAF_11	1437752	116455776	81.00	0	4318
SCAF_11_region	1437752	116455776	81.00	0	4318
SCAF_12	978195	89344227	91.34	0	331465
SCAF_12_region	978195	89344227	91.34	0	331465
SCAF_13	598471	9110068	15.22	0	3198
SCAF_13_region	598471	9110068	15.22	0	3198
SCAF_14	247525	93315626	376.99	0	5331
SCAF_14_region	247525	93315626	376.99	0	5331
SCAF_15	224905	705699	3.14	0	127
SCAF_15_region	224905	705699	3.14	0	127
SCAF_16	181804	1349808	7.42	0	3949
SCAF_16_region	181804	1349808	7.42	0	3949
SCAF_17	176395	408512	2.32	0	44
SCAF_17_region	176395	408512	2.32	0	44
SCAF_18	160122	163373	1.02	0	30
SCAF_18_region	160122	163373	1.02	0	30
SCAF_19	139354	168187	1.21	0	43
SCAF_19_region	139354	168187	1.21	0	43
SCAF_20	131876	289252	2.19	0	41
SCAF_20_region	131876	289252	2.19	0	41
SCAF_21	130124	516036	3.97	0	215
SCAF_21_region	130124	516036	3.97	0	215
SCAF_22	121580	399382	3.28	0	40
SCAF_22_region	121580	399382	3.28	0	40
SCAF_23	117381	316767	2.70	0	1085
SCAF_23_region	117381	316767	2.70	0	1085
SCAF_24	115879	253907	2.19	0	43
SCAF_24_region	115879	253907	2.19	0	43
SCAF_25	115495	271566	2.35	0	312
SCAF_25_region	115495	271566	2.35	0	312
SCAF_26	113072	273182	2.42	0	47
SCAF_26_region	113072	273182	2.42	0	47
SCAF_27	110609	4656408	42.10	0	8438
SCAF_27_region	110609	4656408	42.10	0	8438
SCAF_28	109542	184350	1.68	0	60
SCAF_28_region	109542	184350	1.68	0	60
SCAF_29	108319	8574794	79.16	0	2355
SCAF_29_region	108319	8574794	79.16	0	2355
SCAF_30	107902	5140629	47.64	0	654
SCAF_30_region	107902	5140629	47.64	0	654
SCAF_31	106626	2639247	24.75	0	660
SCAF_31_region	106626	2639247	24.75	0	660
SCAF_32	102192	2423507	23.72	0	2267
SCAF_32_region	102192	2423507	23.72	0	2267
SCAF_33	98221	366012	3.73	0	30
SCAF_33_region	98221	366012	3.73	0	30
SCAF_34	97882	293584	3.00	0	151
SCAF_34_region	97882	293584	3.00	0	151
SCAF_35	95705	77948	0.81	0	98
SCAF_35_region	95705	77948	0.81	0	98
SCAF_36	94431	224497	2.38	0	61
SCAF_36_region	94431	224497	2.38	0	61
SCAF_37	92851	142479	1.53	0	39
SCAF_37_region	92851	142479	1.53	0	39
SCAF_38	89142	346475	3.89	0	242
SCAF_38_region	89142	346475	3.89	0	242
SCAF_39	88257	245337	2.78	0	108
SCAF_39_region	88257	245337	2.78	0	108
SCAF_40	85354	373901	4.38	0	184
SCAF_40_region	85354	373901	4.38	0	184
SCAF_41	82239	178927	2.18	0	28
SCAF_41_region	82239	178927	2.18	0	28
SCAF_42	77162	209966	2.72	0	43
SCAF_42_region	77162	209966	2.72	0	43
SCAF_43	76714	210438	2.74	0	35
SCAF_43_region	76714	210438	2.74	0	35
SCAF_44	76272	2499803	32.77	0	415
SCAF_44_region	76272	2499803	32.77	0	415
SCAF_45	73110	83375	1.14	0	65
SCAF_45_region	73110	83375	1.14	0	65
SCAF_46	72118	296678	4.11	0	34
SCAF_46_region	72118	296678	4.11	0	34
SCAF_47	70166	184151	2.62	0	45
SCAF_47_region	70166	184151	2.62	0	45
SCAF_48	69627	288397	4.14	0	35
SCAF_48_region	69627	288397	4.14	0	35
SCAF_49	69624	841531	12.09	0	418
SCAF_49_region	69624	841531	12.09	0	418
SCAF_50	68258	228618	3.35	0	42
SCAF_50_region	68258	228618	3.35	0	42
SCAF_51	66966	134843	2.01	0	61
SCAF_51_region	66966	134843	2.01	0	61
SCAF_52	66855	133121	1.99	0	28
SCAF_52_region	66855	133121	1.99	0	28
SCAF_53	65552	76922	1.17	0	39
SCAF_53_region	65552	76922	1.17	0	39
SCAF_54	65267	107392	1.65	0	29
SCAF_54_region	65267	107392	1.65	0	29
SCAF_55	65114	146092	2.24	0	56
SCAF_55_region	65114	146092	2.24	0	56
SCAF_56	62812	62974	1.00	0	157
SCAF_56_region	62812	62974	1.00	0	157
SCAF_57	62187	35544	0.57	0	30
SCAF_57_region	62187	35544	0.57	0	30
SCAF_58	61544	384255	6.24	0	262
SCAF_58_region	61544	384255	6.24	0	262
SCAF_59	61533	105633	1.72	0	34
SCAF_59_region	61533	105633	1.72	0	34
SCAF_60	61411	1789769	29.14	0	5324
SCAF_60_region	61411	1789769	29.14	0	5324
SCAF_61	61115	243667	3.99	0	40
SCAF_61_region	61115	243667	3.99	0	40
SCAF_62	59972	566278	9.44	0	219
SCAF_62_region	59972	566278	9.44	0	219
SCAF_63	59743	127060	2.13	0	353
SCAF_63_region	59743	127060	2.13	0	353
SCAF_64	58841	281783	4.79	0	522
SCAF_64_region	58841	281783	4.79	0	522
SCAF_65	58838	84179	1.43	0	43
SCAF_65_region	58838	84179	1.43	0	43
SCAF_66	58483	812146	13.89	0	199
SCAF_66_region	58483	812146	13.89	0	199
SCAF_67	57162	111997	1.96	0	32
SCAF_67_region	57162	111997	1.96	0	32
SCAF_68	56404	1079474	19.14	0	236
SCAF_68_region	56404	1079474	19.14	0	236
SCAF_69	55942	190161	3.40	0	53
SCAF_69_region	55942	190161	3.40	0	53
SCAF_70	55722	243886	4.38	0	34
SCAF_70_region	55722	243886	4.38	0	34
SCAF_71	55604	220272	3.96	0	33
SCAF_71_region	55604	220272	3.96	0	33
SCAF_72	54709	43614	0.80	0	27
SCAF_72_region	54709	43614	0.80	0	27
SCAF_73	52157	31538	0.60	0	43
SCAF_73_region	52157	31538	0.60	0	43
SCAF_74	52077	129747	2.49	0	14
SCAF_74_region	52077	129747	2.49	0	14
SCAF_75	51185	62855	1.23	0	23
SCAF_75_region	51185	62855	1.23	0	23
SCAF_76	50428	2902959	57.57	0	1084
SCAF_76_region	50428	2902959	57.57	0	1084
SCAF_77	50384	9957	0.20	0	18
SCAF_77_region	50384	9957	0.20	0	18
SCAF_78	49366	236424	4.79	0	32
SCAF_78_region	49366	236424	4.79	0	32
SCAF_79	49160	66897	1.36	0	31
SCAF_79_region	49160	66897	1.36	0	31
SCAF_80	48966	163292	3.33	0	29
SCAF_80_region	48966	163292	3.33	0	29
SCAF_81	48848	19159	0.39	0	32
SCAF_81_region	48848	19159	0.39	0	32
SCAF_82	48542	258262	5.32	0	62
SCAF_82_region	48542	258262	5.32	0	62
SCAF_83	48542	41146	0.85	0	30
SCAF_83_region	48542	41146	0.85	0	30
SCAF_84	47775	30684	0.64	0	22
SCAF_84_region	47775	30684	0.64	0	22
SCAF_85	47318	242417	5.12	0	28
SCAF_85_region	47318	242417	5.12	0	28
SCAF_86	46994	198502	4.22	0	74
SCAF_86_region	46994	198502	4.22	0	74
SCAF_87	46805	92185	1.97	0	39
SCAF_87_region	46805	92185	1.97	0	39
SCAF_88	46738	264887	5.67	0	49
SCAF_88_region	46738	264887	5.67	0	49
SCAF_89	46547	152968	3.29	0	31
SCAF_89_region	46547	152968	3.29	0	31
SCAF_90	46221	45730	0.99	0	17
SCAF_90_region	46221	45730	0.99	0	17
SCAF_91	44916	203362	4.53	0	34
SCAF_91_region	44916	203362	4.53	0	34
SCAF_92	44616	10356115	232.12	0	3710
SCAF_92_region	44616	10356115	232.12	0	3710
SCAF_93	44136	19492	0.44	0	9
SCAF_93_region	44136	19492	0.44	0	9
SCAF_94	43913	74473	1.70	0	54
SCAF_94_region	43913	74473	1.70	0	54
SCAF_95	43808	54088	1.23	0	37
SCAF_95_region	43808	54088	1.23	0	37
SCAF_96	43342	64219	1.48	0	22
SCAF_96_region	43342	64219	1.48	0	22
SCAF_97	43038	9431359	219.14	0	4876
SCAF_97_region	43038	9431359	219.14	0	4876
SCAF_98	42896	29730	0.69	0	31
SCAF_98_region	42896	29730	0.69	0	31
SCAF_99	42178	88232	2.09	0	39
SCAF_99_region	42178	88232	2.09	0	39
SCAF_100	41993	21633	0.52	0	34
SCAF_100_region	41993	21633	0.52	0	34
SCAF_101	41585	142902	3.44	0	48
SCAF_101_region	41585	142902	3.44	0	48
SCAF_102	41267	8019610	194.33	0	695
SCAF_102_region	41267	8019610	194.33	0	695
SCAF_103	41164	92082	2.24	0	43
SCAF_103_region	41164	92082	2.24	0	43
SCAF_104	40984	142401	3.47	0	35
SCAF_104_region	40984	142401	3.47	0	35
SCAF_105	40971	40516	0.99	0	25
SCAF_105_region	40971	40516	0.99	0	25
SCAF_106	40689	119692	2.94	0	23
SCAF_106_region	40689	119692	2.94	0	23
SCAF_107	40038	65798	1.64	0	45
SCAF_107_region	40038	65798	1.64	0	45
SCAF_108	39998	27062	0.68	0	28
SCAF_108_region	39998	27062	0.68	0	28
SCAF_109	39904	28271	0.71	0	38
SCAF_109_region	39904	28271	0.71	0	38
SCAF_110	39605	100355	2.53	0	27
SCAF_110_region	39605	100355	2.53	0	27
SCAF_111	39279	147097	3.74	0	98
SCAF_111_region	39279	147097	3.74	0	98
SCAF_112	39164	7761547	198.18	0	665
SCAF_112_region	39164	7761547	198.18	0	665
SCAF_113	39049	190528	4.88	0	28
SCAF_113_region	39049	190528	4.88	0	28
SCAF_114	38983	36910	0.95	0	12
SCAF_114_region	38983	36910	0.95	0	12
SCAF_115	38824	1221449	31.46	0	1665
SCAF_115_region	38824	1221449	31.46	0	1665
SCAF_116	37823	12612	0.33	0	41
SCAF_116_region	37823	12612	0.33	0	41
SCAF_117	37728	8867624	235.04	0	3257
SCAF_117_region	37728	8867624	235.04	0	3257
SCAF_118	37705	122626	3.25	0	18
SCAF_118_region	37705	122626	3.25	0	18
SCAF_119	37514	101537	2.71	0	17
SCAF_119_region	37514	101537	2.71	0	17
SCAF_120	37456	6491943	173.32	0	1849
SCAF_120_region	37456	6491943	173.32	0	1849
SCAF_121	37441	5914713	157.97	0	1573
SCAF_121_region	37441	5914713	157.97	0	1573
SCAF_122	37347	1114462	29.84	0	517
SCAF_122_region	37347	1114462	29.84	0	517
SCAF_123	37222	45685	1.23	0	31
SCAF_123_region	37222	45685	1.23	0	31
SCAF_124	36961	524542	14.19	0	1135
SCAF_124_region	36961	524542	14.19	0	1135
SCAF_125	36710	117243	3.19	0	29
SCAF_125_region	36710	117243	3.19	0	29
SCAF_126	36614	29497	0.81	0	26
SCAF_126_region	36614	29497	0.81	0	26
SCAF_127	36584	90494	2.47	0	26
SCAF_127_region	36584	90494	2.47	0	26
SCAF_128	36068	183873	5.10	0	20
SCAF_128_region	36068	183873	5.10	0	20
SCAF_129	35972	147524	4.10	0	75
SCAF_129_region	35972	147524	4.10	0	75
SCAF_130	35925	122856	3.42	0	25
SCAF_130_region	35925	122856	3.42	0	25
SCAF_131	35704	3966	0.11	0	28
SCAF_131_region	35704	3966	0.11	0	28
SCAF_132	35264	73486	2.08	0	15
SCAF_132_region	35264	73486	2.08	0	15
SCAF_133	35121	7097580	202.09	0	3304
SCAF_133_region	35121	7097580	202.09	0	3304
SCAF_134	35117	42658	1.21	0	36
SCAF_134_region	35117	42658	1.21	0	36
SCAF_135	34903	34402	0.99	0	36
SCAF_135_region	34903	34402	0.99	0	36
SCAF_136	34900	5934811	170.05	0	718
SCAF_136_region	34900	5934811	170.05	0	718
SCAF_137	34765	92897	2.67	0	35
SCAF_137_region	34765	92897	2.67	0	35
SCAF_138	34687	110409	3.18	0	948
SCAF_138_region	34687	110409	3.18	0	948
SCAF_139	34615	76621	2.21	0	19
SCAF_139_region	34615	76621	2.21	0	19
SCAF_140	34599	6635390	191.78	0	2861
SCAF_140_region	34599	6635390	191.78	0	2861
SCAF_141	34497	3318780	96.20	0	4120
SCAF_141_region	34497	3318780	96.20	0	4120
SCAF_142	34440	5911456	171.65	0	634
SCAF_142_region	34440	5911456	171.65	0	634
SCAF_143	34384	39162	1.14	0	34
SCAF_143_region	34384	39162	1.14	0	34
SCAF_144	34330	87759	2.56	0	39
SCAF_144_region	34330	87759	2.56	0	39
SCAF_145	34087	35548	1.04	0	33
SCAF_145_region	34087	35548	1.04	0	33
SCAF_146	33692	121152	3.60	0	27
SCAF_146_region	33692	121152	3.60	0	27
SCAF_147	33483	6890622	205.79	0	4066
SCAF_147_region	33483	6890622	205.79	0	4066
SCAF_148	33469	33606	1.00	0	35
SCAF_148_region	33469	33606	1.00	0	35
SCAF_149	33420	4841860	144.88	0	614
SCAF_149_region	33420	4841860	144.88	0	614
SCAF_150	33347	14169	0.42	0	29
SCAF_150_region	33347	14169	0.42	0	29
SCAF_151	33283	58267	1.75	0	174
SCAF_151_region	33283	58267	1.75	0	174
SCAF_152	33266	30131	0.91	0	9
SCAF_152_region	33266	30131	0.91	0	9
SCAF_153	33237	30572	0.92	0	39
SCAF_153_region	33237	30572	0.92	0	39
SCAF_154	33139	20572	0.62	0	16
SCAF_154_region	33139	20572	0.62	0	16
SCAF_155	33127	8096302	244.40	0	1217
SCAF_155_region	33127	8096302	244.40	0	1217
SCAF_156	32748	85950	2.62	0	196
SCAF_156_region	32748	85950	2.62	0	196
SCAF_157	32666	420056	12.86	0	241
SCAF_157_region	32666	420056	12.86	0	241
SCAF_158	32618	5898	0.18	0	31
SCAF_158_region	32618	5898	0.18	0	31
SCAF_159	32358	4636	0.14	0	31
SCAF_159_region	32358	4636	0.14	0	31
SCAF_160	32136	95620	2.98	0	28
SCAF_160_region	32136	95620	2.98	0	28
SCAF_161	32035	111756	3.49	0	35
SCAF_161_region	32035	111756	3.49	0	35
SCAF_162	31954	57404	1.80	0	41
SCAF_162_region	31954	57404	1.80	0	41
SCAF_163	31782	148152	4.66	0	31
SCAF_163_region	31782	148152	4.66	0	31
SCAF_164	31669	27423	0.87	0	35
SCAF_164_region	31669	27423	0.87	0	35
SCAF_165	31629	133157	4.21	0	246
SCAF_165_region	31629	133157	4.21	0	246
SCAF_166	31581	5041	0.16	0	35
SCAF_166_region	31581	5041	0.16	0	35
SCAF_167	31556	53584	1.70	0	22
SCAF_167_region	31556	53584	1.70	0	22
SCAF_168	31421	138741	4.42	0	47
SCAF_168_region	31421	138741	4.42	0	47
SCAF_169	31314	40058	1.28	0	33
SCAF_169_region	31314	40058	1.28	0	33
SCAF_170	31127	15920	0.51	0	21
SCAF_170_region	31127	15920	0.51	0	21
SCAF_171	31061	6288429	202.45	0	1303
SCAF_171_region	31061	6288429	202.45	0	1303
SCAF_172	31059	3241	0.10	0	20
SCAF_172_region	31059	3241	0.10	0	20
SCAF_173	30866	31265	1.01	0	23
SCAF_173_region	30866	31265	1.01	0	23
SCAF_174	30739	7216784	234.78	0	3910
SCAF_174_region	30739	7216784	234.78	0	3910
SCAF_175	30330	9865	0.33	0	34
SCAF_175_region	30330	9865	0.33	0	34
SCAF_176	30301	282977	9.34	0	864
SCAF_176_region	30301	282977	9.34	0	864
SCAF_177	30226	30280	1.00	0	21
SCAF_177_region	30226	30280	1.00	0	21
SCAF_178	30187	15169	0.50	0	47
SCAF_178_region	30187	15169	0.50	0	47
SCAF_179	30183	133810	4.43	0	26
SCAF_179_region	30183	133810	4.43	0	26
SCAF_180	30131	27387	0.91	0	171
SCAF_180_region	30131	27387	0.91	0	171
SCAF_181	30071	65222	2.17	0	40
SCAF_181_region	30071	65222	2.17	0	40
SCAF_182	30032	53038	1.77	0	34
SCAF_182_region	30032	53038	1.77	0	34
SCAF_183	30005	8773	0.29	0	31
SCAF_183_region	30005	8773	0.29	0	31
SCAF_184	29541	1171378	39.65	0	652
SCAF_184_region	29541	1171378	39.65	0	652
SCAF_185	29415	18268	0.62	0	51
SCAF_185_region	29415	18268	0.62	0	51
SCAF_186	29375	98156	3.34	0	20
SCAF_186_region	29375	98156	3.34	0	20
SCAF_187	29360	30753	1.05	0	30
SCAF_187_region	29360	30753	1.05	0	30
SCAF_188	29327	103471	3.53	0	19
SCAF_188_region	29327	103471	3.53	0	19
SCAF_189	29236	20904	0.72	0	32
SCAF_189_region	29236	20904	0.72	0	32
SCAF_190	29216	84437	2.89	0	196
SCAF_190_region	29216	84437	2.89	0	196
SCAF_191	29200	14340	0.49	0	11
SCAF_191_region	29200	14340	0.49	0	11
SCAF_192	29083	5154761	177.24	0	708
SCAF_192_region	29083	5154761	177.24	0	708
SCAF_193	29081	26056	0.90	0	151
SCAF_193_region	29081	26056	0.90	0	151
SCAF_194	28863	2938776	101.82	0	750
SCAF_194_region	28863	2938776	101.82	0	750
SCAF_195	28688	23360	0.81	0	127
SCAF_195_region	28688	23360	0.81	0	127
SCAF_196	28688	205856	7.18	0	285
SCAF_196_region	28688	205856	7.18	0	285
SCAF_197	28670	19982	0.70	0	16
SCAF_197_region	28670	19982	0.70	0	16
SCAF_198	28585	73054	2.56	0	19
SCAF_198_region	28585	73054	2.56	0	19
SCAF_199	28585	668171	23.37	0	452
SCAF_199_region	28585	668171	23.37	0	452
SCAF_200	28563	131787	4.61	0	82
SCAF_200_region	28563	131787	4.61	0	82
SCAF_201	28551	25800	0.90	0	29
SCAF_201_region	28551	25800	0.90	0	29
SCAF_202	28219	107605	3.81	0	34
SCAF_202_region	28219	107605	3.81	0	34
SCAF_203	28217	21878	0.78	0	21
SCAF_203_region	28217	21878	0.78	0	21
SCAF_204	28187	86705	3.08	0	610
SCAF_204_region	28187	86705	3.08	0	610
SCAF_205	28138	23848	0.85	0	38
SCAF_205_region	28138	23848	0.85	0	38
SCAF_206	28111	57534	2.05	0	42
SCAF_206_region	28111	57534	2.05	0	42
SCAF_207	27959	91981	3.29	0	43
SCAF_207_region	27959	91981	3.29	0	43
SCAF_208	27935	5638758	201.85	0	3235
SCAF_208_region	27935	5638758	201.85	0	3235
SCAF_209	27830	112682	4.05	0	32
SCAF_209_region	27830	112682	4.05	0	32
SCAF_210	27781	11685	0.42	0	42
SCAF_210_region	27781	11685	0.42	0	42
SCAF_211	27774	142909	5.15	0	34
SCAF_211_region	27774	142909	5.15	0	34
SCAF_212	27772	36186	1.30	0	42
SCAF_212_region	27772	36186	1.30	0	42
SCAF_213	27728	34838	1.26	0	33
SCAF_213_region	27728	34838	1.26	0	33
SCAF_214	27690	131926	4.76	0	49
SCAF_214_region	27690	131926	4.76	0	49
SCAF_215	27659	5130912	185.51	0	1062
SCAF_215_region	27659	5130912	185.51	0	1062
SCAF_216	27637	32472	1.17	0	30
SCAF_216_region	27637	32472	1.17	0	30
SCAF_217	27634	5850	0.21	0	15
SCAF_217_region	27634	5850	0.21	0	15
SCAF_218	27594	96912	3.51	0	24
SCAF_218_region	27594	96912	3.51	0	24
SCAF_219	27563	3214	0.12	0	18
SCAF_219_region	27563	3214	0.12	0	18
SCAF_220	27545	130530	4.74	0	42
SCAF_220_region	27545	130530	4.74	0	42
SCAF_221	27530	61530	2.24	0	20
SCAF_221_region	27530	61530	2.24	0	20
SCAF_222	27515	4256	0.15	0	6
SCAF_222_region	27515	4256	0.15	0	6
SCAF_223	27476	27756	1.01	0	75
SCAF_223_region	27476	27756	1.01	0	75
SCAF_224	27450	30570	1.11	0	21
SCAF_224_region	27450	30570	1.11	0	21
SCAF_225	27344	13100	0.48	0	29
SCAF_225_region	27344	13100	0.48	0	29
SCAF_226	27270	309588	11.35	0	412
SCAF_226_region	27270	309588	11.35	0	412
SCAF_227	27232	38126	1.40	0	14
SCAF_227_region	27232	38126	1.40	0	14
SCAF_228	27189	63581	2.34	0	105
SCAF_228_region	27189	63581	2.34	0	105
SCAF_229	27037	17938	0.66	0	13
SCAF_229_region	27037	17938	0.66	0	13
SCAF_230	26948	16272	0.60	0	24
SCAF_230_region	26948	16272	0.60	0	24
SCAF_231	26899	50808	1.89	0	41
SCAF_231_region	26899	50808	1.89	0	41
SCAF_232	26856	62834	2.34	0	20
SCAF_232_region	26856	62834	2.34	0	20
SCAF_233	26767	18581	0.69	0	30
SCAF_233_region	26767	18581	0.69	0	30
SCAF_234	26700	5389616	201.86	0	687
SCAF_234_region	26700	5389616	201.86	0	687
SCAF_235	26660	7288575	273.39	0	2030
SCAF_235_region	26660	7288575	273.39	0	2030
SCAF_236	26499	12130	0.46	0	5
SCAF_236_region	26499	12130	0.46	0	5
SCAF_237	26482	52502	1.98	0	21
SCAF_237_region	26482	52502	1.98	0	21
SCAF_238	26369	45635	1.73	0	23
SCAF_238_region	26369	45635	1.73	0	23
SCAF_239	26171	101984	3.90	0	51
SCAF_239_region	26171	101984	3.90	0	51
SCAF_240	26148	20777	0.79	0	25
SCAF_240_region	26148	20777	0.79	0	25
SCAF_241	26131	70173	2.69	0	37
SCAF_241_region	26131	70173	2.69	0	37
SCAF_242	26114	26472	1.01	0	37
SCAF_242_region	26114	26472	1.01	0	37
SCAF_243	26085	46973	1.80	0	31
SCAF_243_region	26085	46973	1.80	0	31
SCAF_244	26060	3390	0.13	0	34
SCAF_244_region	26060	3390	0.13	0	34
SCAF_245	25968	16458	0.63	0	94
SCAF_245_region	25968	16458	0.63	0	94
SCAF_246	25946	4407433	169.87	0	672
SCAF_246_region	25946	4407433	169.87	0	672
SCAF_247	25940	131151	5.06	0	27
SCAF_247_region	25940	131151	5.06	0	27
SCAF_248	25895	10723	0.41	0	32
SCAF_248_region	25895	10723	0.41	0	32
SCAF_249	25885	137856	5.33	0	45
SCAF_249_region	25885	137856	5.33	0	45
SCAF_250	25884	71583	2.77	0	18
SCAF_250_region	25884	71583	2.77	0	18
SCAF_251	25874	16899	0.65	0	16
SCAF_251_region	25874	16899	0.65	0	16
SCAF_252	25864	3495	0.14	0	34
SCAF_252_region	25864	3495	0.14	0	34
SCAF_253	25825	27632	1.07	0	19
SCAF_253_region	25825	27632	1.07	0	19
SCAF_254	25798	82788	3.21	0	121
SCAF_254_region	25798	82788	3.21	0	121
SCAF_255	25728	10605	0.41	0	26
SCAF_255_region	25728	10605	0.41	0	26
SCAF_256	25725	21282	0.83	0	26
SCAF_256_region	25725	21282	0.83	0	26
SCAF_257	25720	34652	1.35	0	19
SCAF_257_region	25720	34652	1.35	0	19
SCAF_258	25700	85160	3.31	0	293
SCAF_258_region	25700	85160	3.31	0	293
SCAF_259	25645	56662	2.21	0	39
SCAF_259_region	25645	56662	2.21	0	39
SCAF_260	25595	61872	2.42	0	23
SCAF_260_region	25595	61872	2.42	0	23
SCAF_261	25593	126295	4.93	0	27
SCAF_261_region	25593	126295	4.93	0	27
SCAF_262	25592	60080	2.35	0	28
SCAF_262_region	25592	60080	2.35	0	28
SCAF_263	25481	13753	0.54	0	13
SCAF_263_region	25481	13753	0.54	0	13
SCAF_264	25444	79871	3.14	0	47
SCAF_264_region	25444	79871	3.14	0	47
SCAF_265	25436	16651	0.65	0	30
SCAF_265_region	25436	16651	0.65	0	30
SCAF_266	25377	28001	1.10	0	31
SCAF_266_region	25377	28001	1.10	0	31
SCAF_267	25340	99195	3.91	0	18
SCAF_267_region	25340	99195	3.91	0	18
SCAF_268	25329	31256	1.23	0	32
SCAF_268_region	25329	31256	1.23	0	32
SCAF_269	25264	11668	0.46	0	25
SCAF_269_region	25264	11668	0.46	0	25
SCAF_270	25225	15939	0.63	0	44
SCAF_270_region	25225	15939	0.63	0	44
SCAF_271	25206	30629	1.22	0	55
SCAF_271_region	25206	30629	1.22	0	55
SCAF_272	25161	13287	0.53	0	16
SCAF_272_region	25161	13287	0.53	0	16
SCAF_273	25090	14648	0.58	0	26
SCAF_273_region	25090	14648	0.58	0	26
SCAF_274	24834	13303	0.54	0	20
SCAF_274_region	24834	13303	0.54	0	20
SCAF_275	24832	4696599	189.13	0	2343
SCAF_275_region	24832	4696599	189.13	0	2343
SCAF_276	24811	49716	2.00	0	26
SCAF_276_region	24811	49716	2.00	0	26
SCAF_277	24713	29749	1.20	0	32
SCAF_277_region	24713	29749	1.20	0	32
SCAF_278	24673	8545	0.35	0	31
SCAF_278_region	24673	8545	0.35	0	31
SCAF_279	24542	66684	2.72	0	37
SCAF_279_region	24542	66684	2.72	0	37
SCAF_280	24528	13322	0.54	0	16
SCAF_280_region	24528	13322	0.54	0	16
SCAF_281	24435	3233	0.13	0	24
SCAF_281_region	24435	3233	0.13	0	24
SCAF_282	24359	4441	0.18	0	30
SCAF_282_region	24359	4441	0.18	0	30
SCAF_283	24173	66376	2.75	0	39
SCAF_283_region	24173	66376	2.75	0	39
SCAF_284	24152	3876409	160.50	0	555
SCAF_284_region	24152	3876409	160.50	0	555
SCAF_285	24110	1683	0.07	0	4
SCAF_285_region	24110	1683	0.07	0	4
SCAF_286	24066	1079918	44.87	0	1958
SCAF_286_region	24066	1079918	44.87	0	1958
SCAF_287	23981	4221	0.18	0	8
SCAF_287_region	23981	4221	0.18	0	8
SCAF_288	23980	56583	2.36	0	34
SCAF_288_region	23980	56583	2.36	0	34
SCAF_289	23950	28463	1.19	0	27
SCAF_289_region	23950	28463	1.19	0	27
SCAF_290	23945	32666	1.36	0	27
SCAF_290_region	23945	32666	1.36	0	27
SCAF_291	23886	38017	1.59	0	35
SCAF_291_region	23886	38017	1.59	0	35
SCAF_292	23860	21120	0.89	0	20
SCAF_292_region	23860	21120	0.89	0	20
SCAF_293	23814	138968	5.84	0	24
SCAF_293_region	23814	138968	5.84	0	24
SCAF_294	23796	24805	1.04	0	19
SCAF_294_region	23796	24805	1.04	0	19
SCAF_295	23767	134967	5.68	0	136
SCAF_295_region	23767	134967	5.68	0	136
SCAF_296	23762	506978	21.34	0	3148
SCAF_296_region	23762	506978	21.34	0	3148
SCAF_297	23695	51294	2.16	0	34
SCAF_297_region	23695	51294	2.16	0	34
SCAF_298	23666	6690	0.28	0	11
SCAF_298_region	23666	6690	0.28	0	11
SCAF_299	23648	321650	13.60	0	342
SCAF_299_region	23648	321650	13.60	0	342
SCAF_300	23643	5454912	230.72	0	2628
SCAF_300_region	23643	5454912	230.72	0	2628
SCAF_301	23638	19816	0.84	0	14
SCAF_301_region	23638	19816	0.84	0	14
SCAF_302	23633	28328	1.20	0	38
SCAF_302_region	23633	28328	1.20	0	38
SCAF_303	23629	93780	3.97	0	30
SCAF_303_region	23629	93780	3.97	0	30
SCAF_304	23571	42599	1.81	0	17
SCAF_304_region	23571	42599	1.81	0	17
SCAF_305	23555	42522	1.81	0	34
SCAF_305_region	23555	42522	1.81	0	34
SCAF_306	23322	17035	0.73	0	29
SCAF_306_region	23322	17035	0.73	0	29
SCAF_307	23295	28541	1.23	0	14
SCAF_307_region	23295	28541	1.23	0	14
SCAF_308	23075	3885837	168.40	0	2926
SCAF_308_region	23075	3885837	168.40	0	2926
SCAF_309	23057	80779	3.50	0	22
SCAF_309_region	23057	80779	3.50	0	22
SCAF_310	23011	129230	5.62	0	23
SCAF_310_region	23011	129230	5.62	0	23
SCAF_311	22999	6488	0.28	0	162
SCAF_311_region	22999	6488	0.28	0	162
SCAF_312	22896	144573	6.31	0	35
SCAF_312_region	22896	144573	6.31	0	35
SCAF_313	22877	8927	0.39	0	10
SCAF_313_region	22877	8927	0.39	0	10
SCAF_314	22871	5881898	257.18	0	3114
SCAF_314_region	22871	5881898	257.18	0	3114
SCAF_315	22844	630703	27.61	0	222
SCAF_315_region	22844	630703	27.61	0	222
SCAF_316	22844	7250	0.32	0	12
SCAF_316_region	22844	7250	0.32	0	12
SCAF_317	22833	85719	3.75	0	31
SCAF_317_region	22833	85719	3.75	0	31
SCAF_318	22713	24274	1.07	0	113
SCAF_318_region	22713	24274	1.07	0	113
SCAF_319	22685	5725	0.25	0	11
SCAF_319_region	22685	5725	0.25	0	11
SCAF_320	22653	10322	0.46	0	26
SCAF_320_region	22653	10322	0.46	0	26
SCAF_321	22554	64342	2.85	0	35
SCAF_321_region	22554	64342	2.85	0	35
SCAF_322	22539	44212	1.96	0	19
SCAF_322_region	22539	44212	1.96	0	19
SCAF_323	22525	26647	1.18	0	41
SCAF_323_region	22525	26647	1.18	0	41
SCAF_324	22489	66965	2.98	0	42
SCAF_324_region	22489	66965	2.98	0	42
SCAF_325	22468	30103	1.34	0	13
SCAF_325_region	22468	30103	1.34	0	13
SCAF_326	22392	5486657	245.03	0	2699
SCAF_326_region	22392	5486657	245.03	0	2699
SCAF_327	22337	16216	0.73	0	29
SCAF_327_region	22337	16216	0.73	0	29
SCAF_328	22280	5520259	247.77	0	915
SCAF_328_region	22280	5520259	247.77	0	915
SCAF_329	22245	17249	0.78	0	47
SCAF_329_region	22245	17249	0.78	0	47
SCAF_330	22040	20242	0.92	0	35
SCAF_330_region	22040	20242	0.92	0	35
SCAF_331	22029	6616	0.30	0	11
SCAF_331_region	22029	6616	0.30	0	11
SCAF_332	21923	60416	2.76	0	20
SCAF_332_region	21923	60416	2.76	0	20
SCAF_333	21867	16586	0.76	0	25
SCAF_333_region	21867	16586	0.76	0	25
SCAF_334	21813	67293	3.08	0	26
SCAF_334_region	21813	67293	3.08	0	26
SCAF_335	21800	42148	1.93	0	36
SCAF_335_region	21800	42148	1.93	0	36
SCAF_336	21691	8246	0.38	0	31
SCAF_336_region	21691	8246	0.38	0	31
SCAF_337	21675	11967	0.55	0	18
SCAF_337_region	21675	11967	0.55	0	18
SCAF_338	21621	24900	1.15	0	47
SCAF_338_region	21621	24900	1.15	0	47
SCAF_339	21529	30840	1.43	0	78
SCAF_339_region	21529	30840	1.43	0	78
SCAF_340	21472	12415	0.58	0	13
SCAF_340_region	21472	12415	0.58	0	13
SCAF_341	21449	48230	2.25	0	31
SCAF_341_region	21449	48230	2.25	0	31
SCAF_342	21444	526472	24.55	0	1759
SCAF_342_region	21444	526472	24.55	0	1759
SCAF_343	21365	7303	0.34	0	30
SCAF_343_region	21365	7303	0.34	0	30
SCAF_344	21355	39072	1.83	0	19
SCAF_344_region	21355	39072	1.83	0	19
SCAF_345	21334	82653	3.87	0	21
SCAF_345_region	21334	82653	3.87	0	21
SCAF_346	21294	4232370	198.76	0	683
SCAF_346_region	21294	4232370	198.76	0	683
SCAF_347	21288	4314	0.20	0	41
SCAF_347_region	21288	4314	0.20	0	41
SCAF_348	21209	9474	0.45	0	10
SCAF_348_region	21209	9474	0.45	0	10
SCAF_349	21199	3830	0.18	0	30
SCAF_349_region	21199	3830	0.18	0	30
SCAF_350	21189	22870	1.08	0	124
SCAF_350_region	21189	22870	1.08	0	124
SCAF_351	21106	65121	3.09	0	34
SCAF_351_region	21106	65121	3.09	0	34
SCAF_352	21098	15517	0.74	0	19
SCAF_352_region	21098	15517	0.74	0	19
SCAF_353	21078	7741	0.37	0	18
SCAF_353_region	21078	7741	0.37	0	18
SCAF_354	20991	23819	1.13	0	32
SCAF_354_region	20991	23819	1.13	0	32
SCAF_355	20981	5035	0.24	0	10
SCAF_355_region	20981	5035	0.24	0	10
SCAF_356	20980	85455	4.07	0	18
SCAF_356_region	20980	85455	4.07	0	18
SCAF_357	20976	11085	0.53	0	20
SCAF_357_region	20976	11085	0.53	0	20
SCAF_358	20871	14797	0.71	0	15
SCAF_358_region	20871	14797	0.71	0	15
SCAF_359	20831	10759	0.52	0	35
SCAF_359_region	20831	10759	0.52	0	35
SCAF_360	20777	19755	0.95	0	183
SCAF_360_region	20777	19755	0.95	0	183
SCAF_361	20737	21346	1.03	0	15
SCAF_361_region	20737	21346	1.03	0	15
SCAF_362	20702	93739	4.53	0	28
SCAF_362_region	20702	93739	4.53	0	28
SCAF_363	20586	3498	0.17	0	9
SCAF_363_region	20586	3498	0.17	0	9
SCAF_364	20574	13156	0.64	0	14
SCAF_364_region	20574	13156	0.64	0	14
SCAF_365	20553	5353	0.26	0	7
SCAF_365_region	20553	5353	0.26	0	7
SCAF_366	20522	13305	0.65	0	30
SCAF_366_region	20522	13305	0.65	0	30
SCAF_367	20517	9584	0.47	0	14
SCAF_367_region	20517	9584	0.47	0	14
SCAF_368	20452	36723	1.80	0	43
SCAF_368_region	20452	36723	1.80	0	43
SCAF_369	20438	60123	2.94	0	16
SCAF_369_region	20438	60123	2.94	0	16
SCAF_370	20350	28154	1.38	0	84
SCAF_370_region	20350	28154	1.38	0	84
SCAF_371	20349	37676	1.85	0	172
SCAF_371_region	20349	37676	1.85	0	172
SCAF_372	20285	15099	0.74	0	19
SCAF_372_region	20285	15099	0.74	0	19
SCAF_373	20282	302299	14.90	0	134
SCAF_373_region	20282	302299	14.90	0	134
SCAF_374	20282	3127953	154.22	0	723
SCAF_374_region	20282	3127953	154.22	0	723
SCAF_375	20179	136672	6.77	0	169
SCAF_375_region	20179	136672	6.77	0	169
SCAF_376	20174	112430	5.57	0	24
SCAF_376_region	20174	112430	5.57	0	24
SCAF_377	20160	93197	4.62	0	27
SCAF_377_region	20160	93197	4.62	0	27
SCAF_378	20157	3714824	184.29	0	1892
SCAF_378_region	20157	3714824	184.29	0	1892
SCAF_379	20150	38890	1.93	0	10
SCAF_379_region	20150	38890	1.93	0	10
SCAF_380	20140	41031	2.04	0	128
SCAF_380_region	20140	41031	2.04	0	128
SCAF_381	20082	18646	0.93	0	17
SCAF_381_region	20082	18646	0.93	0	17
SCAF_382	20068	17607	0.88	0	39
SCAF_382_region	20068	17607	0.88	0	39
SCAF_383	20052	14069	0.70	0	13
SCAF_383_region	20052	14069	0.70	0	13
SCAF_384	20039	44381	2.21	0	15
SCAF_384_region	20039	44381	2.21	0	15
SCAF_385	20036	12783	0.64	0	40
SCAF_385_region	20036	12783	0.64	0	40
SCAF_386	20004	90153	4.51	0	16
SCAF_386_region	20004	90153	4.51	0	16
SCAF_387	19967	102772	5.15	0	210
SCAF_387_region	19967	102772	5.15	0	210
SCAF_388	19953	41707	2.09	0	20
SCAF_388_region	19953	41707	2.09	0	20
SCAF_389	19874	5530	0.28	0	7
SCAF_389_region	19874	5530	0.28	0	7
SCAF_390	19870	3392106	170.71	0	750
SCAF_390_region	19870	3392106	170.71	0	750
SCAF_391	19819	5313	0.27	0	45
SCAF_391_region	19819	5313	0.27	0	45
SCAF_392	19814	19915	1.01	0	15
SCAF_392_region	19814	19915	1.01	0	15
SCAF_393	19805	10432	0.53	0	17
SCAF_393_region	19805	10432	0.53	0	17
SCAF_394	19796	93193	4.71	0	33
SCAF_394_region	19796	93193	4.71	0	33
SCAF_395	19788	1533075	77.47	0	2490
SCAF_395_region	19788	1533075	77.47	0	2490
SCAF_396	19769	29699	1.50	0	40
SCAF_396_region	19769	29699	1.50	0	40
SCAF_397	19737	10616	0.54	0	24
SCAF_397_region	19737	10616	0.54	0	24
SCAF_398	19694	51135	2.60	0	33
SCAF_398_region	19694	51135	2.60	0	33
SCAF_399	19627	53191	2.71	0	18
SCAF_399_region	19627	53191	2.71	0	18
SCAF_400	19559	20131	1.03	0	42
SCAF_400_region	19559	20131	1.03	0	42
SCAF_401	19529	19438	1.00	0	64
SCAF_401_region	19529	19438	1.00	0	64
SCAF_402	19485	24515	1.26	0	27
SCAF_402_region	19485	24515	1.26	0	27
SCAF_403	19440	16372	0.84	0	19
SCAF_403_region	19440	16372	0.84	0	19
SCAF_404	19429	21085	1.09	0	26
SCAF_404_region	19429	21085	1.09	0	26
SCAF_405	19412	11838	0.61	0	24
SCAF_405_region	19412	11838	0.61	0	24
SCAF_406	19412	16449	0.85	0	44
SCAF_406_region	19412	16449	0.85	0	44
SCAF_407	19392	12823	0.66	0	45
SCAF_407_region	19392	12823	0.66	0	45
SCAF_408	19383	1123	0.06	0	4
SCAF_408_region	19383	1123	0.06	0	4
SCAF_409	19350	17070	0.88	0	30
SCAF_409_region	19350	17070	0.88	0	30
SCAF_410	19334	41816	2.16	0	39
SCAF_410_region	19334	41816	2.16	0	39
SCAF_411	19319	7619	0.39	0	38
SCAF_411_region	19319	7619	0.39	0	38
SCAF_412	19298	32119	1.66	0	33
SCAF_412_region	19298	32119	1.66	0	33
SCAF_413	19281	45984	2.38	0	35
SCAF_413_region	19281	45984	2.38	0	35
SCAF_414	19250	30396	1.58	0	16
SCAF_414_region	19250	30396	1.58	0	16
SCAF_415	19240	17348	0.90	0	12
SCAF_415_region	19240	17348	0.90	0	12
SCAF_416	19198	22209	1.16	0	26
SCAF_416_region	19198	22209	1.16	0	26
SCAF_417	19156	4852	0.25	0	41
SCAF_417_region	19156	4852	0.25	0	41
SCAF_418	19069	3329279	174.59	0	467
SCAF_418_region	19069	3329279	174.59	0	467
SCAF_419	19061	24452	1.28	0	18
SCAF_419_region	19061	24452	1.28	0	18
SCAF_420	19040	2738	0.14	0	6
SCAF_420_region	19040	2738	0.14	0	6
SCAF_421	19012	82208	4.32	0	33
SCAF_421_region	19012	82208	4.32	0	33
SCAF_422	18950	22177	1.17	0	12
SCAF_422_region	18950	22177	1.17	0	12
SCAF_423	18945	19327	1.02	0	43
SCAF_423_region	18945	19327	1.02	0	43
SCAF_424	18943	15330	0.81	0	26
SCAF_424_region	18943	15330	0.81	0	26
SCAF_425	18932	39289	2.08	0	13
SCAF_425_region	18932	39289	2.08	0	13
SCAF_426	18882	17028	0.90	0	34
SCAF_426_region	18882	17028	0.90	0	34
SCAF_427	18874	17254	0.91	0	33
SCAF_427_region	18874	17254	0.91	0	33
SCAF_428	18866	978399	51.86	0	453
SCAF_428_region	18866	978399	51.86	0	453
SCAF_429	18866	32867	1.74	0	32
SCAF_429_region	18866	32867	1.74	0	32
SCAF_430	18815	33383	1.77	0	26
SCAF_430_region	18815	33383	1.77	0	26
SCAF_431	18805	70793	3.76	0	20
SCAF_431_region	18805	70793	3.76	0	20
SCAF_432	18790	58268	3.10	0	36
SCAF_432_region	18790	58268	3.10	0	36
SCAF_433	18773	7424	0.40	0	36
SCAF_433_region	18773	7424	0.40	0	36
SCAF_434	18766	15816	0.84	0	27
SCAF_434_region	18766	15816	0.84	0	27
SCAF_435	18753	28070	1.50	0	27
SCAF_435_region	18753	28070	1.50	0	27
SCAF_436	18746	9871	0.53	0	10
SCAF_436_region	18746	9871	0.53	0	10
SCAF_437	18721	30110	1.61	0	20
SCAF_437_region	18721	30110	1.61	0	20
SCAF_438	18669	3646	0.20	0	30
SCAF_438_region	18669	3646	0.20	0	30
SCAF_439	18588	696244	37.46	0	286
SCAF_439_region	18588	696244	37.46	0	286
SCAF_440	18561	39844	2.15	0	273
SCAF_440_region	18561	39844	2.15	0	273
SCAF_441	18530	8852	0.48	0	18
SCAF_441_region	18530	8852	0.48	0	18
SCAF_442	18489	14839	0.80	0	14
SCAF_442_region	18489	14839	0.80	0	14
SCAF_443	18479	16301	0.88	0	14
SCAF_443_region	18479	16301	0.88	0	14
SCAF_444	18424	30943	1.68	0	13
SCAF_444_region	18424	30943	1.68	0	13
SCAF_445	18396	81749	4.44	0	51
SCAF_445_region	18396	81749	4.44	0	51
SCAF_446	18392	37371	2.03	0	13
SCAF_446_region	18392	37371	2.03	0	13
SCAF_447	18255	17277	0.95	0	12
SCAF_447_region	18255	17277	0.95	0	12
SCAF_448	18252	43351	2.38	0	19
SCAF_448_region	18252	43351	2.38	0	19
SCAF_449	18248	57061	3.13	0	27
SCAF_449_region	18248	57061	3.13	0	27
SCAF_450	18208	10345	0.57	0	11
SCAF_450_region	18208	10345	0.57	0	11
SCAF_451	18202	154041	8.46	0	118
SCAF_451_region	18202	154041	8.46	0	118
SCAF_452	18192	9079	0.50	0	10
SCAF_452_region	18192	9079	0.50	0	10
SCAF_453	18150	2380	0.13	0	5
SCAF_453_region	18150	2380	0.13	0	5
SCAF_454	18134	2200	0.12	0	6
SCAF_454_region	18134	2200	0.12	0	6
SCAF_455	18114	3274	0.18	0	45
SCAF_455_region	18114	3274	0.18	0	45
SCAF_456	18112	14519	0.80	0	11
SCAF_456_region	18112	14519	0.80	0	11
SCAF_457	18054	59631	3.30	0	19
SCAF_457_region	18054	59631	3.30	0	19
SCAF_458	18006	62677	3.48	0	24
SCAF_458_region	18006	62677	3.48	0	24
SCAF_459	18000	4032	0.22	0	45
SCAF_459_region	18000	4032	0.22	0	45
SCAF_460	17967	25714	1.43	0	23
SCAF_460_region	17967	25714	1.43	0	23
SCAF_461	17943	23380	1.30	0	19
SCAF_461_region	17943	23380	1.30	0	19
SCAF_462	17929	232090	12.94	0	145
SCAF_462_region	17929	232090	12.94	0	145
SCAF_463	17921	8216	0.46	0	23
SCAF_463_region	17921	8216	0.46	0	23
SCAF_464	17913	99982	5.58	0	17
SCAF_464_region	17913	99982	5.58	0	17
SCAF_465	17912	66162	3.69	0	93
SCAF_465_region	17912	66162	3.69	0	93
SCAF_466	17886	19476	1.09	0	8
SCAF_466_region	17886	19476	1.09	0	8
SCAF_467	17859	218684	12.25	0	148
SCAF_467_region	17859	218684	12.25	0	148
SCAF_468	17837	7085	0.40	0	9
SCAF_468_region	17837	7085	0.40	0	9
SCAF_469	17802	2654	0.15	0	32
SCAF_469_region	17802	2654	0.15	0	32
SCAF_470	17776	20101	1.13	0	40
SCAF_470_region	17776	20101	1.13	0	40
SCAF_471	17682	14444	0.82	0	11
SCAF_471_region	17682	14444	0.82	0	11
SCAF_472	17646	43914	2.49	0	22
SCAF_472_region	17646	43914	2.49	0	22
SCAF_473	17646	27858	1.58	0	26
SCAF_473_region	17646	27858	1.58	0	26
SCAF_474	17642	2603775	147.59	0	881
SCAF_474_region	17642	2603775	147.59	0	881
SCAF_475	17613	14889	0.85	0	136
SCAF_475_region	17613	14889	0.85	0	136
SCAF_476	17602	37854	2.15	0	271
SCAF_476_region	17602	37854	2.15	0	271
SCAF_477	17571	2248	0.13	0	9
SCAF_477_region	17571	2248	0.13	0	9
SCAF_478	17535	25656	1.46	0	50
SCAF_478_region	17535	25656	1.46	0	50
SCAF_479	17528	27748	1.58	0	207
SCAF_479_region	17528	27748	1.58	0	207
SCAF_480	17503	41737	2.38	0	16
SCAF_480_region	17503	41737	2.38	0	16
SCAF_481	17502	12248	0.70	0	12
SCAF_481_region	17502	12248	0.70	0	12
SCAF_482	17480	5266	0.30	0	20
SCAF_482_region	17480	5266	0.30	0	20
SCAF_483	17476	22698	1.30	0	43
SCAF_483_region	17476	22698	1.30	0	43
SCAF_484	17457	282598	16.19	0	503
SCAF_484_region	17457	282598	16.19	0	503
SCAF_485	17386	83832	4.82	0	41
SCAF_485_region	17386	83832	4.82	0	41
SCAF_486	17362	73979	4.26	0	17
SCAF_486_region	17362	73979	4.26	0	17
SCAF_487	17332	27483	1.59	0	34
SCAF_487_region	17332	27483	1.59	0	34
SCAF_488	17327	77771	4.49	0	24
SCAF_488_region	17327	77771	4.49	0	24
SCAF_489	17303	65883	3.81	0	19
SCAF_489_region	17303	65883	3.81	0	19
SCAF_490	17273	10708	0.62	0	30
SCAF_490_region	17273	10708	0.62	0	30
SCAF_491	17245	1128507	65.44	0	306
SCAF_491_region	17245	1128507	65.44	0	306
SCAF_492	17239	26259	1.52	0	10
SCAF_492_region	17239	26259	1.52	0	10
SCAF_493	17219	93372	5.42	0	32
SCAF_493_region	17219	93372	5.42	0	32
SCAF_494	17218	51783	3.01	0	47
SCAF_494_region	17218	51783	3.01	0	47
SCAF_495	17211	27200	1.58	0	44
SCAF_495_region	17211	27200	1.58	0	44
SCAF_496	17198	27002	1.57	0	262
SCAF_496_region	17198	27002	1.57	0	262
SCAF_497	17190	1609	0.09	0	6
SCAF_497_region	17190	1609	0.09	0	6
SCAF_498	17162	12070	0.70	0	39
SCAF_498_region	17162	12070	0.70	0	39
SCAF_499	17147	45992	2.68	0	17
SCAF_499_region	17147	45992	2.68	0	17
SCAF_500	17144	10673	0.62	0	13
SCAF_500_region	17144	10673	0.62	0	13
SCAF_501	17142	6766	0.39	0	42
SCAF_501_region	17142	6766	0.39	0	42
SCAF_502	17124	44247	2.58	0	26
SCAF_502_region	17124	44247	2.58	0	26
SCAF_503	17118	97595	5.70	0	71
SCAF_503_region	17118	97595	5.70	0	71
SCAF_504	17076	19893	1.16	0	10
SCAF_504_region	17076	19893	1.16	0	10
SCAF_505	17047	3589575	210.57	0	877
SCAF_505_region	17047	3589575	210.57	0	877
SCAF_506	17043	188479	11.06	0	170
SCAF_506_region	17043	188479	11.06	0	170
SCAF_507	17035	50516	2.97	0	41
SCAF_507_region	17035	50516	2.97	0	41
SCAF_508	17021	33889	1.99	0	29
SCAF_508_region	17021	33889	1.99	0	29
SCAF_509	16971	82223	4.84	0	19
SCAF_509_region	16971	82223	4.84	0	19
SCAF_510	16897	46513	2.75	0	85
SCAF_510_region	16897	46513	2.75	0	85
SCAF_511	16849	41194	2.44	0	30
SCAF_511_region	16849	41194	2.44	0	30
SCAF_512	16807	43944	2.61	0	17
SCAF_512_region	16807	43944	2.61	0	17
SCAF_513	16787	2983	0.18	0	35
SCAF_513_region	16787	2983	0.18	0	35
SCAF_514	16784	75521	4.50	0	46
SCAF_514_region	16784	75521	4.50	0	46
SCAF_515	16776	64918	3.87	0	19
SCAF_515_region	16776	64918	3.87	0	19
SCAF_516	16745	3783	0.23	0	12
SCAF_516_region	16745	3783	0.23	0	12
SCAF_517	16741	32147	1.92	0	24
SCAF_517_region	16741	32147	1.92	0	24
SCAF_518	16733	34749	2.08	0	20
SCAF_518_region	16733	34749	2.08	0	20
SCAF_519	16710	20101	1.20	0	14
SCAF_519_region	16710	20101	1.20	0	14
SCAF_520	16702	2042890	122.31	0	1158
SCAF_520_region	16702	2042890	122.31	0	1158
SCAF_521	16701	51953	3.11	0	22
SCAF_521_region	16701	51953	3.11	0	22
SCAF_522	16645	11373	0.68	0	75
SCAF_522_region	16645	11373	0.68	0	75
SCAF_523	16623	60212	3.62	0	18
SCAF_523_region	16623	60212	3.62	0	18
SCAF_524	16568	7339	0.44	0	11
SCAF_524_region	16568	7339	0.44	0	11
SCAF_525	16548	6503	0.39	0	8
SCAF_525_region	16548	6503	0.39	0	8
SCAF_526	16541	15371	0.93	0	11
SCAF_526_region	16541	15371	0.93	0	11
SCAF_527	16518	3416240	206.82	0	757
SCAF_527_region	16518	3416240	206.82	0	757
SCAF_528	16510	30204	1.83	0	147
SCAF_528_region	16510	30204	1.83	0	147
SCAF_529	16492	8166	0.50	0	21
SCAF_529_region	16492	8166	0.50	0	21
SCAF_530	16462	16492	1.00	0	28
SCAF_530_region	16462	16492	1.00	0	28
SCAF_531	16461	3114	0.19	0	41
SCAF_531_region	16461	3114	0.19	0	41
SCAF_532	16447	37989	2.31	0	35
SCAF_532_region	16447	37989	2.31	0	35
SCAF_533	16383	10307	0.63	0	9
SCAF_533_region	16383	10307	0.63	0	9
SCAF_534	16345	13171	0.81	0	12
SCAF_534_region	16345	13171	0.81	0	12
SCAF_535	16343	3870	0.24	0	7
SCAF_535_region	16343	3870	0.24	0	7
SCAF_536	16333	7994	0.49	0	8
SCAF_536_region	16333	7994	0.49	0	8
SCAF_537	16287	38557	2.37	0	25
SCAF_537_region	16287	38557	2.37	0	25
SCAF_538	16266	7529	0.46	0	7
SCAF_538_region	16266	7529	0.46	0	7
SCAF_539	16246	2942	0.18	0	29
SCAF_539_region	16246	2942	0.18	0	29
SCAF_540	16245	7590	0.47	0	26
SCAF_540_region	16245	7590	0.47	0	26
SCAF_541	16215	11359	0.70	0	11
SCAF_541_region	16215	11359	0.70	0	11
SCAF_542	16208	5319	0.33	0	25
SCAF_542_region	16208	5319	0.33	0	25
SCAF_543	16160	11409	0.71	0	16
SCAF_543_region	16160	11409	0.71	0	16
SCAF_544	16140	1295	0.08	0	6
SCAF_544_region	16140	1295	0.08	0	6
SCAF_545	16102	15070	0.94	0	40
SCAF_545_region	16102	15070	0.94	0	40
SCAF_546	16083	76696	4.77	0	46
SCAF_546_region	16083	76696	4.77	0	46
SCAF_547	16037	7773	0.48	0	41
SCAF_547_region	16037	7773	0.48	0	41
SCAF_548	16034	21787	1.36	0	42
SCAF_548_region	16034	21787	1.36	0	42
SCAF_549	16030	32025	2.00	0	31
SCAF_549_region	16030	32025	2.00	0	31
SCAF_550	16027	2403	0.15	0	24
SCAF_550_region	16027	2403	0.15	0	24
SCAF_551	15990	26067	1.63	0	27
SCAF_551_region	15990	26067	1.63	0	27
SCAF_552	15913	75732	4.76	0	46
SCAF_552_region	15913	75732	4.76	0	46
SCAF_553	15906	4294	0.27	0	43
SCAF_553_region	15906	4294	0.27	0	43
SCAF_554	15898	46307	2.91	0	14
SCAF_554_region	15898	46307	2.91	0	14
SCAF_555	15891	33305	2.10	0	22
SCAF_555_region	15891	33305	2.10	0	22
SCAF_556	15885	56395	3.55	0	40
SCAF_556_region	15885	56395	3.55	0	40
SCAF_557	15855	17945	1.13	0	28
SCAF_557_region	15855	17945	1.13	0	28
SCAF_558	15839	15024	0.95	0	13
SCAF_558_region	15839	15024	0.95	0	13
SCAF_559	15827	99970	6.32	0	24
SCAF_559_region	15827	99970	6.32	0	24
SCAF_560	15823	23566	1.49	0	33
SCAF_560_region	15823	23566	1.49	0	33
SCAF_561	15791	73920	4.68	0	89
SCAF_561_region	15791	73920	4.68	0	89
SCAF_562	15777	2358085	149.46	0	676
SCAF_562_region	15777	2358085	149.46	0	676
SCAF_563	15776	17735	1.12	0	35
SCAF_563_region	15776	17735	1.12	0	35
SCAF_564	15761	13363	0.85	0	38
SCAF_564_region	15761	13363	0.85	0	38
SCAF_565	15717	43350	2.76	0	49
SCAF_565_region	15717	43350	2.76	0	49
SCAF_566	15706	2319	0.15	0	46
SCAF_566_region	15706	2319	0.15	0	46
SCAF_567	15696	65065	4.15	0	25
SCAF_567_region	15696	65065	4.15	0	25
SCAF_568	15657	73359	4.69	0	37
SCAF_568_region	15657	73359	4.69	0	37
SCAF_569	15650	9320	0.60	0	37
SCAF_569_region	15650	9320	0.60	0	37
SCAF_570	15646	11454	0.73	0	32
SCAF_570_region	15646	11454	0.73	0	32
SCAF_571	15619	1283	0.08	0	5
SCAF_571_region	15619	1283	0.08	0	5
SCAF_572	15612	11879	0.76	0	14
SCAF_572_region	15612	11879	0.76	0	14
SCAF_573	15605	14230	0.91	0	8
SCAF_573_region	15605	14230	0.91	0	8
SCAF_574	15575	4153	0.27	0	3
SCAF_574_region	15575	4153	0.27	0	3
SCAF_575	15573	7720	0.50	0	31
SCAF_575_region	15573	7720	0.50	0	31
SCAF_576	15571	29862	1.92	0	42
SCAF_576_region	15571	29862	1.92	0	42
SCAF_577	15544	14996	0.96	0	13
SCAF_577_region	15544	14996	0.96	0	13
SCAF_578	15521	2135	0.14	0	54
SCAF_578_region	15521	2135	0.14	0	54
SCAF_579	15497	35198	2.27	0	328
SCAF_579_region	15497	35198	2.27	0	328
SCAF_580	15481	25198	1.63	0	32
SCAF_580_region	15481	25198	1.63	0	32
SCAF_581	15458	7858	0.51	0	10
SCAF_581_region	15458	7858	0.51	0	10
SCAF_582	15439	28496	1.85	0	15
SCAF_582_region	15439	28496	1.85	0	15
SCAF_583	15421	8872	0.58	0	13
SCAF_583_region	15421	8872	0.58	0	13
SCAF_584	15337	8534	0.56	0	25
SCAF_584_region	15337	8534	0.56	0	25
SCAF_585	15336	6308	0.41	0	7
SCAF_585_region	15336	6308	0.41	0	7
SCAF_586	15301	37662	2.46	0	36
SCAF_586_region	15301	37662	2.46	0	36
SCAF_587	15300	1895124	123.86	0	3203
SCAF_587_region	15300	1895124	123.86	0	3203
SCAF_588	15298	36474	2.38	0	24
SCAF_588_region	15298	36474	2.38	0	24
SCAF_589	15238	24693	1.62	0	23
SCAF_589_region	15238	24693	1.62	0	23
SCAF_590	15205	59955	3.94	0	21
SCAF_590_region	15205	59955	3.94	0	21
SCAF_591	15162	48051	3.17	0	22
SCAF_591_region	15162	48051	3.17	0	22
SCAF_592	15154	58629	3.87	0	42
SCAF_592_region	15154	58629	3.87	0	42
SCAF_593	15087	17131	1.14	0	33
SCAF_593_region	15087	17131	1.14	0	33
SCAF_594	15082	40619	2.69	0	15
SCAF_594_region	15082	40619	2.69	0	15
SCAF_595	15055	44204	2.94	0	41
SCAF_595_region	15055	44204	2.94	0	41
SCAF_596	15045	4536	0.30	0	21
SCAF_596_region	15045	4536	0.30	0	21
SCAF_597	15030	19073	1.27	0	15
SCAF_597_region	15030	19073	1.27	0	15
SCAF_598	15027	10842	0.72	0	16
SCAF_598_region	15027	10842	0.72	0	16
SCAF_599	15000	53734	3.58	0	32
SCAF_599_region	15000	53734	3.58	0	32
SCAF_600	14995	5933	0.40	0	27
SCAF_600_region	14995	5933	0.40	0	27
SCAF_601	14985	38146	2.55	0	12
SCAF_601_region	14985	38146	2.55	0	12
SCAF_602	14930	63288	4.24	0	21
SCAF_602_region	14930	63288	4.24	0	21
SCAF_603	14898	41727	2.80	0	30
SCAF_603_region	14898	41727	2.80	0	30
SCAF_604	14863	44353	2.98	0	17
SCAF_604_region	14863	44353	2.98	0	17
SCAF_605	14840	4775	0.32	0	39
SCAF_605_region	14840	4775	0.32	0	39
SCAF_606	14808	1218	0.08	0	5
SCAF_606_region	14808	1218	0.08	0	5
SCAF_607	14807	16358	1.10	0	10
SCAF_607_region	14807	16358	1.10	0	10
SCAF_608	14785	23504	1.59	0	15
SCAF_608_region	14785	23504	1.59	0	15
SCAF_609	14742	248713	16.87	0	229
SCAF_609_region	14742	248713	16.87	0	229
SCAF_610	14738	24580	1.67	0	12
SCAF_610_region	14738	24580	1.67	0	12
SCAF_611	14737	28794	1.95	0	17
SCAF_611_region	14737	28794	1.95	0	17
SCAF_612	14712	2471863	168.02	0	513
SCAF_612_region	14712	2471863	168.02	0	513
SCAF_613	14708	15019	1.02	0	24
SCAF_613_region	14708	15019	1.02	0	24
SCAF_614	14694	62789	4.27	0	126
SCAF_614_region	14694	62789	4.27	0	126
SCAF_615	14684	8600	0.59	0	41
SCAF_615_region	14684	8600	0.59	0	41
SCAF_616	14676	1640	0.11	0	29
SCAF_616_region	14676	1640	0.11	0	29
SCAF_617	14662	8151	0.56	0	5
SCAF_617_region	14662	8151	0.56	0	5
SCAF_618	14658	55757	3.80	0	17
SCAF_618_region	14658	55757	3.80	0	17
SCAF_619	14650	113837	7.77	0	382
SCAF_619_region	14650	113837	7.77	0	382
SCAF_620	14639	6024	0.41	0	11
SCAF_620_region	14639	6024	0.41	0	11
SCAF_621	14614	86320	5.91	0	206
SCAF_621_region	14614	86320	5.91	0	206
SCAF_622	14596	66672	4.57	0	61
SCAF_622_region	14596	66672	4.57	0	61
SCAF_623	14590	29794	2.04	0	13
SCAF_623_region	14590	29794	2.04	0	13
SCAF_624	14581	3477	0.24	0	34
SCAF_624_region	14581	3477	0.24	0	34
SCAF_625	14547	8608	0.59	0	37
SCAF_625_region	14547	8608	0.59	0	37
SCAF_626	14527	17539	1.21	0	28
SCAF_626_region	14527	17539	1.21	0	28
SCAF_627	14523	28081	1.93	0	28
SCAF_627_region	14523	28081	1.93	0	28
SCAF_628	14498	13442	0.93	0	46
SCAF_628_region	14498	13442	0.93	0	46
SCAF_629	14453	11678	0.81	0	7
SCAF_629_region	14453	11678	0.81	0	7
SCAF_630	14414	6879	0.48	0	10
SCAF_630_region	14414	6879	0.48	0	10
SCAF_631	14395	9130	0.63	0	16
SCAF_631_region	14395	9130	0.63	0	16
SCAF_632	14385	12520	0.87	0	9
SCAF_632_region	14385	12520	0.87	0	9
SCAF_633	14371	4043	0.28	0	36
SCAF_633_region	14371	4043	0.28	0	36
SCAF_634	14371	3763	0.26	0	4
SCAF_634_region	14371	3763	0.26	0	4
SCAF_635	14280	75448	5.28	0	157
SCAF_635_region	14280	75448	5.28	0	157
SCAF_636	14276	29053	2.04	0	23
SCAF_636_region	14276	29053	2.04	0	23
SCAF_637	14236	22678	1.59	0	17
SCAF_637_region	14236	22678	1.59	0	17
SCAF_638	14229	53557	3.76	0	14
SCAF_638_region	14229	53557	3.76	0	14
SCAF_639	14202	1379	0.10	0	5
SCAF_639_region	14202	1379	0.10	0	5
SCAF_640	14111	13190	0.93	0	14
SCAF_640_region	14111	13190	0.93	0	14
SCAF_641	14088	61882	4.39	0	25
SCAF_641_region	14088	61882	4.39	0	25
SCAF_642	14005	76973	5.50	0	20
SCAF_642_region	14005	76973	5.50	0	20
SCAF_643	13977	2009005	143.74	0	421
SCAF_643_region	13977	2009005	143.74	0	421
SCAF_644	13890	4164	0.30	0	8
SCAF_644_region	13890	4164	0.30	0	8
SCAF_645	13875	57915	4.17	0	45
SCAF_645_region	13875	57915	4.17	0	45
SCAF_646	13874	34712	2.50	0	17
SCAF_646_region	13874	34712	2.50	0	17
SCAF_647	13848	38447	2.78	0	35
SCAF_647_region	13848	38447	2.78	0	35
SCAF_648	13847	17106	1.24	0	43
SCAF_648_region	13847	17106	1.24	0	43
SCAF_649	13838	14318	1.03	0	20
SCAF_649_region	13838	14318	1.03	0	20
SCAF_650	13812	12503	0.91	0	10
SCAF_650_region	13812	12503	0.91	0	10
SCAF_651	13758	49961	3.63	0	24
SCAF_651_region	13758	49961	3.63	0	24
SCAF_652	13727	8106	0.59	0	23
SCAF_652_region	13727	8106	0.59	0	23
SCAF_653	13703	16260	1.19	0	13
SCAF_653_region	13703	16260	1.19	0	13
SCAF_654	13701	900	0.07	0	7
SCAF_654_region	13701	900	0.07	0	7
SCAF_655	13677	3042	0.22	0	29
SCAF_655_region	13677	3042	0.22	0	29
SCAF_656	13622	42395	3.11	0	48
SCAF_656_region	13622	42395	3.11	0	48
SCAF_657	13584	4887	0.36	0	21
SCAF_657_region	13584	4887	0.36	0	21
SCAF_658	13583	54168	3.99	0	27
SCAF_658_region	13583	54168	3.99	0	27
SCAF_659	13535	59152	4.37	0	21
SCAF_659_region	13535	59152	4.37	0	21
SCAF_660	13535	1044	0.08	0	3
SCAF_660_region	13535	1044	0.08	0	3
SCAF_661	13499	7624	0.56	0	37
SCAF_661_region	13499	7624	0.56	0	37
SCAF_662	13464	3315	0.25	0	8
SCAF_662_region	13464	3315	0.25	0	8
SCAF_663	13438	22774	1.69	0	19
SCAF_663_region	13438	22774	1.69	0	19
SCAF_664	13385	1863816	139.25	0	622
SCAF_664_region	13385	1863816	139.25	0	622
SCAF_665	13357	2026	0.15	0	41
SCAF_665_region	13357	2026	0.15	0	41
SCAF_666	13330	36127	2.71	0	17
SCAF_666_region	13330	36127	2.71	0	17
SCAF_667	13327	23794	1.79	0	36
SCAF_667_region	13327	23794	1.79	0	36
SCAF_668	13319	6165	0.46	0	12
SCAF_668_region	13319	6165	0.46	0	12
SCAF_669	13303	14766	1.11	0	24
SCAF_669_region	13303	14766	1.11	0	24
SCAF_670	13293	62153	4.68	0	36
SCAF_670_region	13293	62153	4.68	0	36
SCAF_671	13288	26272	1.98	0	23
SCAF_671_region	13288	26272	1.98	0	23
SCAF_672	13266	6634	0.50	0	6
SCAF_672_region	13266	6634	0.50	0	6
SCAF_673	13189	85731	6.50	0	224
SCAF_673_region	13189	85731	6.50	0	224
SCAF_674	13149	32953	2.51	0	39
SCAF_674_region	13149	32953	2.51	0	39
SCAF_675	13128	28637	2.18	0	56
SCAF_675_region	13128	28637	2.18	0	56
SCAF_676	13120	12704	0.97	0	8
SCAF_676_region	13120	12704	0.97	0	8
SCAF_677	13080	57806	4.42	0	420
SCAF_677_region	13080	57806	4.42	0	420
SCAF_678	13050	11946	0.92	0	21
SCAF_678_region	13050	11946	0.92	0	21
SCAF_679	13043	8371	0.64	0	16
SCAF_679_region	13043	8371	0.64	0	16
SCAF_680	13008	12959	1.00	0	33
SCAF_680_region	13008	12959	1.00	0	33
SCAF_681	13001	5112	0.39	0	20
SCAF_681_region	13001	5112	0.39	0	20
SCAF_682	12997	26865	2.07	0	26
SCAF_682_region	12997	26865	2.07	0	26
SCAF_683	12986	26987	2.08	0	25
SCAF_683_region	12986	26987	2.08	0	25
SCAF_684	12871	7461	0.58	0	25
SCAF_684_region	12871	7461	0.58	0	25
SCAF_685	12842	8881	0.69	0	34
SCAF_685_region	12842	8881	0.69	0	34
SCAF_686	12830	11440	0.89	0	64
SCAF_686_region	12830	11440	0.89	0	64
SCAF_687	12781	21032	1.65	0	32
SCAF_687_region	12781	21032	1.65	0	32
SCAF_688	12768	38758	3.04	0	21
SCAF_688_region	12768	38758	3.04	0	21
SCAF_689	12768	47669	3.73	0	23
SCAF_689_region	12768	47669	3.73	0	23
SCAF_690	12764	8994	0.70	0	8
SCAF_690_region	12764	8994	0.70	0	8
SCAF_691	12677	6964	0.55	0	11
SCAF_691_region	12677	6964	0.55	0	11
SCAF_692	12675	2105	0.17	0	38
SCAF_692_region	12675	2105	0.17	0	38
SCAF_693	12651	2237	0.18	0	6
SCAF_693_region	12651	2237	0.18	0	6
SCAF_694	12646	4345	0.34	0	8
SCAF_694_region	12646	4345	0.34	0	8
SCAF_695	12643	41471	3.28	0	14
SCAF_695_region	12643	41471	3.28	0	14
SCAF_696	12633	9712	0.77	0	10
SCAF_696_region	12633	9712	0.77	0	10
SCAF_697	12625	27056	2.14	0	39
SCAF_697_region	12625	27056	2.14	0	39
SCAF_698	12617	15376	1.22	0	14
SCAF_698_region	12617	15376	1.22	0	14
SCAF_699	12540	7808	0.62	0	9
SCAF_699_region	12540	7808	0.62	0	9
SCAF_700	12515	815	0.07	0	2
SCAF_700_region	12515	815	0.07	0	2
SCAF_701	12482	2453	0.20	0	5
SCAF_701_region	12482	2453	0.20	0	5
SCAF_702	12461	17684	1.42	0	30
SCAF_702_region	12461	17684	1.42	0	30
SCAF_703	12456	16349	1.31	0	30
SCAF_703_region	12456	16349	1.31	0	30
SCAF_704	12456	4546	0.36	0	8
SCAF_704_region	12456	4546	0.36	0	8
SCAF_705	12358	12167	0.98	0	19
SCAF_705_region	12358	12167	0.98	0	19
SCAF_706	12350	47863	3.88	0	17
SCAF_706_region	12350	47863	3.88	0	17
SCAF_707	12343	5187	0.42	0	8
SCAF_707_region	12343	5187	0.42	0	8
SCAF_708	12333	913	0.07	0	4
SCAF_708_region	12333	913	0.07	0	4
SCAF_709	12319	2503161	203.20	0	2239
SCAF_709_region	12319	2503161	203.20	0	2239
SCAF_710	12288	7153	0.58	0	26
SCAF_710_region	12288	7153	0.58	0	26
SCAF_711	12252	48293	3.94	0	17
SCAF_711_region	12252	48293	3.94	0	17
SCAF_712	12218	187823	15.37	0	488
SCAF_712_region	12218	187823	15.37	0	488
SCAF_713	12177	38186	3.14	0	32
SCAF_713_region	12177	38186	3.14	0	32
SCAF_714	12167	7649	0.63	0	110
SCAF_714_region	12167	7649	0.63	0	110
SCAF_715	12163	9498	0.78	0	33
SCAF_715_region	12163	9498	0.78	0	33
SCAF_716	12143	20782	1.71	0	35
SCAF_716_region	12143	20782	1.71	0	35
SCAF_717	12102	3494	0.29	0	34
SCAF_717_region	12102	3494	0.29	0	34
SCAF_718	12099	70836	5.85	0	49
SCAF_718_region	12099	70836	5.85	0	49
SCAF_719	12095	11570	0.96	0	35
SCAF_719_region	12095	11570	0.96	0	35
SCAF_720	12085	12654	1.05	0	15
SCAF_720_region	12085	12654	1.05	0	15
SCAF_721	12078	6694	0.55	0	19
SCAF_721_region	12078	6694	0.55	0	19
SCAF_722	12066	9347	0.77	0	26
SCAF_722_region	12066	9347	0.77	0	26
SCAF_723	12015	51561	4.29	0	17
SCAF_723_region	12015	51561	4.29	0	17
SCAF_724	12004	16122	1.34	0	18
SCAF_724_region	12004	16122	1.34	0	18
SCAF_725	11949	15681	1.31	0	38
SCAF_725_region	11949	15681	1.31	0	38
SCAF_726	11911	6843	0.57	0	9
SCAF_726_region	11911	6843	0.57	0	9
SCAF_727	11900	2684	0.23	0	5
SCAF_727_region	11900	2684	0.23	0	5
SCAF_728	11869	33089	2.79	0	45
SCAF_728_region	11869	33089	2.79	0	45
SCAF_729	11788	44998	3.82	0	27
SCAF_729_region	11788	44998	3.82	0	27
SCAF_730	11785	32709	2.78	0	18
SCAF_730_region	11785	32709	2.78	0	18
SCAF_731	11750	13787	1.17	0	9
SCAF_731_region	11750	13787	1.17	0	9
SCAF_732	11699	2183	0.19	0	15
SCAF_732_region	11699	2183	0.19	0	15
SCAF_733	11674	2131	0.18	0	5
SCAF_733_region	11674	2131	0.18	0	5
SCAF_734	11658	14095	1.21	0	30
SCAF_734_region	11658	14095	1.21	0	30
SCAF_735	11648	31838	2.73	0	15
SCAF_735_region	11648	31838	2.73	0	15
SCAF_736	11642	49075	4.22	0	24
SCAF_736_region	11642	49075	4.22	0	24
SCAF_737	11612	1226	0.11	0	10
SCAF_737_region	11612	1226	0.11	0	10
SCAF_738	11595	828	0.07	0	4
SCAF_738_region	11595	828	0.07	0	4
SCAF_739	11525	22257	1.93	0	85
SCAF_739_region	11525	22257	1.93	0	85
SCAF_740	11505	48534	4.22	0	30
SCAF_740_region	11505	48534	4.22	0	30
SCAF_741	11492	3084	0.27	0	13
SCAF_741_region	11492	3084	0.27	0	13
SCAF_742	11467	4085730	356.30	0	1520
SCAF_742_region	11467	4085730	356.30	0	1520
SCAF_743	11404	1540	0.14	0	41
SCAF_743_region	11404	1540	0.14	0	41
SCAF_744	11377	23137	2.03	0	20
SCAF_744_region	11377	23137	2.03	0	20
SCAF_745	11364	23542	2.07	0	17
SCAF_745_region	11364	23542	2.07	0	17
SCAF_746	11318	3310	0.29	0	27
SCAF_746_region	11318	3310	0.29	0	27
SCAF_747	11311	698861	61.79	0	257
SCAF_747_region	11311	698861	61.79	0	257
SCAF_748	11306	16042	1.42	0	21
SCAF_748_region	11306	16042	1.42	0	21
SCAF_749	11299	11483	1.02	0	10
SCAF_749_region	11299	11483	1.02	0	10
SCAF_750	11284	2470	0.22	0	5
SCAF_750_region	11284	2470	0.22	0	5
SCAF_751	11276	7135	0.63	0	8
SCAF_751_region	11276	7135	0.63	0	8
SCAF_752	11267	3010	0.27	0	6
SCAF_752_region	11267	3010	0.27	0	6
SCAF_753	11254	4916	0.44	0	24
SCAF_753_region	11254	4916	0.44	0	24
SCAF_754	11236	28216	2.51	0	35
SCAF_754_region	11236	28216	2.51	0	35
SCAF_755	11231	6195	0.55	0	7
SCAF_755_region	11231	6195	0.55	0	7
SCAF_756	11200	35328	3.15	0	16
SCAF_756_region	11200	35328	3.15	0	16
SCAF_757	11195	38764	3.46	0	19
SCAF_757_region	11195	38764	3.46	0	19
SCAF_758	11126	6098	0.55	0	31
SCAF_758_region	11126	6098	0.55	0	31
SCAF_759	11118	32211	2.90	0	32
SCAF_759_region	11118	32211	2.90	0	32
SCAF_760	11100	5178	0.47	0	46
SCAF_760_region	11100	5178	0.47	0	46
SCAF_761	11097	8925	0.80	0	32
SCAF_761_region	11097	8925	0.80	0	32
SCAF_762	11029	2203	0.20	0	33
SCAF_762_region	11029	2203	0.20	0	33
SCAF_763	11019	12305	1.12	0	8
SCAF_763_region	11019	12305	1.12	0	8
SCAF_764	10979	45219	4.12	0	256
SCAF_764_region	10979	45219	4.12	0	256
SCAF_765	10957	1053	0.10	0	23
SCAF_765_region	10957	1053	0.10	0	23
SCAF_766	10940	7899	0.72	0	9
SCAF_766_region	10940	7899	0.72	0	9
SCAF_767	10913	2204	0.20	0	4
SCAF_767_region	10913	2204	0.20	0	4
SCAF_768	10886	13238	1.22	0	22
SCAF_768_region	10886	13238	1.22	0	22
SCAF_769	10867	6546	0.60	0	21
SCAF_769_region	10867	6546	0.60	0	21
SCAF_770	10816	2209	0.20	0	37
SCAF_770_region	10816	2209	0.20	0	37
SCAF_771	10810	3165	0.29	0	11
SCAF_771_region	10810	3165	0.29	0	11
SCAF_772	10709	6876	0.64	0	9
SCAF_772_region	10709	6876	0.64	0	9
SCAF_773	10688	119262	11.16	0	162
SCAF_773_region	10688	119262	11.16	0	162
SCAF_774	10648	22243	2.09	0	22
SCAF_774_region	10648	22243	2.09	0	22
SCAF_775	10642	1031	0.10	0	7
SCAF_775_region	10642	1031	0.10	0	7
SCAF_776	10612	5983	0.56	0	51
SCAF_776_region	10612	5983	0.56	0	51
SCAF_777	10608	31327	2.95	0	24
SCAF_777_region	10608	31327	2.95	0	24
SCAF_778	10604	15322	1.44	0	24
SCAF_778_region	10604	15322	1.44	0	24
SCAF_779	10578	6770	0.64	0	15
SCAF_779_region	10578	6770	0.64	0	15
SCAF_780	10571	867	0.08	0	4
SCAF_780_region	10571	867	0.08	0	4
SCAF_781	10511	5880	0.56	0	11
SCAF_781_region	10511	5880	0.56	0	11
SCAF_782	10492	1058	0.10	0	10
SCAF_782_region	10492	1058	0.10	0	10
SCAF_783	10421	44912	4.31	0	18
SCAF_783_region	10421	44912	4.31	0	18
SCAF_784	10379	31937	3.08	0	18
SCAF_784_region	10379	31937	3.08	0	18
SCAF_785	10337	8552	0.83	0	8
SCAF_785_region	10337	8552	0.83	0	8
SCAF_786	10326	19901	1.93	0	40
SCAF_786_region	10326	19901	1.93	0	40
SCAF_787	10326	5705	0.55	0	16
SCAF_787_region	10326	5705	0.55	0	16
SCAF_788	10316	1397	0.14	0	7
SCAF_788_region	10316	1397	0.14	0	7
SCAF_789	10256	769	0.07	0	6
SCAF_789_region	10256	769	0.07	0	6
SCAF_790	10228	9442	0.92	0	23
SCAF_790_region	10228	9442	0.92	0	23
SCAF_791	10185	38249	3.76	0	24
SCAF_791_region	10185	38249	3.76	0	24
SCAF_792	10184	18085	1.78	0	50
SCAF_792_region	10184	18085	1.78	0	50
SCAF_793	10160	9631	0.95	0	7
SCAF_793_region	10160	9631	0.95	0	7
SCAF_794	10147	1922	0.19	0	36
SCAF_794_region	10147	1922	0.19	0	36
SCAF_795	10110	3251	0.32	0	8
SCAF_795_region	10110	3251	0.32	0	8
SCAF_796	10045	1404	0.14	0	36
SCAF_796_region	10045	1404	0.14	0	36
SCAF_797	10015	62049	6.20	0	96
SCAF_797_region	10015	62049	6.20	0	96
SCAF_798	10012	47805	4.77	0	30
SCAF_798_region	10012	47805	4.77	0	30
SCAF_799	9978	9642	0.97	0	8
SCAF_799_region	9978	9642	0.97	0	8
SCAF_800	9947	66378	6.67	0	120
SCAF_800_region	9947	66378	6.67	0	120
SCAF_801	9941	24872	2.50	0	25
SCAF_801_region	9941	24872	2.50	0	25
SCAF_802	9910	912	0.09	0	18
SCAF_802_region	9910	912	0.09	0	18
SCAF_803	9879	17203	1.74	0	14
SCAF_803_region	9879	17203	1.74	0	14
SCAF_804	9861	25193	2.55	0	17
SCAF_804_region	9861	25193	2.55	0	17
SCAF_805	9859	931	0.09	0	8
SCAF_805_region	9859	931	0.09	0	8
SCAF_806	9855	30755	3.12	0	15
SCAF_806_region	9855	30755	3.12	0	15
SCAF_807	9792	7822	0.80	0	11
SCAF_807_region	9792	7822	0.80	0	11
SCAF_808	9784	23836	2.44	0	16
SCAF_808_region	9784	23836	2.44	0	16
SCAF_809	9773	5858	0.60	0	9
SCAF_809_region	9773	5858	0.60	0	9
SCAF_810	9756	11532	1.18	0	9
SCAF_810_region	9756	11532	1.18	0	9
SCAF_811	9753	13258	1.36	0	151
SCAF_811_region	9753	13258	1.36	0	151
SCAF_812	9719	2690	0.28	0	18
SCAF_812_region	9719	2690	0.28	0	18
SCAF_813	9715	2059	0.21	0	3
SCAF_813_region	9715	2059	0.21	0	3
SCAF_814	9708	13989	1.44	0	11
SCAF_814_region	9708	13989	1.44	0	11
SCAF_815	9700	7120	0.73	0	23
SCAF_815_region	9700	7120	0.73	0	23
SCAF_816	9673	5369	0.56	0	40
SCAF_816_region	9673	5369	0.56	0	40
SCAF_817	9638	31984	3.32	0	53
SCAF_817_region	9638	31984	3.32	0	53
SCAF_818	9601	12423	1.29	0	11
SCAF_818_region	9601	12423	1.29	0	11
SCAF_819	9601	15288	1.59	0	12
SCAF_819_region	9601	15288	1.59	0	12
SCAF_820	9550	69147	7.24	0	78
SCAF_820_region	9550	69147	7.24	0	78
SCAF_821	9533	7500	0.79	0	7
SCAF_821_region	9533	7500	0.79	0	7
SCAF_822	9498	10470	1.10	0	14
SCAF_822_region	9498	10470	1.10	0	14
SCAF_823	9466	1923757	203.23	0	699
SCAF_823_region	9466	1923757	203.23	0	699
SCAF_824	9457	5553	0.59	0	115
SCAF_824_region	9457	5553	0.59	0	115
SCAF_825	9446	3100	0.33	0	31
SCAF_825_region	9446	3100	0.33	0	31
SCAF_826	9385	20851	2.22	0	23
SCAF_826_region	9385	20851	2.22	0	23
SCAF_827	9376	20732	2.21	0	20
SCAF_827_region	9376	20732	2.21	0	20
SCAF_828	9365	2852	0.30	0	24
SCAF_828_region	9365	2852	0.30	0	24
SCAF_829	9320	6669	0.72	0	14
SCAF_829_region	9320	6669	0.72	0	14
SCAF_830	9303	7417	0.80	0	20
SCAF_830_region	9303	7417	0.80	0	20
SCAF_831	9295	2345	0.25	0	9
SCAF_831_region	9295	2345	0.25	0	9
SCAF_832	9282	18610	2.00	0	24
SCAF_832_region	9282	18610	2.00	0	24
SCAF_833	9263	582	0.06	0	3
SCAF_833_region	9263	582	0.06	0	3
SCAF_834	9159	254181	27.75	0	818
SCAF_834_region	9159	254181	27.75	0	818
SCAF_835	9159	51302	5.60	0	48
SCAF_835_region	9159	51302	5.60	0	48
SCAF_836	9157	13645	1.49	0	19
SCAF_836_region	9157	13645	1.49	0	19
SCAF_837	9095	1927	0.21	0	31
SCAF_837_region	9095	1927	0.21	0	31
SCAF_838	9078	14563	1.60	0	35
SCAF_838_region	9078	14563	1.60	0	35
SCAF_839	9057	18404	2.03	0	20
SCAF_839_region	9057	18404	2.03	0	20
SCAF_840	9014	5936	0.66	0	9
SCAF_840_region	9014	5936	0.66	0	9
SCAF_841	8986	40883	4.55	0	36
SCAF_841_region	8986	40883	4.55	0	36
SCAF_842	8986	2416	0.27	0	6
SCAF_842_region	8986	2416	0.27	0	6
SCAF_843	8952	1694	0.19	0	7
SCAF_843_region	8952	1694	0.19	0	7
SCAF_844	8935	788668	88.27	0	4024
SCAF_844_region	8935	788668	88.27	0	4024
SCAF_845	8927	41640	4.66	0	31
SCAF_845_region	8927	41640	4.66	0	31
SCAF_846	8908	66342	7.45	0	153
SCAF_846_region	8908	66342	7.45	0	153
SCAF_847	8868	9858	1.11	0	17
SCAF_847_region	8868	9858	1.11	0	17
SCAF_848	8867	1070	0.12	0	7
SCAF_848_region	8867	1070	0.12	0	7
SCAF_849	8825	12691	1.44	0	10
SCAF_849_region	8825	12691	1.44	0	10
SCAF_850	8771	4811	0.55	0	5
SCAF_850_region	8771	4811	0.55	0	5
SCAF_851	8703	33339	3.83	0	35
SCAF_851_region	8703	33339	3.83	0	35
SCAF_852	8695	2276	0.26	0	9
SCAF_852_region	8695	2276	0.26	0	9
SCAF_853	8662	295	0.03	0	2
SCAF_853_region	8662	295	0.03	0	2
SCAF_854	8634	1433	0.17	0	21
SCAF_854_region	8634	1433	0.17	0	21
SCAF_855	8630	667	0.08	0	4
SCAF_855_region	8630	667	0.08	0	4
SCAF_856	8617	1637553	190.04	0	875
SCAF_856_region	8617	1637553	190.04	0	875
SCAF_857	8469	13313	1.57	0	18
SCAF_857_region	8469	13313	1.57	0	18
SCAF_858	8431	492	0.06	0	11
SCAF_858_region	8431	492	0.06	0	11
SCAF_859	8397	718	0.09	0	5
SCAF_859_region	8397	718	0.09	0	5
SCAF_860	8390	948	0.11	0	6
SCAF_860_region	8390	948	0.11	0	6
SCAF_861	8357	1088	0.13	0	3
SCAF_861_region	8357	1088	0.13	0	3
SCAF_862	8342	2209660	264.88	0	3726
SCAF_862_region	8342	2209660	264.88	0	3726
SCAF_863	8337	676	0.08	0	4
SCAF_863_region	8337	676	0.08	0	4
SCAF_864	8258	1795	0.22	0	5
SCAF_864_region	8258	1795	0.22	0	5
SCAF_865	8103	4407	0.54	0	16
SCAF_865_region	8103	4407	0.54	0	16
SCAF_866	8034	711	0.09	0	3
SCAF_866_region	8034	711	0.09	0	3
SCAF_867	8027	7597	0.95	0	27
SCAF_867_region	8027	7597	0.95	0	27
SCAF_868	8017	10340	1.29	0	25
SCAF_868_region	8017	10340	1.29	0	25
SCAF_869	8015	1102	0.14	0	4
SCAF_869_region	8015	1102	0.14	0	4
SCAF_870	8015	17262	2.15	0	14
SCAF_870_region	8015	17262	2.15	0	14
SCAF_871	8000	647	0.08	0	4
SCAF_871_region	8000	647	0.08	0	4
SCAF_872	7790	3320	0.43	0	7
SCAF_872_region	7790	3320	0.43	0	7
SCAF_873	7773	549	0.07	0	3
SCAF_873_region	7773	549	0.07	0	3
SCAF_874	7763	13184	1.70	0	10
SCAF_874_region	7763	13184	1.70	0	10
SCAF_875	7721	636	0.08	0	4
SCAF_875_region	7721	636	0.08	0	4
SCAF_876	7701	18449	2.40	0	22
SCAF_876_region	7701	18449	2.40	0	22
SCAF_877	7680	967	0.13	0	30
SCAF_877_region	7680	967	0.13	0	30
SCAF_878	7622	8557	1.12	0	14
SCAF_878_region	7622	8557	1.12	0	14
SCAF_879	7582	1244	0.16	0	12
SCAF_879_region	7582	1244	0.16	0	12
SCAF_880	7559	8148	1.08	0	11
SCAF_880_region	7559	8148	1.08	0	11
SCAF_881	7416	114027	15.38	0	609
SCAF_881_region	7416	114027	15.38	0	609
SCAF_882	7394	8378	1.13	0	11
SCAF_882_region	7394	8378	1.13	0	11
SCAF_883	7363	5389	0.73	0	7
SCAF_883_region	7363	5389	0.73	0	7
SCAF_884	7338	31543	4.30	0	48
SCAF_884_region	7338	31543	4.30	0	48
SCAF_885	7324	5582	0.76	0	10
SCAF_885_region	7324	5582	0.76	0	10
SCAF_886	7276	1212	0.17	0	44
SCAF_886_region	7276	1212	0.17	0	44
SCAF_887	7242	2223	0.31	0	6
SCAF_887_region	7242	2223	0.31	0	6
SCAF_888	7231	4207	0.58	0	9
SCAF_888_region	7231	4207	0.58	0	9
SCAF_889	7198	1342	0.19	0	21
SCAF_889_region	7198	1342	0.19	0	21
SCAF_890	7142	3292	0.46	0	13
SCAF_890_region	7142	3292	0.46	0	13
SCAF_891	7028	10202	1.45	0	11
SCAF_891_region	7028	10202	1.45	0	11
SCAF_892	7025	5272	0.75	0	9
SCAF_892_region	7025	5272	0.75	0	9
SCAF_893	7015	7777	1.11	0	12
SCAF_893_region	7015	7777	1.11	0	12
SCAF_894	6958	45131	6.49	0	37
SCAF_894_region	6958	45131	6.49	0	37
SCAF_895	6948	8587	1.24	0	36
SCAF_895_region	6948	8587	1.24	0	36
SCAF_896	6829	794841	116.39	0	439
SCAF_896_region	6829	794841	116.39	0	439
SCAF_897	6804	4200	0.62	0	66
SCAF_897_region	6804	4200	0.62	0	66
SCAF_898	6754	718151	106.33	0	1063
SCAF_898_region	6754	718151	106.33	0	1063
SCAF_899	6732	28905	4.29	0	42
SCAF_899_region	6732	28905	4.29	0	42
SCAF_900	6698	2180	0.33	0	5
SCAF_900_region	6698	2180	0.33	0	5
SCAF_901	6642	7027	1.06	0	49
SCAF_901_region	6642	7027	1.06	0	49
SCAF_902	6588	5523	0.84	0	19
SCAF_902_region	6588	5523	0.84	0	19
SCAF_903	6549	21719	3.32	0	42
SCAF_903_region	6549	21719	3.32	0	42
SCAF_904	6496	11543	1.78	0	10
SCAF_904_region	6496	11543	1.78	0	10
SCAF_905	6483	280	0.04	0	2
SCAF_905_region	6483	280	0.04	0	2
SCAF_906	6367	937	0.15	0	7
SCAF_906_region	6367	937	0.15	0	7
SCAF_907	6367	14169	2.23	0	20
SCAF_907_region	6367	14169	2.23	0	20
SCAF_908	6228	165234	26.53	0	145
SCAF_908_region	6228	165234	26.53	0	145
SCAF_909	6173	24316	3.94	0	26
SCAF_909_region	6173	24316	3.94	0	26
SCAF_910	6170	922	0.15	0	30
SCAF_910_region	6170	922	0.15	0	30
SCAF_911	6077	2446	0.40	0	37
SCAF_911_region	6077	2446	0.40	0	37
SCAF_912	6073	5296	0.87	0	11
SCAF_912_region	6073	5296	0.87	0	11
SCAF_913	6059	2054817	339.13	0	3947
SCAF_913_region	6059	2054817	339.13	0	3947
SCAF_914	6001	27544	4.59	0	21
SCAF_914_region	6001	27544	4.59	0	21
SCAF_915	5869	129711	22.10	0	396
SCAF_915_region	5869	129711	22.10	0	396
SCAF_916	5803	18290	3.15	0	17
SCAF_916_region	5803	18290	3.15	0	17
SCAF_917	5661	12809	2.26	0	16
SCAF_917_region	5661	12809	2.26	0	16
SCAF_918	5277	15377	2.91	0	25
SCAF_918_region	5277	15377	2.91	0	25
total	51514314	2711976414	52.65	0	331465
total_region	51514314	2711976414	52.65	0	331465
