chrom	length	bases	mean	min	max
SCAF_1	5574741	641724752	115.11	0	1365
SCAF_1_region	5574741	641724752	115.11	0	1365
SCAF_2	4079479	453590637	111.19	0	1755
SCAF_2_region	4079479	453590637	111.19	0	1755
SCAF_3	3666439	408970833	111.54	0	1391
SCAF_3_region	3666439	408970833	111.54	0	1391
SCAF_4	2601389	260352918	100.08	0	1085
SCAF_4_region	2601389	260352918	100.08	0	1085
SCAF_5	2032088	237073251	116.66	0	1510
SCAF_5_region	2032088	237073251	116.66	0	1510
SCAF_6	1976889	197599290	99.95	0	1762
SCAF_6_region	1976889	197599290	99.95	0	1762
SCAF_7	1932263	201746107	104.41	0	1099
SCAF_7_region	1932263	201746107	104.41	0	1099
SCAF_8	1669080	184368013	110.46	0	1674
SCAF_8_region	1669080	184368013	110.46	0	1674
SCAF_9	1646134	160894482	97.74	0	1124
SCAF_9_region	1646134	160894482	97.74	0	1124
SCAF_10	1570817	171795213	109.37	0	2122
SCAF_10_region	1570817	171795213	109.37	0	2122
SCAF_11	1437752	155873756	108.41	0	1719
SCAF_11_region	1437752	155873756	108.41	0	1719
SCAF_12	978195	102912266	105.21	0	122987
SCAF_12_region	978195	102912266	105.21	0	122987
SCAF_13	598471	63735788	106.50	0	741
SCAF_13_region	598471	63735788	106.50	0	741
SCAF_14	247525	2737787	11.06	0	834
SCAF_14_region	247525	2737787	11.06	0	834
SCAF_15	224905	2175003	9.67	0	65
SCAF_15_region	224905	2175003	9.67	0	65
SCAF_16	181804	59255	0.33	0	145
SCAF_16_region	181804	59255	0.33	0	145
SCAF_17	176395	1536931	8.71	0	38
SCAF_17_region	176395	1536931	8.71	0	38
SCAF_18	160122	709451	4.43	0	84
SCAF_18_region	160122	709451	4.43	0	84
SCAF_19	139354	529665	3.80	0	47
SCAF_19_region	139354	529665	3.80	0	47
SCAF_20	131876	1375799	10.43	0	69
SCAF_20_region	131876	1375799	10.43	0	69
SCAF_21	130124	1188697	9.14	0	153
SCAF_21_region	130124	1188697	9.14	0	153
SCAF_22	121580	1327512	10.92	0	60
SCAF_22_region	121580	1327512	10.92	0	60
SCAF_23	117381	935504	7.97	0	44
SCAF_23_region	117381	935504	7.97	0	44
SCAF_24	115879	945717	8.16	0	44
SCAF_24_region	115879	945717	8.16	0	44
SCAF_25	115495	901255	7.80	0	104
SCAF_25_region	115495	901255	7.80	0	104
SCAF_26	113072	1057222	9.35	0	65
SCAF_26_region	113072	1057222	9.35	0	65
SCAF_27	110609	5221208	47.20	0	959
SCAF_27_region	110609	5221208	47.20	0	959
SCAF_28	109542	476519	4.35	0	51
SCAF_28_region	109542	476519	4.35	0	51
SCAF_29	108319	19553466	180.52	0	1372
SCAF_29_region	108319	19553466	180.52	0	1372
SCAF_30	107902	706517	6.55	0	458
SCAF_30_region	107902	706517	6.55	0	458
SCAF_31	106626	104647	0.98	0	190
SCAF_31_region	106626	104647	0.98	0	190
SCAF_32	102192	921049	9.01	0	305
SCAF_32_region	102192	921049	9.01	0	305
SCAF_33	98221	1132248	11.53	0	42
SCAF_33_region	98221	1132248	11.53	0	42
SCAF_34	97882	1153457	11.78	0	58
SCAF_34_region	97882	1153457	11.78	0	58
SCAF_35	95705	106448	1.11	0	75
SCAF_35_region	95705	106448	1.11	0	75
SCAF_36	94431	756563	8.01	0	42
SCAF_36_region	94431	756563	8.01	0	42
SCAF_37	92851	803051	8.65	0	74
SCAF_37_region	92851	803051	8.65	0	74
SCAF_38	89142	908460	10.19	0	155
SCAF_38_region	89142	908460	10.19	0	155
SCAF_39	88257	601043	6.81	0	38
SCAF_39_region	88257	601043	6.81	0	38
SCAF_40	85354	864223	10.13	0	105
SCAF_40_region	85354	864223	10.13	0	105
SCAF_41	82239	772467	9.39	0	43
SCAF_41_region	82239	772467	9.39	0	43
SCAF_42	77162	679929	8.81	0	40
SCAF_42_region	77162	679929	8.81	0	40
SCAF_43	76714	764944	9.97	0	77
SCAF_43_region	76714	764944	9.97	0	77
SCAF_44	76272	347845	4.56	0	348
SCAF_44_region	76272	347845	4.56	0	348
SCAF_45	73110	76974	1.05	0	41
SCAF_45_region	73110	76974	1.05	0	41
SCAF_46	72118	982256	13.62	0	50
SCAF_46_region	72118	982256	13.62	0	50
SCAF_47	70166	646524	9.21	0	29
SCAF_47_region	70166	646524	9.21	0	29
SCAF_48	69627	896079	12.87	0	42
SCAF_48_region	69627	896079	12.87	0	42
SCAF_49	69624	12599	0.18	0	76
SCAF_49_region	69624	12599	0.18	0	76
SCAF_50	68258	763883	11.19	0	39
SCAF_50_region	68258	763883	11.19	0	39
SCAF_51	66966	570944	8.53	0	162
SCAF_51_region	66966	570944	8.53	0	162
SCAF_52	66855	414510	6.20	0	29
SCAF_52_region	66855	414510	6.20	0	29
SCAF_53	65552	264938	4.04	0	100
SCAF_53_region	65552	264938	4.04	0	100
SCAF_54	65267	319228	4.89	0	58
SCAF_54_region	65267	319228	4.89	0	58
SCAF_55	65114	426775	6.55	0	38
SCAF_55_region	65114	426775	6.55	0	38
SCAF_56	62812	343531	5.47	0	83
SCAF_56_region	62812	343531	5.47	0	83
SCAF_57	62187	163554	2.63	0	55
SCAF_57_region	62187	163554	2.63	0	55
SCAF_58	61544	492257	8.00	0	200
SCAF_58_region	61544	492257	8.00	0	200
SCAF_59	61533	247670	4.02	0	36
SCAF_59_region	61533	247670	4.02	0	36
SCAF_60	61411	839351	13.67	0	429
SCAF_60_region	61411	839351	13.67	0	429
SCAF_61	61115	803557	13.15	0	51
SCAF_61_region	61115	803557	13.15	0	51
SCAF_62	59972	4051	0.07	0	33
SCAF_62_region	59972	4051	0.07	0	33
SCAF_63	59743	76146	1.27	0	101
SCAF_63_region	59743	76146	1.27	0	101
SCAF_64	58841	231117	3.93	0	340
SCAF_64_region	58841	231117	3.93	0	340
SCAF_65	58838	242033	4.11	0	32
SCAF_65_region	58838	242033	4.11	0	32
SCAF_66	58483	20374	0.35	0	156
SCAF_66_region	58483	20374	0.35	0	156
SCAF_67	57162	429372	7.51	0	89
SCAF_67_region	57162	429372	7.51	0	89
SCAF_68	56404	674481	11.96	0	172
SCAF_68_region	56404	674481	11.96	0	172
SCAF_69	55942	322799	5.77	0	24
SCAF_69_region	55942	322799	5.77	0	24
SCAF_70	55722	760913	13.66	0	39
SCAF_70_region	55722	760913	13.66	0	39
SCAF_71	55604	676740	12.17	0	39
SCAF_71_region	55604	676740	12.17	0	39
SCAF_72	54709	23355	0.43	0	9
SCAF_72_region	54709	23355	0.43	0	9
SCAF_73	52157	17465	0.33	0	10
SCAF_73_region	52157	17465	0.33	0	10
SCAF_74	52077	589623	11.32	0	42
SCAF_74_region	52077	589623	11.32	0	42
SCAF_75	51185	250617	4.90	0	41
SCAF_75_region	51185	250617	4.90	0	41
SCAF_76	50428	4731888	93.83	0	444
SCAF_76_region	50428	4731888	93.83	0	444
SCAF_77	50384	147682	2.93	0	68
SCAF_77_region	50384	147682	2.93	0	68
SCAF_78	49366	655323	13.27	0	56
SCAF_78_region	49366	655323	13.27	0	56
SCAF_79	49160	338909	6.89	0	62
SCAF_79_region	49160	338909	6.89	0	62
SCAF_80	48966	515220	10.52	0	67
SCAF_80_region	48966	515220	10.52	0	67
SCAF_81	48848	168218	3.44	0	26
SCAF_81_region	48848	168218	3.44	0	26
SCAF_82	48542	323563	6.67	0	77
SCAF_82_region	48542	323563	6.67	0	77
SCAF_83	48542	27432	0.57	0	18
SCAF_83_region	48542	27432	0.57	0	18
SCAF_84	47775	235012	4.92	0	30
SCAF_84_region	47775	235012	4.92	0	30
SCAF_85	47318	670168	14.16	0	78
SCAF_85_region	47318	670168	14.16	0	78
SCAF_86	46994	586517	12.48	0	38
SCAF_86_region	46994	586517	12.48	0	38
SCAF_87	46805	406970	8.70	0	31
SCAF_87_region	46805	406970	8.70	0	31
SCAF_88	46738	385612	8.25	0	28
SCAF_88_region	46738	385612	8.25	0	28
SCAF_89	46547	395084	8.49	0	35
SCAF_89_region	46547	395084	8.49	0	35
SCAF_90	46221	179015	3.87	0	25
SCAF_90_region	46221	179015	3.87	0	25
SCAF_91	44916	559295	12.45	0	34
SCAF_91_region	44916	559295	12.45	0	34
SCAF_92	44616	14852413	332.89	0	788
SCAF_92_region	44616	14852413	332.89	0	788
SCAF_93	44136	111252	2.52	0	19
SCAF_93_region	44136	111252	2.52	0	19
SCAF_94	43913	98886	2.25	0	41
SCAF_94_region	43913	98886	2.25	0	41
SCAF_95	43808	218113	4.98	0	31
SCAF_95_region	43808	218113	4.98	0	31
SCAF_96	43342	188650	4.35	0	42
SCAF_96_region	43342	188650	4.35	0	42
SCAF_97	43038	8223008	191.06	0	1054
SCAF_97_region	43038	8223008	191.06	0	1054
SCAF_98	42896	145467	3.39	0	38
SCAF_98_region	42896	145467	3.39	0	38
SCAF_99	42178	274701	6.51	0	42
SCAF_99_region	42178	274701	6.51	0	42
SCAF_100	41993	135300	3.22	0	22
SCAF_100_region	41993	135300	3.22	0	22
SCAF_101	41585	415582	9.99	0	34
SCAF_101_region	41585	415582	9.99	0	34
SCAF_102	41267	13193703	319.72	0	721
SCAF_102_region	41267	13193703	319.72	0	721
SCAF_103	41164	121518	2.95	0	49
SCAF_103_region	41164	121518	2.95	0	49
SCAF_104	40984	197691	4.82	0	25
SCAF_104_region	40984	197691	4.82	0	25
SCAF_105	40971	248842	6.07	0	39
SCAF_105_region	40971	248842	6.07	0	39
SCAF_106	40689	401476	9.87	0	43
SCAF_106_region	40689	401476	9.87	0	43
SCAF_107	40038	207179	5.17	0	89
SCAF_107_region	40038	207179	5.17	0	89
SCAF_108	39998	132090	3.30	0	44
SCAF_108_region	39998	132090	3.30	0	44
SCAF_109	39904	143610	3.60	0	28
SCAF_109_region	39904	143610	3.60	0	28
SCAF_110	39605	278933	7.04	0	39
SCAF_110_region	39605	278933	7.04	0	39
SCAF_111	39279	179591	4.57	0	90
SCAF_111_region	39279	179591	4.57	0	90
SCAF_112	39164	11525603	294.29	0	606
SCAF_112_region	39164	11525603	294.29	0	606
SCAF_113	39049	300407	7.69	0	31
SCAF_113_region	39049	300407	7.69	0	31
SCAF_114	38983	180434	4.63	0	43
SCAF_114_region	38983	180434	4.63	0	43
SCAF_115	38824	1307392	33.67	0	541
SCAF_115_region	38824	1307392	33.67	0	541
SCAF_116	37823	148265	3.92	0	35
SCAF_116_region	37823	148265	3.92	0	35
SCAF_117	37728	10784492	285.85	0	784
SCAF_117_region	37728	10784492	285.85	0	784
SCAF_118	37705	420990	11.17	0	33
SCAF_118_region	37705	420990	11.17	0	33
SCAF_119	37514	506122	13.49	0	307
SCAF_119_region	37514	506122	13.49	0	307
SCAF_120	37456	9088892	242.66	0	777
SCAF_120_region	37456	9088892	242.66	0	777
SCAF_121	37441	10143834	270.93	0	768
SCAF_121_region	37441	10143834	270.93	0	768
SCAF_122	37347	297372	7.96	0	301
SCAF_122_region	37347	297372	7.96	0	301
SCAF_123	37222	17707	0.48	0	17
SCAF_123_region	37222	17707	0.48	0	17
SCAF_124	36961	51419	1.39	0	192
SCAF_124_region	36961	51419	1.39	0	192
SCAF_125	36710	172704	4.70	0	23
SCAF_125_region	36710	172704	4.70	0	23
SCAF_126	36614	117741	3.22	0	16
SCAF_126_region	36614	117741	3.22	0	16
SCAF_127	36584	355968	9.73	0	29
SCAF_127_region	36584	355968	9.73	0	29
SCAF_128	36068	535415	14.84	0	37
SCAF_128_region	36068	535415	14.84	0	37
SCAF_129	35972	450051	12.51	0	34
SCAF_129_region	35972	450051	12.51	0	34
SCAF_130	35925	378122	10.53	0	87
SCAF_130_region	35925	378122	10.53	0	87
SCAF_131	35704	9151	0.26	0	6
SCAF_131_region	35704	9151	0.26	0	6
SCAF_132	35264	312480	8.86	0	35
SCAF_132_region	35264	312480	8.86	0	35
SCAF_133	35121	13966680	397.67	0	3832
SCAF_133_region	35121	13966680	397.67	0	3832
SCAF_134	35117	131748	3.75	0	30
SCAF_134_region	35117	131748	3.75	0	30
SCAF_135	34903	14570	0.42	0	8
SCAF_135_region	34903	14570	0.42	0	8
SCAF_136	34900	11593504	332.19	0	788
SCAF_136_region	34900	11593504	332.19	0	788
SCAF_137	34765	137889	3.97	0	24
SCAF_137_region	34765	137889	3.97	0	24
SCAF_138	34687	68099	1.96	0	156
SCAF_138_region	34687	68099	1.96	0	156
SCAF_139	34615	290436	8.39	0	30
SCAF_139_region	34615	290436	8.39	0	30
SCAF_140	34599	9201699	265.95	0	1134
SCAF_140_region	34599	9201699	265.95	0	1134
SCAF_141	34497	83616	2.42	0	117
SCAF_141_region	34497	83616	2.42	0	117
SCAF_142	34440	9685900	281.24	0	629
SCAF_142_region	34440	9685900	281.24	0	629
SCAF_143	34384	26964	0.78	0	17
SCAF_143_region	34384	26964	0.78	0	17
SCAF_144	34330	153690	4.48	0	33
SCAF_144_region	34330	153690	4.48	0	33
SCAF_145	34087	130184	3.82	0	20
SCAF_145_region	34087	130184	3.82	0	20
SCAF_146	33692	338462	10.05	0	33
SCAF_146_region	33692	338462	10.05	0	33
SCAF_147	33483	8373725	250.09	0	866
SCAF_147_region	33483	8373725	250.09	0	866
SCAF_148	33469	142146	4.25	0	39
SCAF_148_region	33469	142146	4.25	0	39
SCAF_149	33420	8023380	240.08	0	733
SCAF_149_region	33420	8023380	240.08	0	733
SCAF_150	33347	109286	3.28	0	37
SCAF_150_region	33347	109286	3.28	0	37
SCAF_151	33283	38568	1.16	0	194
SCAF_151_region	33283	38568	1.16	0	194
SCAF_152	33266	18504	0.56	0	16
SCAF_152_region	33266	18504	0.56	0	16
SCAF_153	33237	151560	4.56	0	20
SCAF_153_region	33237	151560	4.56	0	20
SCAF_154	33139	135904	4.10	0	92
SCAF_154_region	33139	135904	4.10	0	92
SCAF_155	33127	11638291	351.32	0	1084
SCAF_155_region	33127	11638291	351.32	0	1084
SCAF_156	32748	96522	2.95	0	249
SCAF_156_region	32748	96522	2.95	0	249
SCAF_157	32666	3271847	100.16	0	689
SCAF_157_region	32666	3271847	100.16	0	689
SCAF_158	32618	39896	1.22	0	12
SCAF_158_region	32618	39896	1.22	0	12
SCAF_159	32358	7740	0.24	0	6
SCAF_159_region	32358	7740	0.24	0	6
SCAF_160	32136	144090	4.48	0	30
SCAF_160_region	32136	144090	4.48	0	30
SCAF_161	32035	185577	5.79	0	111
SCAF_161_region	32035	185577	5.79	0	111
SCAF_162	31954	209612	6.56	0	67
SCAF_162_region	31954	209612	6.56	0	67
SCAF_163	31782	189298	5.96	0	39
SCAF_163_region	31782	189298	5.96	0	39
SCAF_164	31669	14908	0.47	0	19
SCAF_164_region	31669	14908	0.47	0	19
SCAF_165	31629	444357	14.05	0	71
SCAF_165_region	31629	444357	14.05	0	71
SCAF_166	31581	12986	0.41	0	10
SCAF_166_region	31581	12986	0.41	0	10
SCAF_167	31556	173493	5.50	0	43
SCAF_167_region	31556	173493	5.50	0	43
SCAF_168	31421	227024	7.23	0	28
SCAF_168_region	31421	227024	7.23	0	28
SCAF_169	31314	21040	0.67	0	9
SCAF_169_region	31314	21040	0.67	0	9
SCAF_170	31127	39054	1.25	0	22
SCAF_170_region	31127	39054	1.25	0	22
SCAF_171	31061	8748956	281.67	0	700
SCAF_171_region	31061	8748956	281.67	0	700
SCAF_172	31059	4376	0.14	0	5
SCAF_172_region	31059	4376	0.14	0	5
SCAF_173	30866	114762	3.72	0	27
SCAF_173_region	30866	114762	3.72	0	27
SCAF_174	30739	8887772	289.14	0	614
SCAF_174_region	30739	8887772	289.14	0	614
SCAF_175	30330	96759	3.19	0	80
SCAF_175_region	30330	96759	3.19	0	80
SCAF_176	30301	279843	9.24	0	400
SCAF_176_region	30301	279843	9.24	0	400
SCAF_177	30226	160685	5.32	0	61
SCAF_177_region	30226	160685	5.32	0	61
SCAF_178	30187	117305	3.89	0	78
SCAF_178_region	30187	117305	3.89	0	78
SCAF_179	30183	204566	6.78	0	28
SCAF_179_region	30183	204566	6.78	0	28
SCAF_180	30131	191170	6.34	0	76
SCAF_180_region	30131	191170	6.34	0	76
SCAF_181	30071	188845	6.28	0	65
SCAF_181_region	30071	188845	6.28	0	65
SCAF_182	30032	160735	5.35	0	36
SCAF_182_region	30032	160735	5.35	0	36
SCAF_183	30005	47687	1.59	0	21
SCAF_183_region	30005	47687	1.59	0	21
SCAF_184	29541	11096	0.38	0	125
SCAF_184_region	29541	11096	0.38	0	125
SCAF_185	29415	61819	2.10	0	41
SCAF_185_region	29415	61819	2.10	0	41
SCAF_186	29375	132088	4.50	0	22
SCAF_186_region	29375	132088	4.50	0	22
SCAF_187	29360	78345	2.67	0	29
SCAF_187_region	29360	78345	2.67	0	29
SCAF_188	29327	362851	12.37	0	44
SCAF_188_region	29327	362851	12.37	0	44
SCAF_189	29236	150298	5.14	0	88
SCAF_189_region	29236	150298	5.14	0	88
SCAF_190	29216	82849	2.84	0	126
SCAF_190_region	29216	82849	2.84	0	126
SCAF_191	29200	99892	3.42	0	15
SCAF_191_region	29200	99892	3.42	0	15
SCAF_192	29083	7495615	257.73	0	727
SCAF_192_region	29083	7495615	257.73	0	727
SCAF_193	29081	130409	4.48	0	118
SCAF_193_region	29081	130409	4.48	0	118
SCAF_194	28863	4288291	148.57	0	692
SCAF_194_region	28863	4288291	148.57	0	692
SCAF_195	28688	115964	4.04	0	43
SCAF_195_region	28688	115964	4.04	0	43
SCAF_196	28688	228417	7.96	0	206
SCAF_196_region	28688	228417	7.96	0	206
SCAF_197	28670	126109	4.40	0	48
SCAF_197_region	28670	126109	4.40	0	48
SCAF_198	28585	238802	8.35	0	34
SCAF_198_region	28585	238802	8.35	0	34
SCAF_199	28585	112088	3.92	0	163
SCAF_199_region	28585	112088	3.92	0	163
SCAF_200	28563	209634	7.34	0	26
SCAF_200_region	28563	209634	7.34	0	26
SCAF_201	28551	86414	3.03	0	17
SCAF_201_region	28551	86414	3.03	0	17
SCAF_202	28219	152230	5.39	0	35
SCAF_202_region	28219	152230	5.39	0	35
SCAF_203	28217	125829	4.46	0	64
SCAF_203_region	28217	125829	4.46	0	64
SCAF_204	28187	47009	1.67	0	275
SCAF_204_region	28187	47009	1.67	0	275
SCAF_205	28138	21078	0.75	0	18
SCAF_205_region	28138	21078	0.75	0	18
SCAF_206	28111	94586	3.36	0	53
SCAF_206_region	28111	94586	3.36	0	53
SCAF_207	27959	329889	11.80	0	38
SCAF_207_region	27959	329889	11.80	0	38
SCAF_208	27935	7219536	258.44	0	3051
SCAF_208_region	27935	7219536	258.44	0	3051
SCAF_209	27830	181063	6.51	0	27
SCAF_209_region	27830	181063	6.51	0	27
SCAF_210	27781	17682	0.64	0	13
SCAF_210_region	27781	17682	0.64	0	13
SCAF_211	27774	371320	13.37	0	38
SCAF_211_region	27774	371320	13.37	0	38
SCAF_212	27772	121088	4.36	0	30
SCAF_212_region	27772	121088	4.36	0	30
SCAF_213	27728	139839	5.04	0	58
SCAF_213_region	27728	139839	5.04	0	58
SCAF_214	27690	210060	7.59	0	23
SCAF_214_region	27690	210060	7.59	0	23
SCAF_215	27659	9796652	354.19	0	755
SCAF_215_region	27659	9796652	354.19	0	755
SCAF_216	27637	193438	7.00	0	52
SCAF_216_region	27637	193438	7.00	0	52
SCAF_217	27634	74518	2.70	0	21
SCAF_217_region	27634	74518	2.70	0	21
SCAF_218	27594	295744	10.72	0	38
SCAF_218_region	27594	295744	10.72	0	38
SCAF_219	27563	7572	0.27	0	4
SCAF_219_region	27563	7572	0.27	0	4
SCAF_220	27545	360002	13.07	0	36
SCAF_220_region	27545	360002	13.07	0	36
SCAF_221	27530	125754	4.57	0	23
SCAF_221_region	27530	125754	4.57	0	23
SCAF_222	27515	57580	2.09	0	10
SCAF_222_region	27515	57580	2.09	0	10
SCAF_223	27476	127960	4.66	0	40
SCAF_223_region	27476	127960	4.66	0	40
SCAF_224	27450	55680	2.03	0	18
SCAF_224_region	27450	55680	2.03	0	18
SCAF_225	27344	75627	2.77	0	11
SCAF_225_region	27344	75627	2.77	0	11
SCAF_226	27270	513477	18.83	0	388
SCAF_226_region	27270	513477	18.83	0	388
SCAF_227	27232	113597	4.17	0	59
SCAF_227_region	27232	113597	4.17	0	59
SCAF_228	27189	176349	6.49	0	73
SCAF_228_region	27189	176349	6.49	0	73
SCAF_229	27037	129916	4.81	0	42
SCAF_229_region	27037	129916	4.81	0	42
SCAF_230	26948	118871	4.41	0	27
SCAF_230_region	26948	118871	4.41	0	27
SCAF_231	26899	113426	4.22	0	26
SCAF_231_region	26899	113426	4.22	0	26
SCAF_232	26856	111096	4.14	0	25
SCAF_232_region	26856	111096	4.14	0	25
SCAF_233	26767	123439	4.61	0	38
SCAF_233_region	26767	123439	4.61	0	38
SCAF_234	26700	8554059	320.38	0	739
SCAF_234_region	26700	8554059	320.38	0	739
SCAF_235	26660	11189408	419.71	0	2368
SCAF_235_region	26660	11189408	419.71	0	2368
SCAF_236	26499	30922	1.17	0	13
SCAF_236_region	26499	30922	1.17	0	13
SCAF_237	26482	138764	5.24	0	22
SCAF_237_region	26482	138764	5.24	0	22
SCAF_238	26369	90192	3.42	0	29
SCAF_238_region	26369	90192	3.42	0	29
SCAF_239	26171	129288	4.94	0	35
SCAF_239_region	26171	129288	4.94	0	35
SCAF_240	26148	92968	3.56	0	21
SCAF_240_region	26148	92968	3.56	0	21
SCAF_241	26131	220415	8.44	0	35
SCAF_241_region	26131	220415	8.44	0	35
SCAF_242	26114	15267	0.58	0	17
SCAF_242_region	26114	15267	0.58	0	17
SCAF_243	26085	97962	3.76	0	26
SCAF_243_region	26085	97962	3.76	0	26
SCAF_244	26060	40636	1.56	0	13
SCAF_244_region	26060	40636	1.56	0	13
SCAF_245	25968	27047	1.04	0	13
SCAF_245_region	25968	27047	1.04	0	13
SCAF_246	25946	6281978	242.12	0	583
SCAF_246_region	25946	6281978	242.12	0	583
SCAF_247	25940	343934	13.26	0	40
SCAF_247_region	25940	343934	13.26	0	40
SCAF_248	25895	78045	3.01	0	16
SCAF_248_region	25895	78045	3.01	0	16
SCAF_249	25885	214584	8.29	0	23
SCAF_249_region	25885	214584	8.29	0	23
SCAF_250	25884	223744	8.64	0	30
SCAF_250_region	25884	223744	8.64	0	30
SCAF_251	25874	108986	4.21	0	29
SCAF_251_region	25874	108986	4.21	0	29
SCAF_252	25864	5780	0.22	0	16
SCAF_252_region	25864	5780	0.22	0	16
SCAF_253	25825	77066	2.98	0	20
SCAF_253_region	25825	77066	2.98	0	20
SCAF_254	25798	45700	1.77	0	137
SCAF_254_region	25798	45700	1.77	0	137
SCAF_255	25728	76186	2.96	0	12
SCAF_255_region	25728	76186	2.96	0	12
SCAF_256	25725	115311	4.48	0	32
SCAF_256_region	25725	115311	4.48	0	32
SCAF_257	25720	143501	5.58	0	22
SCAF_257_region	25720	143501	5.58	0	22
SCAF_258	25700	82305	3.20	0	117
SCAF_258_region	25700	82305	3.20	0	117
SCAF_259	25645	101251	3.95	0	47
SCAF_259_region	25645	101251	3.95	0	47
SCAF_260	25595	174586	6.82	0	24
SCAF_260_region	25595	174586	6.82	0	24
SCAF_261	25593	152932	5.98	0	20
SCAF_261_region	25593	152932	5.98	0	20
SCAF_262	25592	104114	4.07	0	23
SCAF_262_region	25592	104114	4.07	0	23
SCAF_263	25481	77016	3.02	0	43
SCAF_263_region	25481	77016	3.02	0	43
SCAF_264	25444	296871	11.67	0	38
SCAF_264_region	25444	296871	11.67	0	38
SCAF_265	25436	9857	0.39	0	10
SCAF_265_region	25436	9857	0.39	0	10
SCAF_266	25377	195513	7.70	0	30
SCAF_266_region	25377	195513	7.70	0	30
SCAF_267	25340	296309	11.69	0	32
SCAF_267_region	25340	296309	11.69	0	32
SCAF_268	25329	130376	5.15	0	30
SCAF_268_region	25329	130376	5.15	0	30
SCAF_269	25264	108516	4.30	0	25
SCAF_269_region	25264	108516	4.30	0	25
SCAF_270	25225	11622	0.46	0	15
SCAF_270_region	25225	11622	0.46	0	15
SCAF_271	25206	45183	1.79	0	105
SCAF_271_region	25206	45183	1.79	0	105
SCAF_272	25161	124544	4.95	0	21
SCAF_272_region	25161	124544	4.95	0	21
SCAF_273	25090	88460	3.53	0	14
SCAF_273_region	25090	88460	3.53	0	14
SCAF_274	24834	5737	0.23	0	6
SCAF_274_region	24834	5737	0.23	0	6
SCAF_275	24832	3331033	134.14	0	1174
SCAF_275_region	24832	3331033	134.14	0	1174
SCAF_276	24811	212399	8.56	0	152
SCAF_276_region	24811	212399	8.56	0	152
SCAF_277	24713	167734	6.79	0	71
SCAF_277_region	24713	167734	6.79	0	71
SCAF_278	24673	13421	0.54	0	12
SCAF_278_region	24673	13421	0.54	0	12
SCAF_279	24542	86441	3.52	0	19
SCAF_279_region	24542	86441	3.52	0	19
SCAF_280	24528	117274	4.78	0	24
SCAF_280_region	24528	117274	4.78	0	24
SCAF_281	24435	3796	0.16	0	4
SCAF_281_region	24435	3796	0.16	0	4
SCAF_282	24359	22054	0.91	0	18
SCAF_282_region	24359	22054	0.91	0	18
SCAF_283	24173	229968	9.51	0	27
SCAF_283_region	24173	229968	9.51	0	27
SCAF_284	24152	6619482	274.08	0	4339
SCAF_284_region	24152	6619482	274.08	0	4339
SCAF_285	24110	4101	0.17	0	4
SCAF_285_region	24110	4101	0.17	0	4
SCAF_286	24066	49274	2.05	0	141
SCAF_286_region	24066	49274	2.05	0	141
SCAF_287	23981	27792	1.16	0	27
SCAF_287_region	23981	27792	1.16	0	27
SCAF_288	23980	71476	2.98	0	23
SCAF_288_region	23980	71476	2.98	0	23
SCAF_289	23950	82472	3.44	0	20
SCAF_289_region	23950	82472	3.44	0	20
SCAF_290	23945	107694	4.50	0	22
SCAF_290_region	23945	107694	4.50	0	22
SCAF_291	23886	44728	1.87	0	18
SCAF_291_region	23886	44728	1.87	0	18
SCAF_292	23860	72555	3.04	0	47
SCAF_292_region	23860	72555	3.04	0	47
SCAF_293	23814	142838	6.00	0	22
SCAF_293_region	23814	142838	6.00	0	22
SCAF_294	23796	15175	0.64	0	12
SCAF_294_region	23796	15175	0.64	0	12
SCAF_295	23767	195813	8.24	0	76
SCAF_295_region	23767	195813	8.24	0	76
SCAF_296	23762	155854	6.56	0	1147
SCAF_296_region	23762	155854	6.56	0	1147
SCAF_297	23695	173809	7.34	0	54
SCAF_297_region	23695	173809	7.34	0	54
SCAF_298	23666	14404	0.61	0	14
SCAF_298_region	23666	14404	0.61	0	14
SCAF_299	23648	29953	1.27	0	194
SCAF_299_region	23648	29953	1.27	0	194
SCAF_300	23643	9028415	381.86	0	766
SCAF_300_region	23643	9028415	381.86	0	766
SCAF_301	23638	61210	2.59	0	30
SCAF_301_region	23638	61210	2.59	0	30
SCAF_302	23633	20304	0.86	0	15
SCAF_302_region	23633	20304	0.86	0	15
SCAF_303	23629	142590	6.03	0	23
SCAF_303_region	23629	142590	6.03	0	23
SCAF_304	23571	390904	16.58	0	244
SCAF_304_region	23571	390904	16.58	0	244
SCAF_305	23555	135980	5.77	0	38
SCAF_305_region	23555	135980	5.77	0	38
SCAF_306	23322	107058	4.59	0	36
SCAF_306_region	23322	107058	4.59	0	36
SCAF_307	23295	17246	0.74	0	14
SCAF_307_region	23295	17246	0.74	0	14
SCAF_308	23075	5770397	250.07	0	509
SCAF_308_region	23075	5770397	250.07	0	509
SCAF_309	23057	107323	4.65	0	28
SCAF_309_region	23057	107323	4.65	0	28
SCAF_310	23011	197676	8.59	0	30
SCAF_310_region	23011	197676	8.59	0	30
SCAF_311	22999	7978	0.35	0	81
SCAF_311_region	22999	7978	0.35	0	81
SCAF_312	22896	193722	8.46	0	24
SCAF_312_region	22896	193722	8.46	0	24
SCAF_313	22877	70803	3.09	0	14
SCAF_313_region	22877	70803	3.09	0	14
SCAF_314	22871	7410592	324.02	0	974
SCAF_314_region	22871	7410592	324.02	0	974
SCAF_315	22844	1405	0.06	0	20
SCAF_315_region	22844	1405	0.06	0	20
SCAF_316	22844	21337	0.93	0	22
SCAF_316_region	22844	21337	0.93	0	22
SCAF_317	22833	120956	5.30	0	23
SCAF_317_region	22833	120956	5.30	0	23
SCAF_318	22713	22333	0.98	0	50
SCAF_318_region	22713	22333	0.98	0	50
SCAF_319	22685	49448	2.18	0	37
SCAF_319_region	22685	49448	2.18	0	37
SCAF_320	22653	64642	2.85	0	16
SCAF_320_region	22653	64642	2.85	0	16
SCAF_321	22554	105118	4.66	0	24
SCAF_321_region	22554	105118	4.66	0	24
SCAF_322	22539	103958	4.61	0	23
SCAF_322_region	22539	103958	4.61	0	23
SCAF_323	22525	142690	6.33	0	86
SCAF_323_region	22525	142690	6.33	0	86
SCAF_324	22489	218824	9.73	0	30
SCAF_324_region	22489	218824	9.73	0	30
SCAF_325	22468	181435	8.08	0	52
SCAF_325_region	22468	181435	8.08	0	52
SCAF_326	22392	8777352	391.99	2	775
SCAF_326_region	22392	8777352	391.99	2	775
SCAF_327	22337	54758	2.45	0	36
SCAF_327_region	22337	54758	2.45	0	36
SCAF_328	22280	8253393	370.44	0	1009
SCAF_328_region	22280	8253393	370.44	0	1009
SCAF_329	22245	89549	4.03	0	18
SCAF_329_region	22245	89549	4.03	0	18
SCAF_330	22040	77618	3.52	0	25
SCAF_330_region	22040	77618	3.52	0	25
SCAF_331	22029	5714	0.26	0	5
SCAF_331_region	22029	5714	0.26	0	5
SCAF_332	21923	98749	4.50	0	26
SCAF_332_region	21923	98749	4.50	0	26
SCAF_333	21867	57991	2.65	0	17
SCAF_333_region	21867	57991	2.65	0	17
SCAF_334	21813	98412	4.51	0	53
SCAF_334_region	21813	98412	4.51	0	53
SCAF_335	21800	135992	6.24	0	24
SCAF_335_region	21800	135992	6.24	0	24
SCAF_336	21691	76146	3.51	0	22
SCAF_336_region	21691	76146	3.51	0	22
SCAF_337	21675	76636	3.54	0	20
SCAF_337_region	21675	76636	3.54	0	20
SCAF_338	21621	30579	1.41	0	25
SCAF_338_region	21621	30579	1.41	0	25
SCAF_339	21529	36639	1.70	0	58
SCAF_339_region	21529	36639	1.70	0	58
SCAF_340	21472	42751	1.99	0	20
SCAF_340_region	21472	42751	1.99	0	20
SCAF_341	21449	81568	3.80	0	25
SCAF_341_region	21449	81568	3.80	0	25
SCAF_342	21444	885183	41.28	0	434
SCAF_342_region	21444	885183	41.28	0	434
SCAF_343	21365	10943	0.51	0	9
SCAF_343_region	21365	10943	0.51	0	9
SCAF_344	21355	126993	5.95	0	32
SCAF_344_region	21355	126993	5.95	0	32
SCAF_345	21334	122804	5.76	0	35
SCAF_345_region	21334	122804	5.76	0	35
SCAF_346	21294	6213985	291.82	0	670
SCAF_346_region	21294	6213985	291.82	0	670
SCAF_347	21288	4807	0.23	0	12
SCAF_347_region	21288	4807	0.23	0	12
SCAF_348	21209	80472	3.79	0	34
SCAF_348_region	21209	80472	3.79	0	34
SCAF_349	21199	5911	0.28	0	7
SCAF_349_region	21199	5911	0.28	0	7
SCAF_350	21189	34252	1.62	0	156
SCAF_350_region	21189	34252	1.62	0	156
SCAF_351	21106	180921	8.57	0	25
SCAF_351_region	21106	180921	8.57	0	25
SCAF_352	21098	90976	4.31	0	55
SCAF_352_region	21098	90976	4.31	0	55
SCAF_353	21078	45945	2.18	0	25
SCAF_353_region	21078	45945	2.18	0	25
SCAF_354	20991	71052	3.38	0	25
SCAF_354_region	20991	71052	3.38	0	25
SCAF_355	20981	34036	1.62	0	64
SCAF_355_region	20981	34036	1.62	0	64
SCAF_356	20980	146029	6.96	0	41
SCAF_356_region	20980	146029	6.96	0	41
SCAF_357	20976	77612	3.70	0	34
SCAF_357_region	20976	77612	3.70	0	34
SCAF_358	20871	68425	3.28	0	21
SCAF_358_region	20871	68425	3.28	0	21
SCAF_359	20831	66211	3.18	0	13
SCAF_359_region	20831	66211	3.18	0	13
SCAF_360	20777	77949	3.75	0	60
SCAF_360_region	20777	77949	3.75	0	60
SCAF_361	20737	124513	6.00	0	32
SCAF_361_region	20737	124513	6.00	0	32
SCAF_362	20702	244232	11.80	0	41
SCAF_362_region	20702	244232	11.80	0	41
SCAF_363	20586	3463	0.17	0	6
SCAF_363_region	20586	3463	0.17	0	6
SCAF_364	20574	160442	7.80	0	109
SCAF_364_region	20574	160442	7.80	0	109
SCAF_365	20553	46609	2.27	0	51
SCAF_365_region	20553	46609	2.27	0	51
SCAF_366	20522	61960	3.02	0	48
SCAF_366_region	20522	61960	3.02	0	48
SCAF_367	20517	73669	3.59	0	38
SCAF_367_region	20517	73669	3.59	0	38
SCAF_368	20452	103850	5.08	0	33
SCAF_368_region	20452	103850	5.08	0	33
SCAF_369	20438	147024	7.19	0	28
SCAF_369_region	20438	147024	7.19	0	28
SCAF_370	20350	41797	2.05	0	22
SCAF_370_region	20350	41797	2.05	0	22
SCAF_371	20349	39072	1.92	0	92
SCAF_371_region	20349	39072	1.92	0	92
SCAF_372	20285	15708	0.77	0	30
SCAF_372_region	20285	15708	0.77	0	30
SCAF_373	20282	19325	0.95	0	105
SCAF_373_region	20282	19325	0.95	0	105
SCAF_374	20282	6263480	308.82	0	788
SCAF_374_region	20282	6263480	308.82	0	788
SCAF_375	20179	196314	9.73	0	128
SCAF_375_region	20179	196314	9.73	0	128
SCAF_376	20174	159439	7.90	0	31
SCAF_376_region	20174	159439	7.90	0	31
SCAF_377	20160	121493	6.03	0	30
SCAF_377_region	20160	121493	6.03	0	30
SCAF_378	20157	5326073	264.23	0	526
SCAF_378_region	20157	5326073	264.23	0	526
SCAF_379	20150	112683	5.59	0	24
SCAF_379_region	20150	112683	5.59	0	24
SCAF_380	20140	45715	2.27	0	73
SCAF_380_region	20140	45715	2.27	0	73
SCAF_381	20082	34677	1.73	0	29
SCAF_381_region	20082	34677	1.73	0	29
SCAF_382	20068	71251	3.55	0	16
SCAF_382_region	20068	71251	3.55	0	16
SCAF_383	20052	72248	3.60	0	15
SCAF_383_region	20052	72248	3.60	0	15
SCAF_384	20039	153280	7.65	0	28
SCAF_384_region	20039	153280	7.65	0	28
SCAF_385	20036	51765	2.58	0	32
SCAF_385_region	20036	51765	2.58	0	32
SCAF_386	20004	148632	7.43	0	30
SCAF_386_region	20004	148632	7.43	0	30
SCAF_387	19967	116211	5.82	0	160
SCAF_387_region	19967	116211	5.82	0	160
SCAF_388	19953	273200	13.69	0	74
SCAF_388_region	19953	273200	13.69	0	74
SCAF_389	19874	46931	2.36	0	22
SCAF_389_region	19874	46931	2.36	0	22
SCAF_390	19870	3510186	176.66	0	3026
SCAF_390_region	19870	3510186	176.66	0	3026
SCAF_391	19819	28257	1.43	0	11
SCAF_391_region	19819	28257	1.43	0	11
SCAF_392	19814	66750	3.37	0	25
SCAF_392_region	19814	66750	3.37	0	25
SCAF_393	19805	118559	5.99	0	44
SCAF_393_region	19805	118559	5.99	0	44
SCAF_394	19796	144392	7.29	0	41
SCAF_394_region	19796	144392	7.29	0	41
SCAF_395	19788	64405	3.25	0	558
SCAF_395_region	19788	64405	3.25	0	558
SCAF_396	19769	77391	3.91	0	47
SCAF_396_region	19769	77391	3.91	0	47
SCAF_397	19737	149988	7.60	0	30
SCAF_397_region	19737	149988	7.60	0	30
SCAF_398	19694	174287	8.85	0	32
SCAF_398_region	19694	174287	8.85	0	32
SCAF_399	19627	89522	4.56	0	25
SCAF_399_region	19627	89522	4.56	0	25
SCAF_400	19559	171096	8.75	0	65
SCAF_400_region	19559	171096	8.75	0	65
SCAF_401	19529	92651	4.74	0	31
SCAF_401_region	19529	92651	4.74	0	31
SCAF_402	19485	68040	3.49	0	19
SCAF_402_region	19485	68040	3.49	0	19
SCAF_403	19440	90032	4.63	0	50
SCAF_403_region	19440	90032	4.63	0	50
SCAF_404	19429	52078	2.68	0	20
SCAF_404_region	19429	52078	2.68	0	20
SCAF_405	19412	57923	2.98	0	19
SCAF_405_region	19412	57923	2.98	0	19
SCAF_406	19412	78354	4.04	0	31
SCAF_406_region	19412	78354	4.04	0	31
SCAF_407	19392	80432	4.15	0	23
SCAF_407_region	19392	80432	4.15	0	23
SCAF_408	19383	6783	0.35	0	7
SCAF_408_region	19383	6783	0.35	0	7
SCAF_409	19350	71453	3.69	0	25
SCAF_409_region	19350	71453	3.69	0	25
SCAF_410	19334	56156	2.90	0	24
SCAF_410_region	19334	56156	2.90	0	24
SCAF_411	19319	5486	0.28	0	6
SCAF_411_region	19319	5486	0.28	0	6
SCAF_412	19298	177817	9.21	0	33
SCAF_412_region	19298	177817	9.21	0	33
SCAF_413	19281	186394	9.67	0	33
SCAF_413_region	19281	186394	9.67	0	33
SCAF_414	19250	110458	5.74	0	40
SCAF_414_region	19250	110458	5.74	0	40
SCAF_415	19240	93207	4.84	0	32
SCAF_415_region	19240	93207	4.84	0	32
SCAF_416	19198	111638	5.82	0	65
SCAF_416_region	19198	111638	5.82	0	65
SCAF_417	19156	18773	0.98	0	16
SCAF_417_region	19156	18773	0.98	0	16
SCAF_418	19069	5758897	302.00	0	652
SCAF_418_region	19069	5758897	302.00	0	652
SCAF_419	19061	65633	3.44	0	20
SCAF_419_region	19061	65633	3.44	0	20
SCAF_420	19040	26264	1.38	0	11
SCAF_420_region	19040	26264	1.38	0	11
SCAF_421	19012	112731	5.93	0	23
SCAF_421_region	19012	112731	5.93	0	23
SCAF_422	18950	331561	17.50	0	98
SCAF_422_region	18950	331561	17.50	0	98
SCAF_423	18945	13414	0.71	0	11
SCAF_423_region	18945	13414	0.71	0	11
SCAF_424	18943	53025	2.80	0	48
SCAF_424_region	18943	53025	2.80	0	48
SCAF_425	18932	129196	6.82	0	30
SCAF_425_region	18932	129196	6.82	0	30
SCAF_426	18882	74822	3.96	0	21
SCAF_426_region	18882	74822	3.96	0	21
SCAF_427	18874	118385	6.27	0	132
SCAF_427_region	18874	118385	6.27	0	132
SCAF_428	18866	1197129	63.45	0	474
SCAF_428_region	18866	1197129	63.45	0	474
SCAF_429	18866	84401	4.47	0	36
SCAF_429_region	18866	84401	4.47	0	36
SCAF_430	18815	56161	2.98	0	25
SCAF_430_region	18815	56161	2.98	0	25
SCAF_431	18805	184295	9.80	0	29
SCAF_431_region	18805	184295	9.80	0	29
SCAF_432	18790	193728	10.31	0	70
SCAF_432_region	18790	193728	10.31	0	70
SCAF_433	18773	70332	3.75	0	23
SCAF_433_region	18773	70332	3.75	0	23
SCAF_434	18766	82140	4.38	0	33
SCAF_434_region	18766	82140	4.38	0	33
SCAF_435	18753	132519	7.07	0	59
SCAF_435_region	18753	132519	7.07	0	59
SCAF_436	18746	153173	8.17	0	62
SCAF_436_region	18746	153173	8.17	0	62
SCAF_437	18721	30839	1.65	0	34
SCAF_437_region	18721	30839	1.65	0	34
SCAF_438	18669	44475	2.38	0	17
SCAF_438_region	18669	44475	2.38	0	17
SCAF_439	18588	315721	16.99	0	463
SCAF_439_region	18588	315721	16.99	0	463
SCAF_440	18561	22767	1.23	0	89
SCAF_440_region	18561	22767	1.23	0	89
SCAF_441	18530	117353	6.33	0	47
SCAF_441_region	18530	117353	6.33	0	47
SCAF_442	18489	63960	3.46	0	14
SCAF_442_region	18489	63960	3.46	0	14
SCAF_443	18479	74653	4.04	0	26
SCAF_443_region	18479	74653	4.04	0	26
SCAF_444	18424	191756	10.41	0	104
SCAF_444_region	18424	191756	10.41	0	104
SCAF_445	18396	146464	7.96	0	24
SCAF_445_region	18396	146464	7.96	0	24
SCAF_446	18392	114761	6.24	0	28
SCAF_446_region	18392	114761	6.24	0	28
SCAF_447	18255	92464	5.07	0	23
SCAF_447_region	18255	92464	5.07	0	23
SCAF_448	18252	159682	8.75	0	30
SCAF_448_region	18252	159682	8.75	0	30
SCAF_449	18248	96868	5.31	0	25
SCAF_449_region	18248	96868	5.31	0	25
SCAF_450	18208	63342	3.48	0	17
SCAF_450_region	18208	63342	3.48	0	17
SCAF_451	18202	63	0.00	0	1
SCAF_451_region	18202	63	0.00	0	1
SCAF_452	18192	64102	3.52	0	21
SCAF_452_region	18192	64102	3.52	0	21
SCAF_453	18150	45817	2.52	0	16
SCAF_453_region	18150	45817	2.52	0	16
SCAF_454	18134	23219	1.28	0	11
SCAF_454_region	18134	23219	1.28	0	11
SCAF_455	18114	4164	0.23	0	22
SCAF_455_region	18114	4164	0.23	0	22
SCAF_456	18112	63946	3.53	0	25
SCAF_456_region	18112	63946	3.53	0	25
SCAF_457	18054	188331	10.43	0	28
SCAF_457_region	18054	188331	10.43	0	28
SCAF_458	18006	118609	6.59	0	19
SCAF_458_region	18006	118609	6.59	0	19
SCAF_459	18000	4704	0.26	0	6
SCAF_459_region	18000	4704	0.26	0	6
SCAF_460	17967	135979	7.57	0	71
SCAF_460_region	17967	135979	7.57	0	71
SCAF_461	17943	63797	3.56	0	18
SCAF_461_region	17943	63797	3.56	0	18
SCAF_462	17929	686	0.04	0	17
SCAF_462_region	17929	686	0.04	0	17
SCAF_463	17921	5592	0.31	0	5
SCAF_463_region	17921	5592	0.31	0	5
SCAF_464	17913	160585	8.96	0	23
SCAF_464_region	17913	160585	8.96	0	23
SCAF_465	17912	75636	4.22	0	36
SCAF_465_region	17912	75636	4.22	0	36
SCAF_466	17886	62656	3.50	0	21
SCAF_466_region	17886	62656	3.50	0	21
SCAF_467	17859	2589	0.14	0	17
SCAF_467_region	17859	2589	0.14	0	17
SCAF_468	17837	46273	2.59	0	46
SCAF_468_region	17837	46273	2.59	0	46
SCAF_469	17802	5109	0.29	0	3
SCAF_469_region	17802	5109	0.29	0	3
SCAF_470	17776	94648	5.32	0	50
SCAF_470_region	17776	94648	5.32	0	50
SCAF_471	17682	75653	4.28	0	20
SCAF_471_region	17682	75653	4.28	0	20
SCAF_472	17646	156391	8.86	0	75
SCAF_472_region	17646	156391	8.86	0	75
SCAF_473	17646	79799	4.52	0	22
SCAF_473_region	17646	79799	4.52	0	22
SCAF_474	17642	3464943	196.40	0	450
SCAF_474_region	17642	3464943	196.40	0	450
SCAF_475	17613	1135	0.06	0	13
SCAF_475_region	17613	1135	0.06	0	13
SCAF_476	17602	29565	1.68	0	111
SCAF_476_region	17602	29565	1.68	0	111
SCAF_477	17571	4809	0.27	0	5
SCAF_477_region	17571	4809	0.27	0	5
SCAF_478	17535	45369	2.59	0	15
SCAF_478_region	17535	45369	2.59	0	15
SCAF_479	17528	15009	0.86	0	91
SCAF_479_region	17528	15009	0.86	0	91
SCAF_480	17503	56657	3.24	0	13
SCAF_480_region	17503	56657	3.24	0	13
SCAF_481	17502	53469	3.06	0	17
SCAF_481_region	17502	53469	3.06	0	17
SCAF_482	17480	25760	1.47	0	11
SCAF_482_region	17480	25760	1.47	0	11
SCAF_483	17476	66490	3.80	0	20
SCAF_483_region	17476	66490	3.80	0	20
SCAF_484	17457	319960	18.33	0	227
SCAF_484_region	17457	319960	18.33	0	227
SCAF_485	17386	143544	8.26	0	34
SCAF_485_region	17386	143544	8.26	0	34
SCAF_486	17362	113780	6.55	0	22
SCAF_486_region	17362	113780	6.55	0	22
SCAF_487	17332	44695	2.58	0	19
SCAF_487_region	17332	44695	2.58	0	19
SCAF_488	17327	107243	6.19	0	24
SCAF_488_region	17327	107243	6.19	0	24
SCAF_489	17303	113062	6.53	0	25
SCAF_489_region	17303	113062	6.53	0	25
SCAF_490	17273	21257	1.23	0	21
SCAF_490_region	17273	21257	1.23	0	21
SCAF_491	17245	9424	0.55	0	109
SCAF_491_region	17245	9424	0.55	0	109
SCAF_492	17239	17952	1.04	0	12
SCAF_492_region	17239	17952	1.04	0	12
SCAF_493	17219	144547	8.39	0	24
SCAF_493_region	17219	144547	8.39	0	24
SCAF_494	17218	59655	3.46	0	42
SCAF_494_region	17218	59655	3.46	0	42
SCAF_495	17211	69138	4.02	0	20
SCAF_495_region	17211	69138	4.02	0	20
SCAF_496	17198	25685	1.49	0	190
SCAF_496_region	17198	25685	1.49	0	190
SCAF_497	17190	5188	0.30	0	7
SCAF_497_region	17190	5188	0.30	0	7
SCAF_498	17162	69896	4.07	0	25
SCAF_498_region	17162	69896	4.07	0	25
SCAF_499	17147	66261	3.86	0	19
SCAF_499_region	17147	66261	3.86	0	19
SCAF_500	17144	72379	4.22	0	17
SCAF_500_region	17144	72379	4.22	0	17
SCAF_501	17142	53169	3.10	0	15
SCAF_501_region	17142	53169	3.10	0	15
SCAF_502	17124	122032	7.13	0	57
SCAF_502_region	17124	122032	7.13	0	57
SCAF_503	17118	19893	1.16	0	11
SCAF_503_region	17118	19893	1.16	0	11
SCAF_504	17076	43833	2.57	0	29
SCAF_504_region	17076	43833	2.57	0	29
SCAF_505	17047	4494191	263.64	0	611
SCAF_505_region	17047	4494191	263.64	0	611
SCAF_506	17043	91776	5.38	0	214
SCAF_506_region	17043	91776	5.38	0	214
SCAF_507	17035	112817	6.62	0	59
SCAF_507_region	17035	112817	6.62	0	59
SCAF_508	17021	123466	7.25	0	171
SCAF_508_region	17021	123466	7.25	0	171
SCAF_509	16971	127117	7.49	0	23
SCAF_509_region	16971	127117	7.49	0	23
SCAF_510	16897	138703	8.21	0	25
SCAF_510_region	16897	138703	8.21	0	25
SCAF_511	16849	48378	2.87	0	22
SCAF_511_region	16849	48378	2.87	0	22
SCAF_512	16807	60206	3.58	0	14
SCAF_512_region	16807	60206	3.58	0	14
SCAF_513	16787	5662	0.34	0	16
SCAF_513_region	16787	5662	0.34	0	16
SCAF_514	16784	118061	7.03	0	28
SCAF_514_region	16784	118061	7.03	0	28
SCAF_515	16776	111789	6.66	0	22
SCAF_515_region	16776	111789	6.66	0	22
SCAF_516	16745	4587	0.27	0	13
SCAF_516_region	16745	4587	0.27	0	13
SCAF_517	16741	44165	2.64	0	15
SCAF_517_region	16741	44165	2.64	0	15
SCAF_518	16733	110563	6.61	0	24
SCAF_518_region	16733	110563	6.61	0	24
SCAF_519	16710	77258	4.62	0	50
SCAF_519_region	16710	77258	4.62	0	50
SCAF_520	16702	3144495	188.27	0	626
SCAF_520_region	16702	3144495	188.27	0	626
SCAF_521	16701	61164	3.66	0	17
SCAF_521_region	16701	61164	3.66	0	17
SCAF_522	16645	72654	4.36	0	24
SCAF_522_region	16645	72654	4.36	0	24
SCAF_523	16623	95091	5.72	0	33
SCAF_523_region	16623	95091	5.72	0	33
SCAF_524	16568	17228	1.04	0	28
SCAF_524_region	16568	17228	1.04	0	28
SCAF_525	16548	69885	4.22	0	22
SCAF_525_region	16548	69885	4.22	0	22
SCAF_526	16541	12118	0.73	0	150
SCAF_526_region	16541	12118	0.73	0	150
SCAF_527	16518	3304131	200.03	0	621
SCAF_527_region	16518	3304131	200.03	0	621
SCAF_528	16510	17786	1.08	0	22
SCAF_528_region	16510	17786	1.08	0	22
SCAF_529	16492	101306	6.14	0	52
SCAF_529_region	16492	101306	6.14	0	52
SCAF_530	16462	73242	4.45	0	52
SCAF_530_region	16462	73242	4.45	0	52
SCAF_531	16461	3371	0.20	0	4
SCAF_531_region	16461	3371	0.20	0	4
SCAF_532	16447	51715	3.14	0	33
SCAF_532_region	16447	51715	3.14	0	33
SCAF_533	16383	90176	5.50	0	24
SCAF_533_region	16383	90176	5.50	0	24
SCAF_534	16345	72987	4.47	0	24
SCAF_534_region	16345	72987	4.47	0	24
SCAF_535	16343	4708	0.29	0	8
SCAF_535_region	16343	4708	0.29	0	8
SCAF_536	16333	55350	3.39	0	28
SCAF_536_region	16333	55350	3.39	0	28
SCAF_537	16287	125548	7.71	0	26
SCAF_537_region	16287	125548	7.71	0	26
SCAF_538	16266	26824	1.65	0	13
SCAF_538_region	16266	26824	1.65	0	13
SCAF_539	16246	5412	0.33	0	9
SCAF_539_region	16246	5412	0.33	0	9
SCAF_540	16245	78938	4.86	0	18
SCAF_540_region	16245	78938	4.86	0	18
SCAF_541	16215	73154	4.51	0	21
SCAF_541_region	16215	73154	4.51	0	21
SCAF_542	16208	51922	3.20	0	29
SCAF_542_region	16208	51922	3.20	0	29
SCAF_543	16160	60118	3.72	0	25
SCAF_543_region	16160	60118	3.72	0	25
SCAF_544	16140	4031	0.25	0	6
SCAF_544_region	16140	4031	0.25	0	6
SCAF_545	16102	56353	3.50	0	18
SCAF_545_region	16102	56353	3.50	0	18
SCAF_546	16083	108281	6.73	0	22
SCAF_546_region	16083	108281	6.73	0	22
SCAF_547	16037	56512	3.52	0	13
SCAF_547_region	16037	56512	3.52	0	13
SCAF_548	16034	72374	4.51	0	42
SCAF_548_region	16034	72374	4.51	0	42
SCAF_549	16030	99775	6.22	0	36
SCAF_549_region	16030	99775	6.22	0	36
SCAF_550	16027	44539	2.78	0	81
SCAF_550_region	16027	44539	2.78	0	81
SCAF_551	15990	81784	5.11	0	20
SCAF_551_region	15990	81784	5.11	0	20
SCAF_552	15913	211584	13.30	0	32
SCAF_552_region	15913	211584	13.30	0	32
SCAF_553	15906	82951	5.22	0	31
SCAF_553_region	15906	82951	5.22	0	31
SCAF_554	15898	66684	4.19	0	17
SCAF_554_region	15898	66684	4.19	0	17
SCAF_555	15891	37755	2.38	0	34
SCAF_555_region	15891	37755	2.38	0	34
SCAF_556	15885	80698	5.08	0	20
SCAF_556_region	15885	80698	5.08	0	20
SCAF_557	15855	59791	3.77	0	14
SCAF_557_region	15855	59791	3.77	0	14
SCAF_558	15839	75719	4.78	0	32
SCAF_558_region	15839	75719	4.78	0	32
SCAF_559	15827	149265	9.43	0	27
SCAF_559_region	15827	149265	9.43	0	27
SCAF_560	15823	115988	7.33	0	63
SCAF_560_region	15823	115988	7.33	0	63
SCAF_561	15791	116346	7.37	0	25
SCAF_561_region	15791	116346	7.37	0	25
SCAF_562	15777	3769261	238.91	0	618
SCAF_562_region	15777	3769261	238.91	0	618
SCAF_563	15776	67100	4.25	0	20
SCAF_563_region	15776	67100	4.25	0	20
SCAF_564	15761	7022	0.45	0	14
SCAF_564_region	15761	7022	0.45	0	14
SCAF_565	15717	64006	4.07	0	25
SCAF_565_region	15717	64006	4.07	0	25
SCAF_566	15706	5153	0.33	0	8
SCAF_566_region	15706	5153	0.33	0	8
SCAF_567	15696	94765	6.04	0	30
SCAF_567_region	15696	94765	6.04	0	30
SCAF_568	15657	108325	6.92	0	23
SCAF_568_region	15657	108325	6.92	0	23
SCAF_569	15650	32929	2.10	0	43
SCAF_569_region	15650	32929	2.10	0	43
SCAF_570	15646	69201	4.42	0	24
SCAF_570_region	15646	69201	4.42	0	24
SCAF_571	15619	2001	0.13	0	4
SCAF_571_region	15619	2001	0.13	0	4
SCAF_572	15612	66660	4.27	0	26
SCAF_572_region	15612	66660	4.27	0	26
SCAF_573	15605	53751	3.44	0	26
SCAF_573_region	15605	53751	3.44	0	26
SCAF_574	15575	87991	5.65	0	42
SCAF_574_region	15575	87991	5.65	0	42
SCAF_575	15573	40603	2.61	0	12
SCAF_575_region	15573	40603	2.61	0	12
SCAF_576	15571	104396	6.70	0	34
SCAF_576_region	15571	104396	6.70	0	34
SCAF_577	15544	23920	1.54	0	15
SCAF_577_region	15544	23920	1.54	0	15
SCAF_578	15521	2971	0.19	0	3
SCAF_578_region	15521	2971	0.19	0	3
SCAF_579	15497	28250	1.82	0	176
SCAF_579_region	15497	28250	1.82	0	176
SCAF_580	15481	43166	2.79	0	20
SCAF_580_region	15481	43166	2.79	0	20
SCAF_581	15458	66416	4.30	0	42
SCAF_581_region	15458	66416	4.30	0	42
SCAF_582	15439	104517	6.77	0	85
SCAF_582_region	15439	104517	6.77	0	85
SCAF_583	15421	59256	3.84	0	32
SCAF_583_region	15421	59256	3.84	0	32
SCAF_584	15337	54075	3.53	0	28
SCAF_584_region	15337	54075	3.53	0	28
SCAF_585	15336	60792	3.96	0	13
SCAF_585_region	15336	60792	3.96	0	13
SCAF_586	15301	107555	7.03	0	35
SCAF_586_region	15301	107555	7.03	0	35
SCAF_587	15300	1270987	83.07	0	793
SCAF_587_region	15300	1270987	83.07	0	793
SCAF_588	15298	57782	3.78	0	24
SCAF_588_region	15298	57782	3.78	0	24
SCAF_589	15238	38755	2.54	0	19
SCAF_589_region	15238	38755	2.54	0	19
SCAF_590	15205	167678	11.03	0	37
SCAF_590_region	15205	167678	11.03	0	37
SCAF_591	15162	129297	8.53	0	27
SCAF_591_region	15162	129297	8.53	0	27
SCAF_592	15154	49073	3.24	0	12
SCAF_592_region	15154	49073	3.24	0	12
SCAF_593	15087	16347	1.08	0	17
SCAF_593_region	15087	16347	1.08	0	17
SCAF_594	15082	132203	8.77	0	57
SCAF_594_region	15082	132203	8.77	0	57
SCAF_595	15055	191566	12.72	0	31
SCAF_595_region	15055	191566	12.72	0	31
SCAF_596	15045	19639	1.31	0	6
SCAF_596_region	15045	19639	1.31	0	6
SCAF_597	15030	10671	0.71	0	18
SCAF_597_region	15030	10671	0.71	0	18
SCAF_598	15027	59989	3.99	0	53
SCAF_598_region	15027	59989	3.99	0	53
SCAF_599	15000	161080	10.74	0	31
SCAF_599_region	15000	161080	10.74	0	31
SCAF_600	14995	54996	3.67	0	34
SCAF_600_region	14995	54996	3.67	0	34
SCAF_601	14985	62818	4.19	0	63
SCAF_601_region	14985	62818	4.19	0	63
SCAF_602	14930	102920	6.89	0	28
SCAF_602_region	14930	102920	6.89	0	28
SCAF_603	14898	67535	4.53	0	21
SCAF_603_region	14898	67535	4.53	0	21
SCAF_604	14863	51834	3.49	0	23
SCAF_604_region	14863	51834	3.49	0	23
SCAF_605	14840	61883	4.17	0	21
SCAF_605_region	14840	61883	4.17	0	21
SCAF_606	14808	4312	0.29	0	28
SCAF_606_region	14808	4312	0.29	0	28
SCAF_607	14807	382463	25.83	0	103
SCAF_607_region	14807	382463	25.83	0	103
SCAF_608	14785	61599	4.17	0	22
SCAF_608_region	14785	61599	4.17	0	22
SCAF_609	14742	518381	35.16	0	210
SCAF_609_region	14742	518381	35.16	0	210
SCAF_610	14738	83986	5.70	0	35
SCAF_610_region	14738	83986	5.70	0	35
SCAF_611	14737	96968	6.58	0	27
SCAF_611_region	14737	96968	6.58	0	27
SCAF_612	14712	3704783	251.82	0	579
SCAF_612_region	14712	3704783	251.82	0	579
SCAF_613	14708	88373	6.01	0	36
SCAF_613_region	14708	88373	6.01	0	36
SCAF_614	14694	116506	7.93	0	131
SCAF_614_region	14694	116506	7.93	0	131
SCAF_615	14684	17422	1.19	0	47
SCAF_615_region	14684	17422	1.19	0	47
SCAF_616	14676	2123	0.14	0	4
SCAF_616_region	14676	2123	0.14	0	4
SCAF_617	14662	37180	2.54	0	26
SCAF_617_region	14662	37180	2.54	0	26
SCAF_618	14658	70443	4.81	0	21
SCAF_618_region	14658	70443	4.81	0	21
SCAF_619	14650	124052	8.47	0	278
SCAF_619_region	14650	124052	8.47	0	278
SCAF_620	14639	36794	2.51	0	17
SCAF_620_region	14639	36794	2.51	0	17
SCAF_621	14614	1604436	109.79	0	700
SCAF_621_region	14614	1604436	109.79	0	700
SCAF_622	14596	52336	3.59	0	23
SCAF_622_region	14596	52336	3.59	0	23
SCAF_623	14590	116963	8.02	0	40
SCAF_623_region	14590	116963	8.02	0	40
SCAF_624	14581	3215	0.22	0	5
SCAF_624_region	14581	3215	0.22	0	5
SCAF_625	14547	71404	4.91	0	37
SCAF_625_region	14547	71404	4.91	0	37
SCAF_626	14527	74477	5.13	0	26
SCAF_626_region	14527	74477	5.13	0	26
SCAF_627	14523	39758	2.74	0	17
SCAF_627_region	14523	39758	2.74	0	17
SCAF_628	14498	57963	4.00	0	29
SCAF_628_region	14498	57963	4.00	0	29
SCAF_629	14453	48807	3.38	0	11
SCAF_629_region	14453	48807	3.38	0	11
SCAF_630	14414	44277	3.07	0	26
SCAF_630_region	14414	44277	3.07	0	26
SCAF_631	14395	19077	1.33	0	18
SCAF_631_region	14395	19077	1.33	0	18
SCAF_632	14385	8846	0.61	0	11
SCAF_632_region	14385	8846	0.61	0	11
SCAF_633	14371	53561	3.73	0	15
SCAF_633_region	14371	53561	3.73	0	15
SCAF_634	14371	58613	4.08	0	18
SCAF_634_region	14371	58613	4.08	0	18
SCAF_635	14280	43324	3.03	0	29
SCAF_635_region	14280	43324	3.03	0	29
SCAF_636	14276	35334	2.48	0	19
SCAF_636_region	14276	35334	2.48	0	19
SCAF_637	14236	68797	4.83	0	26
SCAF_637_region	14236	68797	4.83	0	26
SCAF_638	14229	97689	6.87	0	21
SCAF_638_region	14229	97689	6.87	0	21
SCAF_639	14202	3270	0.23	0	4
SCAF_639_region	14202	3270	0.23	0	4
SCAF_640	14111	82253	5.83	0	33
SCAF_640_region	14111	82253	5.83	0	33
SCAF_641	14088	95493	6.78	0	22
SCAF_641_region	14088	95493	6.78	0	22
SCAF_642	14005	75981	5.43	0	19
SCAF_642_region	14005	75981	5.43	0	19
SCAF_643	13977	3877530	277.42	0	477
SCAF_643_region	13977	3877530	277.42	0	477
SCAF_644	13890	47926	3.45	0	13
SCAF_644_region	13890	47926	3.45	0	13
SCAF_645	13875	94435	6.81	0	25
SCAF_645_region	13875	94435	6.81	0	25
SCAF_646	13874	115081	8.29	0	32
SCAF_646_region	13874	115081	8.29	0	32
SCAF_647	13848	54780	3.96	0	31
SCAF_647_region	13848	54780	3.96	0	31
SCAF_648	13847	21762	1.57	0	57
SCAF_648_region	13847	21762	1.57	0	57
SCAF_649	13838	51240	3.70	0	20
SCAF_649_region	13838	51240	3.70	0	20
SCAF_650	13812	52620	3.81	0	17
SCAF_650_region	13812	52620	3.81	0	17
SCAF_651	13758	133400	9.70	0	28
SCAF_651_region	13758	133400	9.70	0	28
SCAF_652	13727	52470	3.82	0	15
SCAF_652_region	13727	52470	3.82	0	15
SCAF_653	13703	29559	2.16	0	15
SCAF_653_region	13703	29559	2.16	0	15
SCAF_654	13701	3996	0.29	0	4
SCAF_654_region	13701	3996	0.29	0	4
SCAF_655	13677	39480	2.89	0	11
SCAF_655_region	13677	39480	2.89	0	11
SCAF_656	13622	83364	6.12	0	21
SCAF_656_region	13622	83364	6.12	0	21
SCAF_657	13584	31187	2.30	0	17
SCAF_657_region	13584	31187	2.30	0	17
SCAF_658	13583	82791	6.10	0	24
SCAF_658_region	13583	82791	6.10	0	24
SCAF_659	13535	95395	7.05	0	26
SCAF_659_region	13535	95395	7.05	0	26
SCAF_660	13535	3910	0.29	0	3
SCAF_660_region	13535	3910	0.29	0	3
SCAF_661	13499	59384	4.40	0	16
SCAF_661_region	13499	59384	4.40	0	16
SCAF_662	13464	26589	1.97	0	12
SCAF_662_region	13464	26589	1.97	0	12
SCAF_663	13438	62854	4.68	0	32
SCAF_663_region	13438	62854	4.68	0	32
SCAF_664	13385	2393147	178.79	0	573
SCAF_664_region	13385	2393147	178.79	0	573
SCAF_665	13357	3406	0.25	0	4
SCAF_665_region	13357	3406	0.25	0	4
SCAF_666	13330	66925	5.02	0	22
SCAF_666_region	13330	66925	5.02	0	22
SCAF_667	13327	107283	8.05	0	117
SCAF_667_region	13327	107283	8.05	0	117
SCAF_668	13319	36990	2.78	0	24
SCAF_668_region	13319	36990	2.78	0	24
SCAF_669	13303	20949	1.57	0	11
SCAF_669_region	13303	20949	1.57	0	11
SCAF_670	13293	93106	7.00	0	25
SCAF_670_region	13293	93106	7.00	0	25
SCAF_671	13288	98823	7.44	0	24
SCAF_671_region	13288	98823	7.44	0	24
SCAF_672	13266	4520	0.34	0	5
SCAF_672_region	13266	4520	0.34	0	5
SCAF_673	13189	10502	0.80	0	94
SCAF_673_region	13189	10502	0.80	0	94
SCAF_674	13149	81780	6.22	0	37
SCAF_674_region	13149	81780	6.22	0	37
SCAF_675	13128	115964	8.83	0	85
SCAF_675_region	13128	115964	8.83	0	85
SCAF_676	13120	61512	4.69	0	18
SCAF_676_region	13120	61512	4.69	0	18
SCAF_677	13080	31171	2.38	0	153
SCAF_677_region	13080	31171	2.38	0	153
SCAF_678	13050	24086	1.85	0	24
SCAF_678_region	13050	24086	1.85	0	24
SCAF_679	13043	49163	3.77	0	25
SCAF_679_region	13043	49163	3.77	0	25
SCAF_680	13008	56542	4.35	0	18
SCAF_680_region	13008	56542	4.35	0	18
SCAF_681	13001	25460	1.96	0	17
SCAF_681_region	13001	25460	1.96	0	17
SCAF_682	12997	107742	8.29	0	36
SCAF_682_region	12997	107742	8.29	0	36
SCAF_683	12986	35740	2.75	0	16
SCAF_683_region	12986	35740	2.75	0	16
SCAF_684	12871	55763	4.33	0	16
SCAF_684_region	12871	55763	4.33	0	16
SCAF_685	12842	29224	2.28	0	32
SCAF_685_region	12842	29224	2.28	0	32
SCAF_686	12830	52395	4.08	0	36
SCAF_686_region	12830	52395	4.08	0	36
SCAF_687	12781	54845	4.29	0	25
SCAF_687_region	12781	54845	4.29	0	25
SCAF_688	12768	122442	9.59	0	59
SCAF_688_region	12768	122442	9.59	0	59
SCAF_689	12768	69501	5.44	0	18
SCAF_689_region	12768	69501	5.44	0	18
SCAF_690	12764	49231	3.86	0	20
SCAF_690_region	12764	49231	3.86	0	20
SCAF_691	12677	37044	2.92	0	10
SCAF_691_region	12677	37044	2.92	0	10
SCAF_692	12675	4617	0.36	0	5
SCAF_692_region	12675	4617	0.36	0	5
SCAF_693	12651	49241	3.89	0	12
SCAF_693_region	12651	49241	3.89	0	12
SCAF_694	12646	20595	1.63	0	18
SCAF_694_region	12646	20595	1.63	0	18
SCAF_695	12643	108196	8.56	0	30
SCAF_695_region	12643	108196	8.56	0	30
SCAF_696	12633	55961	4.43	0	12
SCAF_696_region	12633	55961	4.43	0	12
SCAF_697	12625	55995	4.44	0	50
SCAF_697_region	12625	55995	4.44	0	50
SCAF_698	12617	113515	9.00	0	46
SCAF_698_region	12617	113515	9.00	0	46
SCAF_699	12540	50683	4.04	0	17
SCAF_699_region	12540	50683	4.04	0	17
SCAF_700	12515	516	0.04	0	3
SCAF_700_region	12515	516	0.04	0	3
SCAF_701	12482	7961	0.64	0	7
SCAF_701_region	12482	7961	0.64	0	7
SCAF_702	12461	91535	7.35	0	82
SCAF_702_region	12461	91535	7.35	0	82
SCAF_703	12456	84960	6.82	0	63
SCAF_703_region	12456	84960	6.82	0	63
SCAF_704	12456	27117	2.18	0	17
SCAF_704_region	12456	27117	2.18	0	17
SCAF_705	12358	44525	3.60	0	19
SCAF_705_region	12358	44525	3.60	0	19
SCAF_706	12350	144914	11.73	0	38
SCAF_706_region	12350	144914	11.73	0	38
SCAF_707	12343	40349	3.27	0	31
SCAF_707_region	12343	40349	3.27	0	31
SCAF_708	12333	2566	0.21	0	3
SCAF_708_region	12333	2566	0.21	0	3
SCAF_709	12319	3040019	246.77	0	689
SCAF_709_region	12319	3040019	246.77	0	689
SCAF_710	12288	37984	3.09	0	12
SCAF_710_region	12288	37984	3.09	0	12
SCAF_711	12252	155594	12.70	0	36
SCAF_711_region	12252	155594	12.70	0	36
SCAF_712	12218	156661	12.82	0	353
SCAF_712_region	12218	156661	12.82	0	353
SCAF_713	12177	138335	11.36	0	34
SCAF_713_region	12177	138335	11.36	0	34
SCAF_714	12167	42206	3.47	0	40
SCAF_714_region	12167	42206	3.47	0	40
SCAF_715	12163	6143	0.51	0	8
SCAF_715_region	12163	6143	0.51	0	8
SCAF_716	12143	54615	4.50	0	25
SCAF_716_region	12143	54615	4.50	0	25
SCAF_717	12102	32720	2.70	0	17
SCAF_717_region	12102	32720	2.70	0	17
SCAF_718	12099	63534	5.25	0	82
SCAF_718_region	12099	63534	5.25	0	82
SCAF_719	12095	46364	3.83	0	13
SCAF_719_region	12095	46364	3.83	0	13
SCAF_720	12085	59454	4.92	0	26
SCAF_720_region	12085	59454	4.92	0	26
SCAF_721	12078	39664	3.28	0	12
SCAF_721_region	12078	39664	3.28	0	12
SCAF_722	12066	26428	2.19	0	18
SCAF_722_region	12066	26428	2.19	0	18
SCAF_723	12015	85926	7.15	0	22
SCAF_723_region	12015	85926	7.15	0	22
SCAF_724	12004	57386	4.78	0	24
SCAF_724_region	12004	57386	4.78	0	24
SCAF_725	11949	69556	5.82	0	34
SCAF_725_region	11949	69556	5.82	0	34
SCAF_726	11911	20303	1.70	0	12
SCAF_726_region	11911	20303	1.70	0	12
SCAF_727	11900	1824	0.15	0	6
SCAF_727_region	11900	1824	0.15	0	6
SCAF_728	11869	92401	7.79	0	57
SCAF_728_region	11869	92401	7.79	0	57
SCAF_729	11788	130403	11.06	0	32
SCAF_729_region	11788	130403	11.06	0	32
SCAF_730	11785	106504	9.04	0	31
SCAF_730_region	11785	106504	9.04	0	31
SCAF_731	11750	7290	0.62	0	10
SCAF_731_region	11750	7290	0.62	0	10
SCAF_732	11699	37960	3.24	0	15
SCAF_732_region	11699	37960	3.24	0	15
SCAF_733	11674	1393	0.12	0	3
SCAF_733_region	11674	1393	0.12	0	3
SCAF_734	11658	46503	3.99	0	21
SCAF_734_region	11658	46503	3.99	0	21
SCAF_735	11648	123727	10.62	0	26
SCAF_735_region	11648	123727	10.62	0	26
SCAF_736	11642	69658	5.98	0	23
SCAF_736_region	11642	69658	5.98	0	23
SCAF_737	11612	1434	0.12	0	2
SCAF_737_region	11612	1434	0.12	0	2
SCAF_738	11595	1680	0.14	0	13
SCAF_738_region	11595	1680	0.14	0	13
SCAF_739	11525	29745	2.58	0	83
SCAF_739_region	11525	29745	2.58	0	83
SCAF_740	11505	73147	6.36	0	35
SCAF_740_region	11505	73147	6.36	0	35
SCAF_741	11492	26306	2.29	0	19
SCAF_741_region	11492	26306	2.29	0	19
SCAF_742	11467	5412166	471.98	0	1455
SCAF_742_region	11467	5412166	471.98	0	1455
SCAF_743	11404	1867	0.16	0	3
SCAF_743_region	11404	1867	0.16	0	3
SCAF_744	11377	31976	2.81	0	16
SCAF_744_region	11377	31976	2.81	0	16
SCAF_745	11364	38295	3.37	0	17
SCAF_745_region	11364	38295	3.37	0	17
SCAF_746	11318	30290	2.68	0	12
SCAF_746_region	11318	30290	2.68	0	12
SCAF_747	11311	82480	7.29	0	206
SCAF_747_region	11311	82480	7.29	0	206
SCAF_748	11306	47156	4.17	0	28
SCAF_748_region	11306	47156	4.17	0	28
SCAF_749	11299	51411	4.55	0	23
SCAF_749_region	11299	51411	4.55	0	23
SCAF_750	11284	61841	5.48	0	24
SCAF_750_region	11284	61841	5.48	0	24
SCAF_751	11276	40843	3.62	0	16
SCAF_751_region	11276	40843	3.62	0	16
SCAF_752	11267	30689	2.72	0	10
SCAF_752_region	11267	30689	2.72	0	10
SCAF_753	11254	41262	3.67	0	21
SCAF_753_region	11254	41262	3.67	0	21
SCAF_754	11236	66160	5.89	0	55
SCAF_754_region	11236	66160	5.89	0	55
SCAF_755	11231	18669	1.66	0	7
SCAF_755_region	11231	18669	1.66	0	7
SCAF_756	11200	91915	8.21	0	32
SCAF_756_region	11200	91915	8.21	0	32
SCAF_757	11195	47556	4.25	0	18
SCAF_757_region	11195	47556	4.25	0	18
SCAF_758	11126	38263	3.44	0	15
SCAF_758_region	11126	38263	3.44	0	15
SCAF_759	11118	56603	5.09	0	20
SCAF_759_region	11118	56603	5.09	0	20
SCAF_760	11100	44603	4.02	0	16
SCAF_760_region	11100	44603	4.02	0	16
SCAF_761	11097	43551	3.92	0	14
SCAF_761_region	11097	43551	3.92	0	14
SCAF_762	11029	36249	3.29	0	21
SCAF_762_region	11029	36249	3.29	0	21
SCAF_763	11019	42305	3.84	0	23
SCAF_763_region	11019	42305	3.84	0	23
SCAF_764	10979	35793	3.26	0	239
SCAF_764_region	10979	35793	3.26	0	239
SCAF_765	10957	2011	0.18	0	4
SCAF_765_region	10957	2011	0.18	0	4
SCAF_766	10940	51412	4.70	0	27
SCAF_766_region	10940	51412	4.70	0	27
SCAF_767	10913	19790	1.81	0	14
SCAF_767_region	10913	19790	1.81	0	14
SCAF_768	10886	43411	3.99	0	17
SCAF_768_region	10886	43411	3.99	0	17
SCAF_769	10867	10939	1.01	0	15
SCAF_769_region	10867	10939	1.01	0	15
SCAF_770	10816	4794	0.44	0	12
SCAF_770_region	10816	4794	0.44	0	12
SCAF_771	10810	5917	0.55	0	11
SCAF_771_region	10810	5917	0.55	0	11
SCAF_772	10709	39920	3.73	0	17
SCAF_772_region	10709	39920	3.73	0	17
SCAF_773	10688	155430	14.54	0	143
SCAF_773_region	10688	155430	14.54	0	143
SCAF_774	10648	87170	8.19	0	83
SCAF_774_region	10648	87170	8.19	0	83
SCAF_775	10642	2830	0.27	0	5
SCAF_775_region	10642	2830	0.27	0	5
SCAF_776	10612	32070	3.02	0	11
SCAF_776_region	10612	32070	3.02	0	11
SCAF_777	10608	96875	9.13	0	29
SCAF_777_region	10608	96875	9.13	0	29
SCAF_778	10604	23412	2.21	0	19
SCAF_778_region	10604	23412	2.21	0	19
SCAF_779	10578	16186	1.53	0	12
SCAF_779_region	10578	16186	1.53	0	12
SCAF_780	10571	1838	0.17	0	3
SCAF_780_region	10571	1838	0.17	0	3
SCAF_781	10511	34057	3.24	0	16
SCAF_781_region	10511	34057	3.24	0	16
SCAF_782	10492	3550	0.34	0	11
SCAF_782_region	10492	3550	0.34	0	11
SCAF_783	10421	51190	4.91	0	18
SCAF_783_region	10421	51190	4.91	0	18
SCAF_784	10379	81631	7.87	0	33
SCAF_784_region	10379	81631	7.87	0	33
SCAF_785	10337	52004	5.03	0	17
SCAF_785_region	10337	52004	5.03	0	17
SCAF_786	10326	56786	5.50	0	25
SCAF_786_region	10326	56786	5.50	0	25
SCAF_787	10326	37974	3.68	0	10
SCAF_787_region	10326	37974	3.68	0	10
SCAF_788	10316	6503	0.63	0	15
SCAF_788_region	10316	6503	0.63	0	15
SCAF_789	10256	1702	0.17	0	4
SCAF_789_region	10256	1702	0.17	0	4
SCAF_790	10228	51258	5.01	0	46
SCAF_790_region	10228	51258	5.01	0	46
SCAF_791	10185	63015	6.19	0	25
SCAF_791_region	10185	63015	6.19	0	25
SCAF_792	10184	53436	5.25	0	20
SCAF_792_region	10184	53436	5.25	0	20
SCAF_793	10160	17836	1.76	0	9
SCAF_793_region	10160	17836	1.76	0	9
SCAF_794	10147	3063	0.30	0	6
SCAF_794_region	10147	3063	0.30	0	6
SCAF_795	10110	70756	7.00	0	28
SCAF_795_region	10110	70756	7.00	0	28
SCAF_796	10045	1723	0.17	0	3
SCAF_796_region	10045	1723	0.17	0	3
SCAF_797	10015	242	0.02	0	5
SCAF_797_region	10015	242	0.02	0	5
SCAF_798	10012	74019	7.39	0	26
SCAF_798_region	10012	74019	7.39	0	26
SCAF_799	9978	27365	2.74	0	17
SCAF_799_region	9978	27365	2.74	0	17
SCAF_800	9947	17251	1.73	0	89
SCAF_800_region	9947	17251	1.73	0	89
SCAF_801	9941	29142	2.93	0	17
SCAF_801_region	9941	29142	2.93	0	17
SCAF_802	9910	2625	0.26	0	4
SCAF_802_region	9910	2625	0.26	0	4
SCAF_803	9879	32726	3.31	0	32
SCAF_803_region	9879	32726	3.31	0	32
SCAF_804	9861	59513	6.04	0	49
SCAF_804_region	9861	59513	6.04	0	49
SCAF_805	9859	2844	0.29	0	3
SCAF_805_region	9859	2844	0.29	0	3
SCAF_806	9855	43659	4.43	0	17
SCAF_806_region	9855	43659	4.43	0	17
SCAF_807	9792	2782	0.28	0	6
SCAF_807_region	9792	2782	0.28	0	6
SCAF_808	9784	37830	3.87	0	17
SCAF_808_region	9784	37830	3.87	0	17
SCAF_809	9773	47712	4.88	0	22
SCAF_809_region	9773	47712	4.88	0	22
SCAF_810	9756	5828	0.60	0	9
SCAF_810_region	9756	5828	0.60	0	9
SCAF_811	9753	17625	1.81	0	93
SCAF_811_region	9753	17625	1.81	0	93
SCAF_812	9719	14650	1.51	0	25
SCAF_812_region	9719	14650	1.51	0	25
SCAF_813	9715	9635	0.99	0	13
SCAF_813_region	9715	9635	0.99	0	13
SCAF_814	9708	44260	4.56	0	22
SCAF_814_region	9708	44260	4.56	0	22
SCAF_815	9700	31834	3.28	0	14
SCAF_815_region	9700	31834	3.28	0	14
SCAF_816	9673	41020	4.24	0	32
SCAF_816_region	9673	41020	4.24	0	32
SCAF_817	9638	43630	4.53	0	24
SCAF_817_region	9638	43630	4.53	0	24
SCAF_818	9601	55731	5.80	0	22
SCAF_818_region	9601	55731	5.80	0	22
SCAF_819	9601	30974	3.23	0	18
SCAF_819_region	9601	30974	3.23	0	18
SCAF_820	9550	298474	31.25	0	91
SCAF_820_region	9550	298474	31.25	0	91
SCAF_821	9533	27907	2.93	0	12
SCAF_821_region	9533	27907	2.93	0	12
SCAF_822	9498	39984	4.21	0	23
SCAF_822_region	9498	39984	4.21	0	23
SCAF_823	9466	1233941	130.36	0	501
SCAF_823_region	9466	1233941	130.36	0	501
SCAF_824	9457	8670	0.92	0	49
SCAF_824_region	9457	8670	0.92	0	49
SCAF_825	9446	29049	3.08	0	16
SCAF_825_region	9446	29049	3.08	0	16
SCAF_826	9385	54100	5.76	0	18
SCAF_826_region	9385	54100	5.76	0	18
SCAF_827	9376	90507	9.65	0	80
SCAF_827_region	9376	90507	9.65	0	80
SCAF_828	9365	28308	3.02	0	16
SCAF_828_region	9365	28308	3.02	0	16
SCAF_829	9320	22460	2.41	0	28
SCAF_829_region	9320	22460	2.41	0	28
SCAF_830	9303	37328	4.01	0	14
SCAF_830_region	9303	37328	4.01	0	14
SCAF_831	9295	23826	2.56	0	18
SCAF_831_region	9295	23826	2.56	0	18
SCAF_832	9282	35014	3.77	0	22
SCAF_832_region	9282	35014	3.77	0	22
SCAF_833	9263	3482	0.38	0	7
SCAF_833_region	9263	3482	0.38	0	7
SCAF_834	9159	75077	8.20	0	277
SCAF_834_region	9159	75077	8.20	0	277
SCAF_835	9159	82714	9.03	0	23
SCAF_835_region	9159	82714	9.03	0	23
SCAF_836	9157	53770	5.87	0	45
SCAF_836_region	9157	53770	5.87	0	45
SCAF_837	9095	1618	0.18	0	8
SCAF_837_region	9095	1618	0.18	0	8
SCAF_838	9078	58473	6.44	0	50
SCAF_838_region	9078	58473	6.44	0	50
SCAF_839	9057	33140	3.66	0	25
SCAF_839_region	9057	33140	3.66	0	25
SCAF_840	9014	29322	3.25	0	11
SCAF_840_region	9014	29322	3.25	0	11
SCAF_841	8986	95273	10.60	0	34
SCAF_841_region	8986	95273	10.60	0	34
SCAF_842	8986	16793	1.87	0	19
SCAF_842_region	8986	16793	1.87	0	19
SCAF_843	8952	2685	0.30	0	7
SCAF_843_region	8952	2685	0.30	0	7
SCAF_844	8935	3531	0.40	0	27
SCAF_844_region	8935	3531	0.40	0	27
SCAF_845	8927	122664	13.74	0	50
SCAF_845_region	8927	122664	13.74	0	50
SCAF_846	8908	93583	10.51	0	116
SCAF_846_region	8908	93583	10.51	0	116
SCAF_847	8868	32340	3.65	0	18
SCAF_847_region	8868	32340	3.65	0	18
SCAF_848	8867	3478	0.39	0	7
SCAF_848_region	8867	3478	0.39	0	7
SCAF_849	8825	38019	4.31	0	15
SCAF_849_region	8825	38019	4.31	0	15
SCAF_850	8771	33280	3.79	0	12
SCAF_850_region	8771	33280	3.79	0	12
SCAF_851	8703	49608	5.70	0	23
SCAF_851_region	8703	49608	5.70	0	23
SCAF_852	8695	3842	0.44	0	4
SCAF_852_region	8695	3842	0.44	0	4
SCAF_853	8662	162	0.02	0	3
SCAF_853_region	8662	162	0.02	0	3
SCAF_854	8634	2752	0.32	0	4
SCAF_854_region	8634	2752	0.32	0	4
SCAF_855	8630	990	0.11	0	3
SCAF_855_region	8630	990	0.11	0	3
SCAF_856	8617	2871899	333.28	1	843
SCAF_856_region	8617	2871899	333.28	1	843
SCAF_857	8469	46826	5.53	0	24
SCAF_857_region	8469	46826	5.53	0	24
SCAF_858	8431	13123	1.56	0	7
SCAF_858_region	8431	13123	1.56	0	7
SCAF_859	8397	4581	0.55	0	5
SCAF_859_region	8397	4581	0.55	0	5
SCAF_860	8390	32738	3.90	0	15
SCAF_860_region	8390	32738	3.90	0	15
SCAF_861	8357	11621	1.39	0	6
SCAF_861_region	8357	11621	1.39	0	6
SCAF_862	8342	2649545	317.62	0	2723
SCAF_862_region	8342	2649545	317.62	0	2723
SCAF_863	8337	2640	0.32	0	4
SCAF_863_region	8337	2640	0.32	0	4
SCAF_864	8258	56164	6.80	0	26
SCAF_864_region	8258	56164	6.80	0	26
SCAF_865	8103	38506	4.75	0	15
SCAF_865_region	8103	38506	4.75	0	15
SCAF_866	8034	10192	1.27	0	13
SCAF_866_region	8034	10192	1.27	0	13
SCAF_867	8027	50375	6.28	0	40
SCAF_867_region	8027	50375	6.28	0	40
SCAF_868	8017	44010	5.49	0	24
SCAF_868_region	8017	44010	5.49	0	24
SCAF_869	8015	13117	1.64	0	25
SCAF_869_region	8015	13117	1.64	0	25
SCAF_870	8015	28909	3.61	0	18
SCAF_870_region	8015	28909	3.61	0	18
SCAF_871	8000	1870	0.23	0	4
SCAF_871_region	8000	1870	0.23	0	4
SCAF_872	7790	35199	4.52	0	15
SCAF_872_region	7790	35199	4.52	0	15
SCAF_873	7773	2519	0.32	0	5
SCAF_873_region	7773	2519	0.32	0	5
SCAF_874	7763	76650	9.87	0	91
SCAF_874_region	7763	76650	9.87	0	91
SCAF_875	7721	12972	1.68	0	6
SCAF_875_region	7721	12972	1.68	0	6
SCAF_876	7701	44569	5.79	0	26
SCAF_876_region	7701	44569	5.79	0	26
SCAF_877	7680	2289	0.30	0	4
SCAF_877_region	7680	2289	0.30	0	4
SCAF_878	7622	30907	4.05	0	13
SCAF_878_region	7622	30907	4.05	0	13
SCAF_879	7582	23797	3.14	0	15
SCAF_879_region	7582	23797	3.14	0	15
SCAF_880	7559	45292	5.99	0	103
SCAF_880_region	7559	45292	5.99	0	103
SCAF_881	7416	238210	32.12	0	345
SCAF_881_region	7416	238210	32.12	0	345
SCAF_882	7394	37080	5.01	0	18
SCAF_882_region	7394	37080	5.01	0	18
SCAF_883	7363	26539	3.60	0	11
SCAF_883_region	7363	26539	3.60	0	11
SCAF_884	7338	45137	6.15	0	20
SCAF_884_region	7338	45137	6.15	0	20
SCAF_885	7324	728	0.10	0	2
SCAF_885_region	7324	728	0.10	0	2
SCAF_886	7276	15500	2.13	0	20
SCAF_886_region	7276	15500	2.13	0	20
SCAF_887	7242	5801	0.80	0	6
SCAF_887_region	7242	5801	0.80	0	6
SCAF_888	7231	21683	3.00	0	10
SCAF_888_region	7231	21683	3.00	0	10
SCAF_889	7198	975	0.14	0	3
SCAF_889_region	7198	975	0.14	0	3
SCAF_890	7142	25669	3.59	0	11
SCAF_890_region	7142	25669	3.59	0	11
SCAF_891	7028	34695	4.94	0	27
SCAF_891_region	7028	34695	4.94	0	27
SCAF_892	7025	41689	5.93	0	21
SCAF_892_region	7025	41689	5.93	0	21
SCAF_893	7015	27159	3.87	0	16
SCAF_893_region	7015	27159	3.87	0	16
SCAF_894	6958	43042	6.19	0	21
SCAF_894_region	6958	43042	6.19	0	21
SCAF_895	6948	29080	4.19	0	19
SCAF_895_region	6948	29080	4.19	0	19
SCAF_896	6829	1270303	186.02	0	353
SCAF_896_region	6829	1270303	186.02	0	353
SCAF_897	6804	23517	3.46	0	12
SCAF_897_region	6804	23517	3.46	0	12
SCAF_898	6754	15016	2.22	0	109
SCAF_898_region	6754	15016	2.22	0	109
SCAF_899	6732	45514	6.76	0	23
SCAF_899_region	6732	45514	6.76	0	23
SCAF_900	6698	42503	6.35	0	110
SCAF_900_region	6698	42503	6.35	0	110
SCAF_901	6642	17101	2.57	0	16
SCAF_901_region	6642	17101	2.57	0	16
SCAF_902	6588	35684	5.42	0	20
SCAF_902_region	6588	35684	5.42	0	20
SCAF_903	6549	65341	9.98	0	29
SCAF_903_region	6549	65341	9.98	0	29
SCAF_904	6496	26696	4.11	0	22
SCAF_904_region	6496	26696	4.11	0	22
SCAF_905	6483	2352	0.36	0	14
SCAF_905_region	6483	2352	0.36	0	14
SCAF_906	6367	1847	0.29	0	7
SCAF_906_region	6367	1847	0.29	0	7
SCAF_907	6367	34535	5.42	0	86
SCAF_907_region	6367	34535	5.42	0	86
SCAF_908	6228	1345764	216.08	0	977
SCAF_908_region	6228	1345764	216.08	0	977
SCAF_909	6173	69183	11.21	0	77
SCAF_909_region	6173	69183	11.21	0	77
SCAF_910	6170	2092	0.34	0	5
SCAF_910_region	6170	2092	0.34	0	5
SCAF_911	6077	92203	15.17	0	51
SCAF_911_region	6077	92203	15.17	0	51
SCAF_912	6073	60938	10.03	0	65
SCAF_912_region	6073	60938	10.03	0	65
SCAF_913	6059	2108333	347.97	0	589
SCAF_913_region	6059	2108333	347.97	0	589
SCAF_914	6001	36145	6.02	0	17
SCAF_914_region	6001	36145	6.02	0	17
SCAF_915	5869	303179	51.66	0	636
SCAF_915_region	5869	303179	51.66	0	636
SCAF_916	5803	24876	4.29	0	24
SCAF_916_region	5803	24876	4.29	0	24
SCAF_917	5661	43514	7.69	0	22
SCAF_917_region	5661	43514	7.69	0	22
SCAF_918	5277	26922	5.10	0	20
SCAF_918_region	5277	26922	5.10	0	20
total	51514314	3735918126	72.52	0	122987
total_region	51514314	3735918126	72.52	0	122987
