chrom	length	bases	mean	min	max
SCAF_1	5574741	428460341	76.86	0	9878
SCAF_1_region	5574741	428460341	76.86	0	9878
SCAF_2	4079479	313034929	76.73	0	3177
SCAF_2_region	4079479	313034929	76.73	0	3177
SCAF_3	3666439	276409317	75.39	0	5201
SCAF_3_region	3666439	276409317	75.39	0	5201
SCAF_4	2601389	229652417	88.28	0	3848
SCAF_4_region	2601389	229652417	88.28	0	3848
SCAF_5	2032088	156761480	77.14	0	7644
SCAF_5_region	2032088	156761480	77.14	0	7644
SCAF_6	1976889	163799070	82.86	0	2265
SCAF_6_region	1976889	163799070	82.86	0	2265
SCAF_7	1932263	151338534	78.32	0	4486
SCAF_7_region	1932263	151338534	78.32	0	4486
SCAF_8	1669080	115222520	69.03	0	2390
SCAF_8_region	1669080	115222520	69.03	0	2390
SCAF_9	1646134	123516145	75.03	0	2904
SCAF_9_region	1646134	123516145	75.03	0	2904
SCAF_10	1570817	121966958	77.65	0	7815
SCAF_10_region	1570817	121966958	77.65	0	7815
SCAF_11	1437752	115037962	80.01	0	2105
SCAF_11_region	1437752	115037962	80.01	0	2105
SCAF_12	978195	97053458	99.22	0	354240
SCAF_12_region	978195	97053458	99.22	0	354240
SCAF_13	598471	21357851	35.69	0	4384
SCAF_13_region	598471	21357851	35.69	0	4384
SCAF_14	247525	102299516	413.29	0	6374
SCAF_14_region	247525	102299516	413.29	0	6374
SCAF_15	224905	2909486	12.94	0	144
SCAF_15_region	224905	2909486	12.94	0	144
SCAF_16	181804	860295	4.73	0	5146
SCAF_16_region	181804	860295	4.73	0	5146
SCAF_17	176395	2176494	12.34	0	50
SCAF_17_region	176395	2176494	12.34	0	50
SCAF_18	160122	1384710	8.65	0	95
SCAF_18_region	160122	1384710	8.65	0	95
SCAF_19	139354	649451	4.66	0	112
SCAF_19_region	139354	649451	4.66	0	112
SCAF_20	131876	1966386	14.91	0	105
SCAF_20_region	131876	1966386	14.91	0	105
SCAF_21	130124	1863984	14.32	0	363
SCAF_21_region	130124	1863984	14.32	0	363
SCAF_22	121580	1665991	13.70	0	67
SCAF_22_region	121580	1665991	13.70	0	67
SCAF_23	117381	1262530	10.76	0	220
SCAF_23_region	117381	1262530	10.76	0	220
SCAF_24	115879	1074583	9.27	0	57
SCAF_24_region	115879	1074583	9.27	0	57
SCAF_25	115495	1148007	9.94	0	138
SCAF_25_region	115495	1148007	9.94	0	138
SCAF_26	113072	1387759	12.27	0	157
SCAF_26_region	113072	1387759	12.27	0	157
SCAF_27	110609	4928161	44.55	0	1455
SCAF_27_region	110609	4928161	44.55	0	1455
SCAF_28	109542	635478	5.80	0	195
SCAF_28_region	109542	635478	5.80	0	195
SCAF_29	108319	7073062	65.30	0	1026
SCAF_29_region	108319	7073062	65.30	0	1026
SCAF_30	107902	499805	4.63	0	761
SCAF_30_region	107902	499805	4.63	0	761
SCAF_31	106626	819684	7.69	0	588
SCAF_31_region	106626	819684	7.69	0	588
SCAF_32	102192	1342769	13.14	0	608
SCAF_32_region	102192	1342769	13.14	0	608
SCAF_33	98221	1458657	14.85	0	42
SCAF_33_region	98221	1458657	14.85	0	42
SCAF_34	97882	1519137	15.52	0	54
SCAF_34_region	97882	1519137	15.52	0	54
SCAF_35	95705	361828	3.78	0	348
SCAF_35_region	95705	361828	3.78	0	348
SCAF_36	94431	1047967	11.10	0	65
SCAF_36_region	94431	1047967	11.10	0	65
SCAF_37	92851	692516	7.46	0	181
SCAF_37_region	92851	692516	7.46	0	181
SCAF_38	89142	1343469	15.07	0	326
SCAF_38_region	89142	1343469	15.07	0	326
SCAF_39	88257	866221	9.81	0	40
SCAF_39_region	88257	866221	9.81	0	40
SCAF_40	85354	1209676	14.17	0	397
SCAF_40_region	85354	1209676	14.17	0	397
SCAF_41	82239	1086163	13.21	0	123
SCAF_41_region	82239	1086163	13.21	0	123
SCAF_42	77162	826402	10.71	0	50
SCAF_42_region	77162	826402	10.71	0	50
SCAF_43	76714	1012375	13.20	0	57
SCAF_43_region	76714	1012375	13.20	0	57
SCAF_44	76272	2080273	27.27	0	1836
SCAF_44_region	76272	2080273	27.27	0	1836
SCAF_45	73110	53404	0.73	0	38
SCAF_45_region	73110	53404	0.73	0	38
SCAF_46	72118	1303402	18.07	0	57
SCAF_46_region	72118	1303402	18.07	0	57
SCAF_47	70166	893733	12.74	0	46
SCAF_47_region	70166	893733	12.74	0	46
SCAF_48	69627	1298218	18.65	0	107
SCAF_48_region	69627	1298218	18.65	0	107
SCAF_49	69624	330015	4.74	0	141
SCAF_49_region	69624	330015	4.74	0	141
SCAF_50	68258	956825	14.02	0	49
SCAF_50_region	68258	956825	14.02	0	49
SCAF_51	66966	777147	11.61	0	119
SCAF_51_region	66966	777147	11.61	0	119
SCAF_52	66855	440427	6.59	0	41
SCAF_52_region	66855	440427	6.59	0	41
SCAF_53	65552	300958	4.59	0	48
SCAF_53_region	65552	300958	4.59	0	48
SCAF_54	65267	409542	6.27	0	73
SCAF_54_region	65267	409542	6.27	0	73
SCAF_55	65114	459157	7.05	0	53
SCAF_55_region	65114	459157	7.05	0	53
SCAF_56	62812	665630	10.60	0	183
SCAF_56_region	62812	665630	10.60	0	183
SCAF_57	62187	214083	3.44	0	101
SCAF_57_region	62187	214083	3.44	0	101
SCAF_58	61544	890775	14.47	0	605
SCAF_58_region	61544	890775	14.47	0	605
SCAF_59	61533	220585	3.58	0	89
SCAF_59_region	61533	220585	3.58	0	89
SCAF_60	61411	1381879	22.50	0	2806
SCAF_60_region	61411	1381879	22.50	0	2806
SCAF_61	61115	1160390	18.99	0	52
SCAF_61_region	61115	1160390	18.99	0	52
SCAF_62	59972	82535	1.38	0	85
SCAF_62_region	59972	82535	1.38	0	85
SCAF_63	59743	139580	2.34	0	202
SCAF_63_region	59743	139580	2.34	0	202
SCAF_64	58841	262153	4.46	0	286
SCAF_64_region	58841	262153	4.46	0	286
SCAF_65	58838	411629	7.00	0	56
SCAF_65_region	58838	411629	7.00	0	56
SCAF_66	58483	174460	2.98	0	124
SCAF_66_region	58483	174460	2.98	0	124
SCAF_67	57162	613966	10.74	0	104
SCAF_67_region	57162	613966	10.74	0	104
SCAF_68	56404	362835	6.43	0	220
SCAF_68_region	56404	362835	6.43	0	220
SCAF_69	55942	531936	9.51	0	37
SCAF_69_region	55942	531936	9.51	0	37
SCAF_70	55722	997784	17.91	0	46
SCAF_70_region	55722	997784	17.91	0	46
SCAF_71	55604	889402	16.00	0	50
SCAF_71_region	55604	889402	16.00	0	50
SCAF_72	54709	18147	0.33	0	9
SCAF_72_region	54709	18147	0.33	0	9
SCAF_73	52157	15008	0.29	0	151
SCAF_73_region	52157	15008	0.29	0	151
SCAF_74	52077	764438	14.68	0	53
SCAF_74_region	52077	764438	14.68	0	53
SCAF_75	51185	564611	11.03	0	151
SCAF_75_region	51185	564611	11.03	0	151
SCAF_76	50428	5143187	101.99	0	1681
SCAF_76_region	50428	5143187	101.99	0	1681
SCAF_77	50384	86065	1.71	0	35
SCAF_77_region	50384	86065	1.71	0	35
SCAF_78	49366	909152	18.42	0	69
SCAF_78_region	49366	909152	18.42	0	69
SCAF_79	49160	290573	5.91	0	143
SCAF_79_region	49160	290573	5.91	0	143
SCAF_80	48966	574152	11.73	0	62
SCAF_80_region	48966	574152	11.73	0	62
SCAF_81	48848	63798	1.31	0	16
SCAF_81_region	48848	63798	1.31	0	16
SCAF_82	48542	566794	11.68	0	106
SCAF_82_region	48542	566794	11.68	0	106
SCAF_83	48542	19091	0.39	0	15
SCAF_83_region	48542	19091	0.39	0	15
SCAF_84	47775	268296	5.62	0	39
SCAF_84_region	47775	268296	5.62	0	39
SCAF_85	47318	837217	17.69	0	94
SCAF_85_region	47318	837217	17.69	0	94
SCAF_86	46994	717698	15.27	0	42
SCAF_86_region	46994	717698	15.27	0	42
SCAF_87	46805	601960	12.86	0	95
SCAF_87_region	46805	601960	12.86	0	95
SCAF_88	46738	624427	13.36	0	38
SCAF_88_region	46738	624427	13.36	0	38
SCAF_89	46547	555820	11.94	0	52
SCAF_89_region	46547	555820	11.94	0	52
SCAF_90	46221	274097	5.93	0	66
SCAF_90_region	46221	274097	5.93	0	66
SCAF_91	44916	804223	17.91	0	47
SCAF_91_region	44916	804223	17.91	0	47
SCAF_92	44616	11388034	255.25	0	5200
SCAF_92_region	44616	11388034	255.25	0	5200
SCAF_93	44136	228562	5.18	0	36
SCAF_93_region	44136	228562	5.18	0	36
SCAF_94	43913	269609	6.14	0	162
SCAF_94_region	43913	269609	6.14	0	162
SCAF_95	43808	125223	2.86	0	33
SCAF_95_region	43808	125223	2.86	0	33
SCAF_96	43342	206837	4.77	0	41
SCAF_96_region	43342	206837	4.77	0	41
SCAF_97	43038	7257586	168.63	0	3361
SCAF_97_region	43038	7257586	168.63	0	3361
SCAF_98	42896	274715	6.40	0	99
SCAF_98_region	42896	274715	6.40	0	99
SCAF_99	42178	339906	8.06	0	40
SCAF_99_region	42178	339906	8.06	0	40
SCAF_100	41993	232633	5.54	0	31
SCAF_100_region	41993	232633	5.54	0	31
SCAF_101	41585	539460	12.97	0	37
SCAF_101_region	41585	539460	12.97	0	37
SCAF_102	41267	7161044	173.53	0	499
SCAF_102_region	41267	7161044	173.53	0	499
SCAF_103	41164	239784	5.83	0	40
SCAF_103_region	41164	239784	5.83	0	40
SCAF_104	40984	297411	7.26	0	34
SCAF_104_region	40984	297411	7.26	0	34
SCAF_105	40971	259969	6.35	0	87
SCAF_105_region	40971	259969	6.35	0	87
SCAF_106	40689	510653	12.55	0	42
SCAF_106_region	40689	510653	12.55	0	42
SCAF_107	40038	353293	8.82	0	100
SCAF_107_region	40038	353293	8.82	0	100
SCAF_108	39998	457552	11.44	0	157
SCAF_108_region	39998	457552	11.44	0	157
SCAF_109	39904	246734	6.18	0	25
SCAF_109_region	39904	246734	6.18	0	25
SCAF_110	39605	333448	8.42	0	45
SCAF_110_region	39605	333448	8.42	0	45
SCAF_111	39279	314235	8.00	0	133
SCAF_111_region	39279	314235	8.00	0	133
SCAF_112	39164	7019956	179.25	0	588
SCAF_112_region	39164	7019956	179.25	0	588
SCAF_113	39049	400161	10.25	0	44
SCAF_113_region	39049	400161	10.25	0	44
SCAF_114	38983	271974	6.98	0	37
SCAF_114_region	38983	271974	6.98	0	37
SCAF_115	38824	3355415	86.43	0	2182
SCAF_115_region	38824	3355415	86.43	0	2182
SCAF_116	37823	231855	6.13	0	41
SCAF_116_region	37823	231855	6.13	0	41
SCAF_117	37728	9535247	252.74	0	2913
SCAF_117_region	37728	9535247	252.74	0	2913
SCAF_118	37705	562232	14.91	0	53
SCAF_118_region	37705	562232	14.91	0	53
SCAF_119	37514	461810	12.31	0	158
SCAF_119_region	37514	461810	12.31	0	158
SCAF_120	37456	6279672	167.65	0	4252
SCAF_120_region	37456	6279672	167.65	0	4252
SCAF_121	37441	5754919	153.71	0	733
SCAF_121_region	37441	5754919	153.71	0	733
SCAF_122	37347	422407	11.31	0	328
SCAF_122_region	37347	422407	11.31	0	328
SCAF_123	37222	21427	0.58	0	17
SCAF_123_region	37222	21427	0.58	0	17
SCAF_124	36961	161066	4.36	0	306
SCAF_124_region	36961	161066	4.36	0	306
SCAF_125	36710	288274	7.85	0	40
SCAF_125_region	36710	288274	7.85	0	40
SCAF_126	36614	170831	4.67	0	25
SCAF_126_region	36614	170831	4.67	0	25
SCAF_127	36584	436278	11.93	0	35
SCAF_127_region	36584	436278	11.93	0	35
SCAF_128	36068	710007	19.69	0	47
SCAF_128_region	36068	710007	19.69	0	47
SCAF_129	35972	578045	16.07	0	43
SCAF_129_region	35972	578045	16.07	0	43
SCAF_130	35925	509707	14.19	0	42
SCAF_130_region	35925	509707	14.19	0	42
SCAF_131	35704	1790	0.05	0	16
SCAF_131_region	35704	1790	0.05	0	16
SCAF_132	35264	403837	11.45	0	40
SCAF_132_region	35264	403837	11.45	0	40
SCAF_133	35121	8890401	253.14	0	3450
SCAF_133_region	35121	8890401	253.14	0	3450
SCAF_134	35117	143539	4.09	0	27
SCAF_134_region	35117	143539	4.09	0	27
SCAF_135	34903	7412	0.21	0	6
SCAF_135_region	34903	7412	0.21	0	6
SCAF_136	34900	6988755	200.25	0	994
SCAF_136_region	34900	6988755	200.25	0	994
SCAF_137	34765	170805	4.91	0	30
SCAF_137_region	34765	170805	4.91	0	30
SCAF_138	34687	54279	1.56	0	479
SCAF_138_region	34687	54279	1.56	0	479
SCAF_139	34615	340036	9.82	0	43
SCAF_139_region	34615	340036	9.82	0	43
SCAF_140	34599	7190005	207.81	0	1679
SCAF_140_region	34599	7190005	207.81	0	1679
SCAF_141	34497	4338345	125.76	0	4430
SCAF_141_region	34497	4338345	125.76	0	4430
SCAF_142	34440	6375841	185.13	0	646
SCAF_142_region	34440	6375841	185.13	0	646
SCAF_143	34384	19572	0.57	0	14
SCAF_143_region	34384	19572	0.57	0	14
SCAF_144	34330	288510	8.40	0	66
SCAF_144_region	34330	288510	8.40	0	66
SCAF_145	34087	134595	3.95	0	25
SCAF_145_region	34087	134595	3.95	0	25
SCAF_146	33692	454937	13.50	0	34
SCAF_146_region	33692	454937	13.50	0	34
SCAF_147	33483	6245548	186.53	0	875
SCAF_147_region	33483	6245548	186.53	0	875
SCAF_148	33469	279362	8.35	0	113
SCAF_148_region	33469	279362	8.35	0	113
SCAF_149	33420	5618798	168.13	0	4311
SCAF_149_region	33420	5618798	168.13	0	4311
SCAF_150	33347	135394	4.06	0	53
SCAF_150_region	33347	135394	4.06	0	53
SCAF_151	33283	79110	2.38	0	20
SCAF_151_region	33283	79110	2.38	0	20
SCAF_152	33266	17603	0.53	0	14
SCAF_152_region	33266	17603	0.53	0	14
SCAF_153	33237	64047	1.93	0	18
SCAF_153_region	33237	64047	1.93	0	18
SCAF_154	33139	241725	7.29	0	210
SCAF_154_region	33139	241725	7.29	0	210
SCAF_155	33127	9512360	287.15	0	1469
SCAF_155_region	33127	9512360	287.15	0	1469
SCAF_156	32748	104160	3.18	0	35
SCAF_156_region	32748	104160	3.18	0	35
SCAF_157	32666	237557	7.27	0	393
SCAF_157_region	32666	237557	7.27	0	393
SCAF_158	32618	11598	0.36	0	6
SCAF_158_region	32618	11598	0.36	0	6
SCAF_159	32358	3314	0.10	0	5
SCAF_159_region	32358	3314	0.10	0	5
SCAF_160	32136	231926	7.22	0	55
SCAF_160_region	32136	231926	7.22	0	55
SCAF_161	32035	308057	9.62	0	354
SCAF_161_region	32035	308057	9.62	0	354
SCAF_162	31954	170311	5.33	0	177
SCAF_162_region	31954	170311	5.33	0	177
SCAF_163	31782	255838	8.05	0	52
SCAF_163_region	31782	255838	8.05	0	52
SCAF_164	31669	11652	0.37	0	25
SCAF_164_region	31669	11652	0.37	0	25
SCAF_165	31629	549327	17.37	0	48
SCAF_165_region	31629	549327	17.37	0	48
SCAF_166	31581	6909	0.22	0	7
SCAF_166_region	31581	6909	0.22	0	7
SCAF_167	31556	299162	9.48	0	75
SCAF_167_region	31556	299162	9.48	0	75
SCAF_168	31421	367022	11.68	0	39
SCAF_168_region	31421	367022	11.68	0	39
SCAF_169	31314	22376	0.71	0	15
SCAF_169_region	31314	22376	0.71	0	15
SCAF_170	31127	93093	2.99	0	47
SCAF_170_region	31127	93093	2.99	0	47
SCAF_171	31061	6272393	201.94	0	844
SCAF_171_region	31061	6272393	201.94	0	844
SCAF_172	31059	2016	0.06	0	13
SCAF_172_region	31059	2016	0.06	0	13
SCAF_173	30866	265852	8.61	0	69
SCAF_173_region	30866	265852	8.61	0	69
SCAF_174	30739	6756921	219.82	0	673
SCAF_174_region	30739	6756921	219.82	0	673
SCAF_175	30330	137738	4.54	0	75
SCAF_175_region	30330	137738	4.54	0	75
SCAF_176	30301	557589	18.40	0	1047
SCAF_176_region	30301	557589	18.40	0	1047
SCAF_177	30226	308302	10.20	0	99
SCAF_177_region	30226	308302	10.20	0	99
SCAF_178	30187	218018	7.22	0	111
SCAF_178_region	30187	218018	7.22	0	111
SCAF_179	30183	290332	9.62	0	32
SCAF_179_region	30183	290332	9.62	0	32
SCAF_180	30131	218635	7.26	0	149
SCAF_180_region	30131	218635	7.26	0	149
SCAF_181	30071	188761	6.28	0	95
SCAF_181_region	30071	188761	6.28	0	95
SCAF_182	30032	189578	6.31	0	31
SCAF_182_region	30032	189578	6.31	0	31
SCAF_183	30005	68465	2.28	0	30
SCAF_183_region	30005	68465	2.28	0	30
SCAF_184	29541	234381	7.93	0	606
SCAF_184_region	29541	234381	7.93	0	606
SCAF_185	29415	50302	1.71	0	23
SCAF_185_region	29415	50302	1.71	0	23
SCAF_186	29375	200853	6.84	0	35
SCAF_186_region	29375	200853	6.84	0	35
SCAF_187	29360	98129	3.34	0	60
SCAF_187_region	29360	98129	3.34	0	60
SCAF_188	29327	432732	14.76	0	40
SCAF_188_region	29327	432732	14.76	0	40
SCAF_189	29236	201426	6.89	0	97
SCAF_189_region	29236	201426	6.89	0	97
SCAF_190	29216	47711	1.63	0	147
SCAF_190_region	29216	47711	1.63	0	147
SCAF_191	29200	32064	1.10	0	10
SCAF_191_region	29200	32064	1.10	0	10
SCAF_192	29083	4586304	157.70	0	515
SCAF_192_region	29083	4586304	157.70	0	515
SCAF_193	29081	158125	5.44	0	125
SCAF_193_region	29081	158125	5.44	0	125
SCAF_194	28863	2518881	87.27	0	599
SCAF_194_region	28863	2518881	87.27	0	599
SCAF_195	28688	54441	1.90	0	56
SCAF_195_region	28688	54441	1.90	0	56
SCAF_196	28688	476133	16.60	0	602
SCAF_196_region	28688	476133	16.60	0	602
SCAF_197	28670	195165	6.81	0	120
SCAF_197_region	28670	195165	6.81	0	120
SCAF_198	28585	300579	10.52	0	36
SCAF_198_region	28585	300579	10.52	0	36
SCAF_199	28585	100261	3.51	0	678
SCAF_199_region	28585	100261	3.51	0	678
SCAF_200	28563	301521	10.56	0	34
SCAF_200_region	28563	301521	10.56	0	34
SCAF_201	28551	175595	6.15	0	18
SCAF_201_region	28551	175595	6.15	0	18
SCAF_202	28219	210790	7.47	0	48
SCAF_202_region	28219	210790	7.47	0	48
SCAF_203	28217	259360	9.19	0	89
SCAF_203_region	28217	259360	9.19	0	89
SCAF_204	28187	102895	3.65	0	682
SCAF_204_region	28187	102895	3.65	0	682
SCAF_205	28138	16467	0.59	0	18
SCAF_205_region	28138	16467	0.59	0	18
SCAF_206	28111	115522	4.11	0	39
SCAF_206_region	28111	115522	4.11	0	39
SCAF_207	27959	415059	14.85	0	44
SCAF_207_region	27959	415059	14.85	0	44
SCAF_208	27935	5366230	192.10	0	3641
SCAF_208_region	27935	5366230	192.10	0	3641
SCAF_209	27830	254224	9.13	0	35
SCAF_209_region	27830	254224	9.13	0	35
SCAF_210	27781	34120	1.23	0	12
SCAF_210_region	27781	34120	1.23	0	12
SCAF_211	27774	455484	16.40	0	45
SCAF_211_region	27774	455484	16.40	0	45
SCAF_212	27772	238812	8.60	0	83
SCAF_212_region	27772	238812	8.60	0	83
SCAF_213	27728	164450	5.93	0	156
SCAF_213_region	27728	164450	5.93	0	156
SCAF_214	27690	287870	10.40	0	33
SCAF_214_region	27690	287870	10.40	0	33
SCAF_215	27659	6808906	246.17	0	708
SCAF_215_region	27659	6808906	246.17	0	708
SCAF_216	27637	314856	11.39	0	115
SCAF_216_region	27637	314856	11.39	0	115
SCAF_217	27634	50235	1.82	0	36
SCAF_217_region	27634	50235	1.82	0	36
SCAF_218	27594	384158	13.92	0	46
SCAF_218_region	27594	384158	13.92	0	46
SCAF_219	27563	2204	0.08	0	17
SCAF_219_region	27563	2204	0.08	0	17
SCAF_220	27545	475758	17.27	0	44
SCAF_220_region	27545	475758	17.27	0	44
SCAF_221	27530	158233	5.75	0	35
SCAF_221_region	27530	158233	5.75	0	35
SCAF_222	27515	23087	0.84	0	8
SCAF_222_region	27515	23087	0.84	0	8
SCAF_223	27476	58691	2.14	0	35
SCAF_223_region	27476	58691	2.14	0	35
SCAF_224	27450	66812	2.43	0	26
SCAF_224_region	27450	66812	2.43	0	26
SCAF_225	27344	147181	5.38	0	19
SCAF_225_region	27344	147181	5.38	0	19
SCAF_226	27270	645722	23.68	0	378
SCAF_226_region	27270	645722	23.68	0	378
SCAF_227	27232	207696	7.63	0	66
SCAF_227_region	27232	207696	7.63	0	66
SCAF_228	27189	179570	6.60	0	168
SCAF_228_region	27189	179570	6.60	0	168
SCAF_229	27037	48252	1.78	0	67
SCAF_229_region	27037	48252	1.78	0	67
SCAF_230	26948	105569	3.92	0	46
SCAF_230_region	26948	105569	3.92	0	46
SCAF_231	26899	107660	4.00	0	38
SCAF_231_region	26899	107660	4.00	0	38
SCAF_232	26856	144864	5.39	0	31
SCAF_232_region	26856	144864	5.39	0	31
SCAF_233	26767	202372	7.56	0	122
SCAF_233_region	26767	202372	7.56	0	122
SCAF_234	26700	5319650	199.24	0	817
SCAF_234_region	26700	5319650	199.24	0	817
SCAF_235	26660	8198477	307.52	0	2024
SCAF_235_region	26660	8198477	307.52	0	2024
SCAF_236	26499	77282	2.92	0	15
SCAF_236_region	26499	77282	2.92	0	15
SCAF_237	26482	144220	5.45	0	23
SCAF_237_region	26482	144220	5.45	0	23
SCAF_238	26369	143630	5.45	0	32
SCAF_238_region	26369	143630	5.45	0	32
SCAF_239	26171	201824	7.71	0	36
SCAF_239_region	26171	201824	7.71	0	36
SCAF_240	26148	196865	7.53	0	49
SCAF_240_region	26148	196865	7.53	0	49
SCAF_241	26131	317721	12.16	0	42
SCAF_241_region	26131	317721	12.16	0	42
SCAF_242	26114	8592	0.33	0	13
SCAF_242_region	26114	8592	0.33	0	13
SCAF_243	26085	112279	4.30	0	22
SCAF_243_region	26085	112279	4.30	0	22
SCAF_244	26060	9869	0.38	0	6
SCAF_244_region	26060	9869	0.38	0	6
SCAF_245	25968	33222	1.28	0	202
SCAF_245_region	25968	33222	1.28	0	202
SCAF_246	25946	4381553	168.87	0	616
SCAF_246_region	25946	4381553	168.87	0	616
SCAF_247	25940	394809	15.22	0	59
SCAF_247_region	25940	394809	15.22	0	59
SCAF_248	25895	155001	5.99	0	40
SCAF_248_region	25895	155001	5.99	0	40
SCAF_249	25885	311154	12.02	0	38
SCAF_249_region	25885	311154	12.02	0	38
SCAF_250	25884	303865	11.74	0	41
SCAF_250_region	25884	303865	11.74	0	41
SCAF_251	25874	49746	1.92	0	33
SCAF_251_region	25874	49746	1.92	0	33
SCAF_252	25864	3093	0.12	0	4
SCAF_252_region	25864	3093	0.12	0	4
SCAF_253	25825	130983	5.07	0	29
SCAF_253_region	25825	130983	5.07	0	29
SCAF_254	25798	70984	2.75	0	77
SCAF_254_region	25798	70984	2.75	0	77
SCAF_255	25728	107625	4.18	0	14
SCAF_255_region	25728	107625	4.18	0	14
SCAF_256	25725	35112	1.36	0	11
SCAF_256_region	25725	35112	1.36	0	11
SCAF_257	25720	190768	7.42	0	30
SCAF_257_region	25720	190768	7.42	0	30
SCAF_258	25700	61849	2.41	0	213
SCAF_258_region	25700	61849	2.41	0	213
SCAF_259	25645	135070	5.27	0	106
SCAF_259_region	25645	135070	5.27	0	106
SCAF_260	25595	187208	7.31	0	33
SCAF_260_region	25595	187208	7.31	0	33
SCAF_261	25593	271940	10.63	0	28
SCAF_261_region	25593	271940	10.63	0	28
SCAF_262	25592	126414	4.94	0	92
SCAF_262_region	25592	126414	4.94	0	92
SCAF_263	25481	215917	8.47	0	93
SCAF_263_region	25481	215917	8.47	0	93
SCAF_264	25444	418983	16.47	0	42
SCAF_264_region	25444	418983	16.47	0	42
SCAF_265	25436	5881	0.23	0	16
SCAF_265_region	25436	5881	0.23	0	16
SCAF_266	25377	173811	6.85	0	33
SCAF_266_region	25377	173811	6.85	0	33
SCAF_267	25340	403384	15.92	0	36
SCAF_267_region	25340	403384	15.92	0	36
SCAF_268	25329	85599	3.38	0	36
SCAF_268_region	25329	85599	3.38	0	36
SCAF_269	25264	54595	2.16	0	31
SCAF_269_region	25264	54595	2.16	0	31
SCAF_270	25225	9924	0.39	0	13
SCAF_270_region	25225	9924	0.39	0	13
SCAF_271	25206	28068	1.11	0	25
SCAF_271_region	25206	28068	1.11	0	25
SCAF_272	25161	70331	2.80	0	40
SCAF_272_region	25161	70331	2.80	0	40
SCAF_273	25090	59309	2.36	0	20
SCAF_273_region	25090	59309	2.36	0	20
SCAF_274	24834	2453	0.10	0	14
SCAF_274_region	24834	2453	0.10	0	14
SCAF_275	24832	1196104	48.17	0	806
SCAF_275_region	24832	1196104	48.17	0	806
SCAF_276	24811	165148	6.66	0	81
SCAF_276_region	24811	165148	6.66	0	81
SCAF_277	24713	521737	21.11	0	276
SCAF_277_region	24713	521737	21.11	0	276
SCAF_278	24673	41183	1.67	0	14
SCAF_278_region	24673	41183	1.67	0	14
SCAF_279	24542	126945	5.17	0	21
SCAF_279_region	24542	126945	5.17	0	21
SCAF_280	24528	52458	2.14	0	36
SCAF_280_region	24528	52458	2.14	0	36
SCAF_281	24435	1602	0.07	0	3
SCAF_281_region	24435	1602	0.07	0	3
SCAF_282	24359	7081	0.29	0	8
SCAF_282_region	24359	7081	0.29	0	8
SCAF_283	24173	302656	12.52	0	39
SCAF_283_region	24173	302656	12.52	0	39
SCAF_284	24152	3843113	159.12	0	558
SCAF_284_region	24152	3843113	159.12	0	558
SCAF_285	24110	2497	0.10	0	46
SCAF_285_region	24110	2497	0.10	0	46
SCAF_286	24066	311730	12.95	0	971
SCAF_286_region	24066	311730	12.95	0	971
SCAF_287	23981	46792	1.95	0	57
SCAF_287_region	23981	46792	1.95	0	57
SCAF_288	23980	156619	6.53	0	39
SCAF_288_region	23980	156619	6.53	0	39
SCAF_289	23950	69882	2.92	0	24
SCAF_289_region	23950	69882	2.92	0	24
SCAF_290	23945	177015	7.39	0	33
SCAF_290_region	23945	177015	7.39	0	33
SCAF_291	23886	48894	2.05	0	25
SCAF_291_region	23886	48894	2.05	0	25
SCAF_292	23860	69850	2.93	0	27
SCAF_292_region	23860	69850	2.93	0	27
SCAF_293	23814	243188	10.21	0	30
SCAF_293_region	23814	243188	10.21	0	30
SCAF_294	23796	9906	0.42	0	8
SCAF_294_region	23796	9906	0.42	0	8
SCAF_295	23767	250478	10.54	0	86
SCAF_295_region	23767	250478	10.54	0	86
SCAF_296	23762	1533535	64.54	0	12565
SCAF_296_region	23762	1533535	64.54	0	12565
SCAF_297	23695	241102	10.18	0	78
SCAF_297_region	23695	241102	10.18	0	78
SCAF_298	23666	9088	0.38	0	14
SCAF_298_region	23666	9088	0.38	0	14
SCAF_299	23648	243647	10.30	0	1952
SCAF_299_region	23648	243647	10.30	0	1952
SCAF_300	23643	6248651	264.29	0	1587
SCAF_300_region	23643	6248651	264.29	0	1587
SCAF_301	23638	104494	4.42	0	28
SCAF_301_region	23638	104494	4.42	0	28
SCAF_302	23633	12867	0.54	0	13
SCAF_302_region	23633	12867	0.54	0	13
SCAF_303	23629	189116	8.00	0	31
SCAF_303_region	23629	189116	8.00	0	31
SCAF_304	23571	259018	10.99	0	90
SCAF_304_region	23571	259018	10.99	0	90
SCAF_305	23555	172586	7.33	0	32
SCAF_305_region	23555	172586	7.33	0	32
SCAF_306	23322	174983	7.50	0	86
SCAF_306_region	23322	174983	7.50	0	86
SCAF_307	23295	9683	0.42	0	8
SCAF_307_region	23295	9683	0.42	0	8
SCAF_308	23075	4144225	179.60	0	2665
SCAF_308_region	23075	4144225	179.60	0	2665
SCAF_309	23057	262323	11.38	0	153
SCAF_309_region	23057	262323	11.38	0	153
SCAF_310	23011	271246	11.79	0	41
SCAF_310_region	23011	271246	11.79	0	41
SCAF_311	22999	4607	0.20	0	100
SCAF_311_region	22999	4607	0.20	0	100
SCAF_312	22896	271295	11.85	0	36
SCAF_312_region	22896	271295	11.85	0	36
SCAF_313	22877	26491	1.16	0	7
SCAF_313_region	22877	26491	1.16	0	7
SCAF_314	22871	6075115	265.63	0	2719
SCAF_314_region	22871	6075115	265.63	0	2719
SCAF_315	22844	54139	2.37	0	343
SCAF_315_region	22844	54139	2.37	0	343
SCAF_316	22844	15375	0.67	0	22
SCAF_316_region	22844	15375	0.67	0	22
SCAF_317	22833	205443	9.00	0	38
SCAF_317_region	22833	205443	9.00	0	38
SCAF_318	22713	31479	1.39	0	25
SCAF_318_region	22713	31479	1.39	0	25
SCAF_319	22685	42671	1.88	0	45
SCAF_319_region	22685	42671	1.88	0	45
SCAF_320	22653	30793	1.36	0	13
SCAF_320_region	22653	30793	1.36	0	13
SCAF_321	22554	165199	7.32	0	32
SCAF_321_region	22554	165199	7.32	0	32
SCAF_322	22539	138495	6.14	0	32
SCAF_322_region	22539	138495	6.14	0	32
SCAF_323	22525	243276	10.80	0	83
SCAF_323_region	22525	243276	10.80	0	83
SCAF_324	22489	289450	12.87	0	44
SCAF_324_region	22489	289450	12.87	0	44
SCAF_325	22468	234727	10.45	0	93
SCAF_325_region	22468	234727	10.45	0	93
SCAF_326	22392	5845173	261.04	0	1085
SCAF_326_region	22392	5845173	261.04	0	1085
SCAF_327	22337	59031	2.64	0	21
SCAF_327_region	22337	59031	2.64	0	21
SCAF_328	22280	5866743	263.32	0	921
SCAF_328_region	22280	5866743	263.32	0	921
SCAF_329	22245	38539	1.73	0	28
SCAF_329_region	22245	38539	1.73	0	28
SCAF_330	22040	51236	2.32	0	56
SCAF_330_region	22040	51236	2.32	0	56
SCAF_331	22029	5578	0.25	0	9
SCAF_331_region	22029	5578	0.25	0	9
SCAF_332	21923	131941	6.02	0	30
SCAF_332_region	21923	131941	6.02	0	30
SCAF_333	21867	128209	5.86	0	67
SCAF_333_region	21867	128209	5.86	0	67
SCAF_334	21813	176323	8.08	0	57
SCAF_334_region	21813	176323	8.08	0	57
SCAF_335	21800	184140	8.45	0	40
SCAF_335_region	21800	184140	8.45	0	40
SCAF_336	21691	36129	1.67	0	11
SCAF_336_region	21691	36129	1.67	0	11
SCAF_337	21675	31511	1.45	0	16
SCAF_337_region	21675	31511	1.45	0	16
SCAF_338	21621	34043	1.57	0	55
SCAF_338_region	21621	34043	1.57	0	55
SCAF_339	21529	43426	2.02	0	59
SCAF_339_region	21529	43426	2.02	0	59
SCAF_340	21472	50162	2.34	0	28
SCAF_340_region	21472	50162	2.34	0	28
SCAF_341	21449	122861	5.73	0	40
SCAF_341_region	21449	122861	5.73	0	40
SCAF_342	21444	911886	42.52	0	5456
SCAF_342_region	21444	911886	42.52	0	5456
SCAF_343	21365	12720	0.60	0	12
SCAF_343_region	21365	12720	0.60	0	12
SCAF_344	21355	185032	8.66	0	44
SCAF_344_region	21355	185032	8.66	0	44
SCAF_345	21334	190430	8.93	0	47
SCAF_345_region	21334	190430	8.93	0	47
SCAF_346	21294	4247191	199.45	0	779
SCAF_346_region	21294	4247191	199.45	0	779
SCAF_347	21288	2394	0.11	0	13
SCAF_347_region	21288	2394	0.11	0	13
SCAF_348	21209	52436	2.47	0	36
SCAF_348_region	21209	52436	2.47	0	36
SCAF_349	21199	2590	0.12	0	12
SCAF_349_region	21199	2590	0.12	0	12
SCAF_350	21189	21192	1.00	0	60
SCAF_350_region	21189	21192	1.00	0	60
SCAF_351	21106	239790	11.36	0	35
SCAF_351_region	21106	239790	11.36	0	35
SCAF_352	21098	111960	5.31	0	119
SCAF_352_region	21098	111960	5.31	0	119
SCAF_353	21078	84696	4.02	0	84
SCAF_353_region	21078	84696	4.02	0	84
SCAF_354	20991	131420	6.26	0	27
SCAF_354_region	20991	131420	6.26	0	27
SCAF_355	20981	32951	1.57	0	64
SCAF_355_region	20981	32951	1.57	0	64
SCAF_356	20980	189378	9.03	0	34
SCAF_356_region	20980	189378	9.03	0	34
SCAF_357	20976	30817	1.47	0	42
SCAF_357_region	20976	30817	1.47	0	42
SCAF_358	20871	26670	1.28	0	38
SCAF_358_region	20871	26670	1.28	0	38
SCAF_359	20831	32009	1.54	0	11
SCAF_359_region	20831	32009	1.54	0	11
SCAF_360	20777	42869	2.06	0	88
SCAF_360_region	20777	42869	2.06	0	88
SCAF_361	20737	87092	4.20	0	36
SCAF_361_region	20737	87092	4.20	0	36
SCAF_362	20702	349163	16.87	0	44
SCAF_362_region	20702	349163	16.87	0	44
SCAF_363	20586	5202	0.25	0	8
SCAF_363_region	20586	5202	0.25	0	8
SCAF_364	20574	173287	8.42	0	85
SCAF_364_region	20574	173287	8.42	0	85
SCAF_365	20553	55577	2.70	0	61
SCAF_365_region	20553	55577	2.70	0	61
SCAF_366	20522	70115	3.42	0	38
SCAF_366_region	20522	70115	3.42	0	38
SCAF_367	20517	102138	4.98	0	52
SCAF_367_region	20517	102138	4.98	0	52
SCAF_368	20452	123461	6.04	0	26
SCAF_368_region	20452	123461	6.04	0	26
SCAF_369	20438	153339	7.50	0	37
SCAF_369_region	20438	153339	7.50	0	37
SCAF_370	20350	28592	1.41	0	23
SCAF_370_region	20350	28592	1.41	0	23
SCAF_371	20349	27431	1.35	0	17
SCAF_371_region	20349	27431	1.35	0	17
SCAF_372	20285	43879	2.16	0	27
SCAF_372_region	20285	43879	2.16	0	27
SCAF_373	20282	76485	3.77	0	144
SCAF_373_region	20282	76485	3.77	0	144
SCAF_374	20282	4037452	199.07	0	707
SCAF_374_region	20282	4037452	199.07	0	707
SCAF_375	20179	322148	15.96	0	438
SCAF_375_region	20179	322148	15.96	0	438
SCAF_376	20174	256915	12.73	0	47
SCAF_376_region	20174	256915	12.73	0	47
SCAF_377	20160	188145	9.33	0	40
SCAF_377_region	20160	188145	9.33	0	40
SCAF_378	20157	3057601	151.69	0	457
SCAF_378_region	20157	3057601	151.69	0	457
SCAF_379	20150	127932	6.35	0	33
SCAF_379_region	20150	127932	6.35	0	33
SCAF_380	20140	33686	1.67	0	20
SCAF_380_region	20140	33686	1.67	0	20
SCAF_381	20082	70839	3.53	0	33
SCAF_381_region	20082	70839	3.53	0	33
SCAF_382	20068	132428	6.60	0	21
SCAF_382_region	20068	132428	6.60	0	21
SCAF_383	20052	118205	5.89	0	18
SCAF_383_region	20052	118205	5.89	0	18
SCAF_384	20039	204556	10.21	0	72
SCAF_384_region	20039	204556	10.21	0	72
SCAF_385	20036	47574	2.37	0	48
SCAF_385_region	20036	47574	2.37	0	48
SCAF_386	20004	210535	10.52	0	35
SCAF_386_region	20004	210535	10.52	0	35
SCAF_387	19967	35012	1.75	0	26
SCAF_387_region	19967	35012	1.75	0	26
SCAF_388	19953	298937	14.98	0	60
SCAF_388_region	19953	298937	14.98	0	60
SCAF_389	19874	54147	2.72	0	46
SCAF_389_region	19874	54147	2.72	0	46
SCAF_390	19870	2114172	106.40	0	1244
SCAF_390_region	19870	2114172	106.40	0	1244
SCAF_391	19819	14402	0.73	0	15
SCAF_391_region	19819	14402	0.73	0	15
SCAF_392	19814	42938	2.17	0	25
SCAF_392_region	19814	42938	2.17	0	25
SCAF_393	19805	52137	2.63	0	23
SCAF_393_region	19805	52137	2.63	0	23
SCAF_394	19796	201656	10.19	0	75
SCAF_394_region	19796	201656	10.19	0	75
SCAF_395	19788	4151714	209.81	0	2746
SCAF_395_region	19788	4151714	209.81	0	2746
SCAF_396	19769	29279	1.48	0	23
SCAF_396_region	19769	29279	1.48	0	23
SCAF_397	19737	233011	11.81	0	75
SCAF_397_region	19737	233011	11.81	0	75
SCAF_398	19694	250912	12.74	0	49
SCAF_398_region	19694	250912	12.74	0	49
SCAF_399	19627	114017	5.81	0	40
SCAF_399_region	19627	114017	5.81	0	40
SCAF_400	19559	313337	16.02	0	145
SCAF_400_region	19559	313337	16.02	0	145
SCAF_401	19529	37472	1.92	0	25
SCAF_401_region	19529	37472	1.92	0	25
SCAF_402	19485	109539	5.62	0	32
SCAF_402_region	19485	109539	5.62	0	32
SCAF_403	19440	119077	6.13	0	91
SCAF_403_region	19440	119077	6.13	0	91
SCAF_404	19429	25316	1.30	0	36
SCAF_404_region	19429	25316	1.30	0	36
SCAF_405	19412	110645	5.70	0	37
SCAF_405_region	19412	110645	5.70	0	37
SCAF_406	19412	38201	1.97	0	30
SCAF_406_region	19412	38201	1.97	0	30
SCAF_407	19392	41780	2.15	0	22
SCAF_407_region	19392	41780	2.15	0	22
SCAF_408	19383	2126	0.11	0	5
SCAF_408_region	19383	2126	0.11	0	5
SCAF_409	19350	127239	6.58	0	29
SCAF_409_region	19350	127239	6.58	0	29
SCAF_410	19334	70744	3.66	0	26
SCAF_410_region	19334	70744	3.66	0	26
SCAF_411	19319	1602	0.08	0	3
SCAF_411_region	19319	1602	0.08	0	3
SCAF_412	19298	214985	11.14	0	32
SCAF_412_region	19298	214985	11.14	0	32
SCAF_413	19281	249420	12.94	0	33
SCAF_413_region	19281	249420	12.94	0	33
SCAF_414	19250	157409	8.18	0	138
SCAF_414_region	19250	157409	8.18	0	138
SCAF_415	19240	140900	7.32	0	33
SCAF_415_region	19240	140900	7.32	0	33
SCAF_416	19198	129926	6.77	0	89
SCAF_416_region	19198	129926	6.77	0	89
SCAF_417	19156	7528	0.39	0	9
SCAF_417_region	19156	7528	0.39	0	9
SCAF_418	19069	3508936	184.01	0	516
SCAF_418_region	19069	3508936	184.01	0	516
SCAF_419	19061	85173	4.47	0	27
SCAF_419_region	19061	85173	4.47	0	27
SCAF_420	19040	6432	0.34	0	5
SCAF_420_region	19040	6432	0.34	0	5
SCAF_421	19012	164662	8.66	0	34
SCAF_421_region	19012	164662	8.66	0	34
SCAF_422	18950	163818	8.64	0	72
SCAF_422_region	18950	163818	8.64	0	72
SCAF_423	18945	10908	0.58	0	10
SCAF_423_region	18945	10908	0.58	0	10
SCAF_424	18943	71805	3.79	0	50
SCAF_424_region	18943	71805	3.79	0	50
SCAF_425	18932	184076	9.72	0	36
SCAF_425_region	18932	184076	9.72	0	36
SCAF_426	18882	36196	1.92	0	18
SCAF_426_region	18882	36196	1.92	0	18
SCAF_427	18874	108269	5.74	0	100
SCAF_427_region	18874	108269	5.74	0	100
SCAF_428	18866	1265927	67.10	0	568
SCAF_428_region	18866	1265927	67.10	0	568
SCAF_429	18866	178660	9.47	0	82
SCAF_429_region	18866	178660	9.47	0	82
SCAF_430	18815	63913	3.40	0	27
SCAF_430_region	18815	63913	3.40	0	27
SCAF_431	18805	250033	13.30	0	36
SCAF_431_region	18805	250033	13.30	0	36
SCAF_432	18790	289022	15.38	0	103
SCAF_432_region	18790	289022	15.38	0	103
SCAF_433	18773	77625	4.13	0	46
SCAF_433_region	18773	77625	4.13	0	46
SCAF_434	18766	63099	3.36	0	29
SCAF_434_region	18766	63099	3.36	0	29
SCAF_435	18753	143255	7.64	0	80
SCAF_435_region	18753	143255	7.64	0	80
SCAF_436	18746	136113	7.26	0	48
SCAF_436_region	18746	136113	7.26	0	48
SCAF_437	18721	28669	1.53	0	40
SCAF_437_region	18721	28669	1.53	0	40
SCAF_438	18669	17368	0.93	0	15
SCAF_438_region	18669	17368	0.93	0	15
SCAF_439	18588	74544	4.01	0	88
SCAF_439_region	18588	74544	4.01	0	88
SCAF_440	18561	42313	2.28	0	212
SCAF_440_region	18561	42313	2.28	0	212
SCAF_441	18530	151504	8.18	0	68
SCAF_441_region	18530	151504	8.18	0	68
SCAF_442	18489	115170	6.23	0	17
SCAF_442_region	18489	115170	6.23	0	17
SCAF_443	18479	36663	1.98	0	32
SCAF_443_region	18479	36663	1.98	0	32
SCAF_444	18424	120898	6.56	0	54
SCAF_444_region	18424	120898	6.56	0	54
SCAF_445	18396	226600	12.32	0	34
SCAF_445_region	18396	226600	12.32	0	34
SCAF_446	18392	180502	9.81	0	34
SCAF_446_region	18392	180502	9.81	0	34
SCAF_447	18255	32477	1.78	0	15
SCAF_447_region	18255	32477	1.78	0	15
SCAF_448	18252	222880	12.21	0	34
SCAF_448_region	18252	222880	12.21	0	34
SCAF_449	18248	166361	9.12	0	31
SCAF_449_region	18248	166361	9.12	0	31
SCAF_450	18208	116316	6.39	0	41
SCAF_450_region	18208	116316	6.39	0	41
SCAF_451	18202	226066	12.42	0	118
SCAF_451_region	18202	226066	12.42	0	118
SCAF_452	18192	23049	1.27	0	9
SCAF_452_region	18192	23049	1.27	0	9
SCAF_453	18150	74057	4.08	0	24
SCAF_453_region	18150	74057	4.08	0	24
SCAF_454	18134	4650	0.26	0	4
SCAF_454_region	18134	4650	0.26	0	4
SCAF_455	18114	868	0.05	0	7
SCAF_455_region	18114	868	0.05	0	7
SCAF_456	18112	129486	7.15	0	55
SCAF_456_region	18112	129486	7.15	0	55
SCAF_457	18054	246882	13.67	0	32
SCAF_457_region	18054	246882	13.67	0	32
SCAF_458	18006	176672	9.81	0	30
SCAF_458_region	18006	176672	9.81	0	30
SCAF_459	18000	2567	0.14	0	6
SCAF_459_region	18000	2567	0.14	0	6
SCAF_460	17967	156473	8.71	0	155
SCAF_460_region	17967	156473	8.71	0	155
SCAF_461	17943	123639	6.89	0	21
SCAF_461_region	17943	123639	6.89	0	21
SCAF_462	17929	58540	3.27	0	109
SCAF_462_region	17929	58540	3.27	0	109
SCAF_463	17921	8610	0.48	0	16
SCAF_463_region	17921	8610	0.48	0	16
SCAF_464	17913	221618	12.37	0	33
SCAF_464_region	17913	221618	12.37	0	33
SCAF_465	17912	77202	4.31	0	40
SCAF_465_region	17912	77202	4.31	0	40
SCAF_466	17886	68630	3.84	0	49
SCAF_466_region	17886	68630	3.84	0	49
SCAF_467	17859	41986	2.35	0	85
SCAF_467_region	17859	41986	2.35	0	85
SCAF_468	17837	94899	5.32	0	58
SCAF_468_region	17837	94899	5.32	0	58
SCAF_469	17802	2658	0.15	0	4
SCAF_469_region	17802	2658	0.15	0	4
SCAF_470	17776	52782	2.97	0	41
SCAF_470_region	17776	52782	2.97	0	41
SCAF_471	17682	29396	1.66	0	19
SCAF_471_region	17682	29396	1.66	0	19
SCAF_472	17646	225569	12.78	0	245
SCAF_472_region	17646	225569	12.78	0	245
SCAF_473	17646	117148	6.64	0	29
SCAF_473_region	17646	117148	6.64	0	29
SCAF_474	17642	2567437	145.53	0	1126
SCAF_474_region	17642	2567437	145.53	0	1126
SCAF_475	17613	9090	0.52	0	87
SCAF_475_region	17613	9090	0.52	0	87
SCAF_476	17602	41187	2.34	0	222
SCAF_476_region	17602	41187	2.34	0	222
SCAF_477	17571	2005	0.11	0	9
SCAF_477_region	17571	2005	0.11	0	9
SCAF_478	17535	59453	3.39	0	22
SCAF_478_region	17535	59453	3.39	0	22
SCAF_479	17528	23253	1.33	0	89
SCAF_479_region	17528	23253	1.33	0	89
SCAF_480	17503	93665	5.35	0	23
SCAF_480_region	17503	93665	5.35	0	23
SCAF_481	17502	106114	6.06	0	28
SCAF_481_region	17502	106114	6.06	0	28
SCAF_482	17480	11920	0.68	0	14
SCAF_482_region	17480	11920	0.68	0	14
SCAF_483	17476	108097	6.19	0	24
SCAF_483_region	17476	108097	6.19	0	24
SCAF_484	17457	450341	25.80	0	306
SCAF_484_region	17457	450341	25.80	0	306
SCAF_485	17386	208407	11.99	0	40
SCAF_485_region	17386	208407	11.99	0	40
SCAF_486	17362	199520	11.49	0	44
SCAF_486_region	17362	199520	11.49	0	44
SCAF_487	17332	76696	4.43	0	27
SCAF_487_region	17332	76696	4.43	0	27
SCAF_488	17327	191905	11.08	0	83
SCAF_488_region	17327	191905	11.08	0	83
SCAF_489	17303	144964	8.38	0	34
SCAF_489_region	17303	144964	8.38	0	34
SCAF_490	17273	31547	1.83	0	27
SCAF_490_region	17273	31547	1.83	0	27
SCAF_491	17245	74666	4.33	0	113
SCAF_491_region	17245	74666	4.33	0	113
SCAF_492	17239	14820	0.86	0	11
SCAF_492_region	17239	14820	0.86	0	11
SCAF_493	17219	221917	12.89	0	39
SCAF_493_region	17219	221917	12.89	0	39
SCAF_494	17218	73815	4.29	0	35
SCAF_494_region	17218	73815	4.29	0	35
SCAF_495	17211	105829	6.15	0	26
SCAF_495_region	17211	105829	6.15	0	26
SCAF_496	17198	22164	1.29	0	231
SCAF_496_region	17198	22164	1.29	0	231
SCAF_497	17190	748	0.04	0	3
SCAF_497_region	17190	748	0.04	0	3
SCAF_498	17162	118143	6.88	0	27
SCAF_498_region	17162	118143	6.88	0	27
SCAF_499	17147	74997	4.37	0	31
SCAF_499_region	17147	74997	4.37	0	31
SCAF_500	17144	26668	1.56	0	95
SCAF_500_region	17144	26668	1.56	0	95
SCAF_501	17142	14529	0.85	0	10
SCAF_501_region	17142	14529	0.85	0	10
SCAF_502	17124	212213	12.39	0	72
SCAF_502_region	17124	212213	12.39	0	72
SCAF_503	17118	2433	0.14	0	10
SCAF_503_region	17118	2433	0.14	0	10
SCAF_504	17076	62059	3.63	0	28
SCAF_504_region	17076	62059	3.63	0	28
SCAF_505	17047	2501259	146.73	0	488
SCAF_505_region	17047	2501259	146.73	0	488
SCAF_506	17043	140064	8.22	0	90
SCAF_506_region	17043	140064	8.22	0	90
SCAF_507	17035	138893	8.15	0	148
SCAF_507_region	17035	138893	8.15	0	148
SCAF_508	17021	195328	11.48	0	139
SCAF_508_region	17021	195328	11.48	0	139
SCAF_509	16971	178882	10.54	0	38
SCAF_509_region	16971	178882	10.54	0	38
SCAF_510	16897	188521	11.16	0	76
SCAF_510_region	16897	188521	11.16	0	76
SCAF_511	16849	91303	5.42	0	34
SCAF_511_region	16849	91303	5.42	0	34
SCAF_512	16807	83715	4.98	0	31
SCAF_512_region	16807	83715	4.98	0	31
SCAF_513	16787	1480	0.09	0	4
SCAF_513_region	16787	1480	0.09	0	4
SCAF_514	16784	155530	9.27	0	39
SCAF_514_region	16784	155530	9.27	0	39
SCAF_515	16776	165299	9.85	0	34
SCAF_515_region	16776	165299	9.85	0	34
SCAF_516	16745	2920	0.17	0	19
SCAF_516_region	16745	2920	0.17	0	19
SCAF_517	16741	50048	2.99	0	20
SCAF_517_region	16741	50048	2.99	0	20
SCAF_518	16733	171778	10.27	0	46
SCAF_518_region	16733	171778	10.27	0	46
SCAF_519	16710	41887	2.51	0	32
SCAF_519_region	16710	41887	2.51	0	32
SCAF_520	16702	3387717	202.83	0	3266
SCAF_520_region	16702	3387717	202.83	0	3266
SCAF_521	16701	124681	7.47	0	40
SCAF_521_region	16701	124681	7.47	0	40
SCAF_522	16645	149308	8.97	0	74
SCAF_522_region	16645	149308	8.97	0	74
SCAF_523	16623	129253	7.78	0	29
SCAF_523_region	16623	129253	7.78	0	29
SCAF_524	16568	25853	1.56	0	43
SCAF_524_region	16568	25853	1.56	0	43
SCAF_525	16548	35037	2.12	0	31
SCAF_525_region	16548	35037	2.12	0	31
SCAF_526	16541	6205	0.38	0	9
SCAF_526_region	16541	6205	0.38	0	9
SCAF_527	16518	1768651	107.07	0	489
SCAF_527_region	16518	1768651	107.07	0	489
SCAF_528	16510	16971	1.03	0	34
SCAF_528_region	16510	16971	1.03	0	34
SCAF_529	16492	225105	13.65	0	90
SCAF_529_region	16492	225105	13.65	0	90
SCAF_530	16462	65977	4.01	0	40
SCAF_530_region	16462	65977	4.01	0	40
SCAF_531	16461	1013	0.06	0	4
SCAF_531_region	16461	1013	0.06	0	4
SCAF_532	16447	103027	6.26	0	50
SCAF_532_region	16447	103027	6.26	0	50
SCAF_533	16383	26762	1.63	0	16
SCAF_533_region	16383	26762	1.63	0	16
SCAF_534	16345	35086	2.15	0	101
SCAF_534_region	16345	35086	2.15	0	101
SCAF_535	16343	1817	0.11	0	14
SCAF_535_region	16343	1817	0.11	0	14
SCAF_536	16333	20035	1.23	0	18
SCAF_536_region	16333	20035	1.23	0	18
SCAF_537	16287	140593	8.63	0	27
SCAF_537_region	16287	140593	8.63	0	27
SCAF_538	16266	17896	1.10	0	10
SCAF_538_region	16266	17896	1.10	0	10
SCAF_539	16246	1517	0.09	0	22
SCAF_539_region	16246	1517	0.09	0	22
SCAF_540	16245	44430	2.73	0	25
SCAF_540_region	16245	44430	2.73	0	25
SCAF_541	16215	32453	2.00	0	21
SCAF_541_region	16215	32453	2.00	0	21
SCAF_542	16208	33108	2.04	0	33
SCAF_542_region	16208	33108	2.04	0	33
SCAF_543	16160	28526	1.77	0	25
SCAF_543_region	16160	28526	1.77	0	25
SCAF_544	16140	1701	0.11	0	3
SCAF_544_region	16140	1701	0.11	0	3
SCAF_545	16102	99010	6.15	0	17
SCAF_545_region	16102	99010	6.15	0	17
SCAF_546	16083	168274	10.46	0	33
SCAF_546_region	16083	168274	10.46	0	33
SCAF_547	16037	100654	6.28	0	22
SCAF_547_region	16037	100654	6.28	0	22
SCAF_548	16034	75765	4.73	0	24
SCAF_548_region	16034	75765	4.73	0	24
SCAF_549	16030	123048	7.68	0	39
SCAF_549_region	16030	123048	7.68	0	39
SCAF_550	16027	5150	0.32	0	5
SCAF_550_region	16027	5150	0.32	0	5
SCAF_551	15990	105526	6.60	0	25
SCAF_551_region	15990	105526	6.60	0	25
SCAF_552	15913	302809	19.03	0	46
SCAF_552_region	15913	302809	19.03	0	46
SCAF_553	15906	104970	6.60	0	42
SCAF_553_region	15906	104970	6.60	0	42
SCAF_554	15898	117043	7.36	0	28
SCAF_554_region	15898	117043	7.36	0	28
SCAF_555	15891	56253	3.54	0	27
SCAF_555_region	15891	56253	3.54	0	27
SCAF_556	15885	126907	7.99	0	34
SCAF_556_region	15885	126907	7.99	0	34
SCAF_557	15855	106028	6.69	0	21
SCAF_557_region	15855	106028	6.69	0	21
SCAF_558	15839	109415	6.91	0	28
SCAF_558_region	15839	109415	6.91	0	28
SCAF_559	15827	225007	14.22	0	35
SCAF_559_region	15827	225007	14.22	0	35
SCAF_560	15823	185488	11.72	0	83
SCAF_560_region	15823	185488	11.72	0	83
SCAF_561	15791	165656	10.49	0	47
SCAF_561_region	15791	165656	10.49	0	47
SCAF_562	15777	2155642	136.63	0	421
SCAF_562_region	15777	2155642	136.63	0	421
SCAF_563	15776	158144	10.02	0	47
SCAF_563_region	15776	158144	10.02	0	47
SCAF_564	15761	7870	0.50	0	20
SCAF_564_region	15761	7870	0.50	0	20
SCAF_565	15717	98869	6.29	0	34
SCAF_565_region	15717	98869	6.29	0	34
SCAF_566	15706	2553	0.16	0	11
SCAF_566_region	15706	2553	0.16	0	11
SCAF_567	15696	131494	8.38	0	31
SCAF_567_region	15696	131494	8.38	0	31
SCAF_568	15657	143762	9.18	0	29
SCAF_568_region	15657	143762	9.18	0	29
SCAF_569	15650	25780	1.65	0	53
SCAF_569_region	15650	25780	1.65	0	53
SCAF_570	15646	92736	5.93	0	49
SCAF_570_region	15646	92736	5.93	0	49
SCAF_571	15619	586	0.04	0	4
SCAF_571_region	15619	586	0.04	0	4
SCAF_572	15612	43659	2.80	0	31
SCAF_572_region	15612	43659	2.80	0	31
SCAF_573	15605	109259	7.00	0	34
SCAF_573_region	15605	109259	7.00	0	34
SCAF_574	15575	112642	7.23	0	70
SCAF_574_region	15575	112642	7.23	0	70
SCAF_575	15573	10301	0.66	0	9
SCAF_575_region	15573	10301	0.66	0	9
SCAF_576	15571	63074	4.05	0	27
SCAF_576_region	15571	63074	4.05	0	27
SCAF_577	15544	24956	1.61	0	24
SCAF_577_region	15544	24956	1.61	0	24
SCAF_578	15521	496	0.03	0	2
SCAF_578_region	15521	496	0.03	0	2
SCAF_579	15497	26684	1.72	0	49
SCAF_579_region	15497	26684	1.72	0	49
SCAF_580	15481	55667	3.60	0	35
SCAF_580_region	15481	55667	3.60	0	35
SCAF_581	15458	236500	15.30	0	115
SCAF_581_region	15458	236500	15.30	0	115
SCAF_582	15439	105138	6.81	0	161
SCAF_582_region	15439	105138	6.81	0	161
SCAF_583	15421	55894	3.62	0	66
SCAF_583_region	15421	55894	3.62	0	66
SCAF_584	15337	100524	6.55	0	65
SCAF_584_region	15337	100524	6.55	0	65
SCAF_585	15336	65016	4.24	0	27
SCAF_585_region	15336	65016	4.24	0	27
SCAF_586	15301	105160	6.87	0	44
SCAF_586_region	15301	105160	6.87	0	44
SCAF_587	15300	3376881	220.71	0	7899
SCAF_587_region	15300	3376881	220.71	0	7899
SCAF_588	15298	96138	6.28	0	33
SCAF_588_region	15298	96138	6.28	0	33
SCAF_589	15238	115435	7.58	0	38
SCAF_589_region	15238	115435	7.58	0	38
SCAF_590	15205	235597	15.49	0	43
SCAF_590_region	15205	235597	15.49	0	43
SCAF_591	15162	169659	11.19	0	31
SCAF_591_region	15162	169659	11.19	0	31
SCAF_592	15154	11654	0.77	0	11
SCAF_592_region	15154	11654	0.77	0	11
SCAF_593	15087	11599	0.77	0	11
SCAF_593_region	15087	11599	0.77	0	11
SCAF_594	15082	265715	17.62	0	98
SCAF_594_region	15082	265715	17.62	0	98
SCAF_595	15055	207229	13.76	0	32
SCAF_595_region	15055	207229	13.76	0	32
SCAF_596	15045	6575	0.44	0	7
SCAF_596_region	15045	6575	0.44	0	7
SCAF_597	15030	11710	0.78	0	21
SCAF_597_region	15030	11710	0.78	0	21
SCAF_598	15027	42606	2.84	0	39
SCAF_598_region	15027	42606	2.84	0	39
SCAF_599	15000	203753	13.58	0	32
SCAF_599_region	15000	203753	13.58	0	32
SCAF_600	14995	42830	2.86	0	32
SCAF_600_region	14995	42830	2.86	0	32
SCAF_601	14985	113921	7.60	0	182
SCAF_601_region	14985	113921	7.60	0	182
SCAF_602	14930	138416	9.27	0	34
SCAF_602_region	14930	138416	9.27	0	34
SCAF_603	14898	72491	4.87	0	26
SCAF_603_region	14898	72491	4.87	0	26
SCAF_604	14863	100612	6.77	0	29
SCAF_604_region	14863	100612	6.77	0	29
SCAF_605	14840	18480	1.25	0	15
SCAF_605_region	14840	18480	1.25	0	15
SCAF_606	14808	1321	0.09	0	15
SCAF_606_region	14808	1321	0.09	0	15
SCAF_607	14807	159846	10.80	0	65
SCAF_607_region	14807	159846	10.80	0	65
SCAF_608	14785	129670	8.77	0	35
SCAF_608_region	14785	129670	8.77	0	35
SCAF_609	14742	440224	29.86	0	522
SCAF_609_region	14742	440224	29.86	0	522
SCAF_610	14738	34332	2.33	0	23
SCAF_610_region	14738	34332	2.33	0	23
SCAF_611	14737	142535	9.67	0	29
SCAF_611_region	14737	142535	9.67	0	29
SCAF_612	14712	1994727	135.59	0	419
SCAF_612_region	14712	1994727	135.59	0	419
SCAF_613	14708	218938	14.89	0	80
SCAF_613_region	14708	218938	14.89	0	80
SCAF_614	14694	26209	1.78	0	120
SCAF_614_region	14694	26209	1.78	0	120
SCAF_615	14684	15754	1.07	0	54
SCAF_615_region	14684	15754	1.07	0	54
SCAF_616	14676	727	0.05	0	5
SCAF_616_region	14676	727	0.05	0	5
SCAF_617	14662	96765	6.60	0	61
SCAF_617_region	14662	96765	6.60	0	61
SCAF_618	14658	109742	7.49	0	24
SCAF_618_region	14658	109742	7.49	0	24
SCAF_619	14650	68196	4.66	0	195
SCAF_619_region	14650	68196	4.66	0	195
SCAF_620	14639	98170	6.71	0	48
SCAF_620_region	14639	98170	6.71	0	48
SCAF_621	14614	240194	16.44	0	162
SCAF_621_region	14614	240194	16.44	0	162
SCAF_622	14596	50105	3.43	0	38
SCAF_622_region	14596	50105	3.43	0	38
SCAF_623	14590	154703	10.60	0	38
SCAF_623_region	14590	154703	10.60	0	38
SCAF_624	14581	2628	0.18	0	10
SCAF_624_region	14581	2628	0.18	0	10
SCAF_625	14547	60865	4.18	0	65
SCAF_625_region	14547	60865	4.18	0	65
SCAF_626	14527	51166	3.52	0	31
SCAF_626_region	14527	51166	3.52	0	31
SCAF_627	14523	51623	3.55	0	30
SCAF_627_region	14523	51623	3.55	0	30
SCAF_628	14498	126658	8.74	0	49
SCAF_628_region	14498	126658	8.74	0	49
SCAF_629	14453	89322	6.18	0	22
SCAF_629_region	14453	89322	6.18	0	22
SCAF_630	14414	18359	1.27	0	23
SCAF_630_region	14414	18359	1.27	0	23
SCAF_631	14395	15873	1.10	0	8
SCAF_631_region	14395	15873	1.10	0	8
SCAF_632	14385	5563	0.39	0	9
SCAF_632_region	14385	5563	0.39	0	9
SCAF_633	14371	25899	1.80	0	20
SCAF_633_region	14371	25899	1.80	0	20
SCAF_634	14371	98921	6.88	0	35
SCAF_634_region	14371	98921	6.88	0	35
SCAF_635	14280	109245	7.65	0	134
SCAF_635_region	14280	109245	7.65	0	134
SCAF_636	14276	26597	1.86	0	21
SCAF_636_region	14276	26597	1.86	0	21
SCAF_637	14236	88566	6.22	0	33
SCAF_637_region	14236	88566	6.22	0	33
SCAF_638	14229	155967	10.96	0	31
SCAF_638_region	14229	155967	10.96	0	31
SCAF_639	14202	1768	0.12	0	4
SCAF_639_region	14202	1768	0.12	0	4
SCAF_640	14111	43570	3.09	0	24
SCAF_640_region	14111	43570	3.09	0	24
SCAF_641	14088	156089	11.08	0	42
SCAF_641_region	14088	156089	11.08	0	42
SCAF_642	14005	144608	10.33	0	33
SCAF_642_region	14005	144608	10.33	0	33
SCAF_643	13977	1916036	137.08	0	483
SCAF_643_region	13977	1916036	137.08	0	483
SCAF_644	13890	14577	1.05	0	7
SCAF_644_region	13890	14577	1.05	0	7
SCAF_645	13875	127407	9.18	0	30
SCAF_645_region	13875	127407	9.18	0	30
SCAF_646	13874	146716	10.57	0	53
SCAF_646_region	13874	146716	10.57	0	53
SCAF_647	13848	97267	7.02	0	46
SCAF_647_region	13848	97267	7.02	0	46
SCAF_648	13847	6251	0.45	0	18
SCAF_648_region	13847	6251	0.45	0	18
SCAF_649	13838	52458	3.79	0	49
SCAF_649_region	13838	52458	3.79	0	49
SCAF_650	13812	88876	6.43	0	22
SCAF_650_region	13812	88876	6.43	0	22
SCAF_651	13758	156100	11.35	0	35
SCAF_651_region	13758	156100	11.35	0	35
SCAF_652	13727	25496	1.86	0	15
SCAF_652_region	13727	25496	1.86	0	15
SCAF_653	13703	16082	1.17	0	13
SCAF_653_region	13703	16082	1.17	0	13
SCAF_654	13701	4054	0.30	0	119
SCAF_654_region	13701	4054	0.30	0	119
SCAF_655	13677	70509	5.16	0	13
SCAF_655_region	13677	70509	5.16	0	13
SCAF_656	13622	137377	10.08	0	35
SCAF_656_region	13622	137377	10.08	0	35
SCAF_657	13584	22626	1.67	0	24
SCAF_657_region	13584	22626	1.67	0	24
SCAF_658	13583	118414	8.72	0	29
SCAF_658_region	13583	118414	8.72	0	29
SCAF_659	13535	121214	8.96	0	25
SCAF_659_region	13535	121214	8.96	0	25
SCAF_660	13535	919	0.07	0	2
SCAF_660_region	13535	919	0.07	0	2
SCAF_661	13499	93560	6.93	0	21
SCAF_661_region	13499	93560	6.93	0	21
SCAF_662	13464	16578	1.23	0	9
SCAF_662_region	13464	16578	1.23	0	9
SCAF_663	13438	121794	9.06	0	67
SCAF_663_region	13438	121794	9.06	0	67
SCAF_664	13385	1988725	148.58	0	570
SCAF_664_region	13385	1988725	148.58	0	570
SCAF_665	13357	1613	0.12	0	6
SCAF_665_region	13357	1613	0.12	0	6
SCAF_666	13330	93707	7.03	0	31
SCAF_666_region	13330	93707	7.03	0	31
SCAF_667	13327	151476	11.37	0	225
SCAF_667_region	13327	151476	11.37	0	225
SCAF_668	13319	21117	1.59	0	36
SCAF_668_region	13319	21117	1.59	0	36
SCAF_669	13303	19339	1.45	0	22
SCAF_669_region	13303	19339	1.45	0	22
SCAF_670	13293	135478	10.19	0	31
SCAF_670_region	13293	135478	10.19	0	31
SCAF_671	13288	152339	11.46	0	33
SCAF_671_region	13288	152339	11.46	0	33
SCAF_672	13266	3392	0.26	0	10
SCAF_672_region	13266	3392	0.26	0	10
SCAF_673	13189	15873	1.20	0	172
SCAF_673_region	13189	15873	1.20	0	172
SCAF_674	13149	164078	12.48	0	96
SCAF_674_region	13149	164078	12.48	0	96
SCAF_675	13128	121807	9.28	0	89
SCAF_675_region	13128	121807	9.28	0	89
SCAF_676	13120	79892	6.09	0	29
SCAF_676_region	13120	79892	6.09	0	29
SCAF_677	13080	47912	3.66	0	300
SCAF_677_region	13080	47912	3.66	0	300
SCAF_678	13050	25549	1.96	0	30
SCAF_678_region	13050	25549	1.96	0	30
SCAF_679	13043	23316	1.79	0	28
SCAF_679_region	13043	23316	1.79	0	28
SCAF_680	13008	107712	8.28	0	28
SCAF_680_region	13008	107712	8.28	0	28
SCAF_681	13001	13934	1.07	0	32
SCAF_681_region	13001	13934	1.07	0	32
SCAF_682	12997	166048	12.78	0	45
SCAF_682_region	12997	166048	12.78	0	45
SCAF_683	12986	45067	3.47	0	19
SCAF_683_region	12986	45067	3.47	0	19
SCAF_684	12871	21796	1.69	0	25
SCAF_684_region	12871	21796	1.69	0	25
SCAF_685	12842	21353	1.66	0	52
SCAF_685_region	12842	21353	1.66	0	52
SCAF_686	12830	76031	5.93	0	32
SCAF_686_region	12830	76031	5.93	0	32
SCAF_687	12781	67093	5.25	0	26
SCAF_687_region	12781	67093	5.25	0	26
SCAF_688	12768	370489	29.02	0	138
SCAF_688_region	12768	370489	29.02	0	138
SCAF_689	12768	106225	8.32	0	33
SCAF_689_region	12768	106225	8.32	0	33
SCAF_690	12764	22192	1.74	0	18
SCAF_690_region	12764	22192	1.74	0	18
SCAF_691	12677	69519	5.48	0	17
SCAF_691_region	12677	69519	5.48	0	17
SCAF_692	12675	1690	0.13	0	18
SCAF_692_region	12675	1690	0.13	0	18
SCAF_693	12651	18592	1.47	0	12
SCAF_693_region	12651	18592	1.47	0	12
SCAF_694	12646	12771	1.01	0	7
SCAF_694_region	12646	12771	1.01	0	7
SCAF_695	12643	153778	12.16	0	38
SCAF_695_region	12643	153778	12.16	0	38
SCAF_696	12633	17597	1.39	0	7
SCAF_696_region	12633	17597	1.39	0	7
SCAF_697	12625	73692	5.84	0	76
SCAF_697_region	12625	73692	5.84	0	76
SCAF_698	12617	218158	17.29	0	85
SCAF_698_region	12617	218158	17.29	0	85
SCAF_699	12540	22465	1.79	0	14
SCAF_699_region	12540	22465	1.79	0	14
SCAF_700	12515	504	0.04	0	8
SCAF_700_region	12515	504	0.04	0	8
SCAF_701	12482	3538	0.28	0	10
SCAF_701_region	12482	3538	0.28	0	10
SCAF_702	12461	69719	5.59	0	100
SCAF_702_region	12461	69719	5.59	0	100
SCAF_703	12456	86624	6.95	0	51
SCAF_703_region	12456	86624	6.95	0	51
SCAF_704	12456	18487	1.48	0	21
SCAF_704_region	12456	18487	1.48	0	21
SCAF_705	12358	12334	1.00	0	27
SCAF_705_region	12358	12334	1.00	0	27
SCAF_706	12350	181540	14.70	0	56
SCAF_706_region	12350	181540	14.70	0	56
SCAF_707	12343	66192	5.36	0	13
SCAF_707_region	12343	66192	5.36	0	13
SCAF_708	12333	1613	0.13	0	4
SCAF_708_region	12333	1613	0.13	0	4
SCAF_709	12319	2161154	175.43	0	816
SCAF_709_region	12319	2161154	175.43	0	816
SCAF_710	12288	70987	5.78	0	15
SCAF_710_region	12288	70987	5.78	0	15
SCAF_711	12252	210100	17.15	0	42
SCAF_711_region	12252	210100	17.15	0	42
SCAF_712	12218	360876	29.54	0	1151
SCAF_712_region	12218	360876	29.54	0	1151
SCAF_713	12177	197520	16.22	0	43
SCAF_713_region	12177	197520	16.22	0	43
SCAF_714	12167	52920	4.35	0	24
SCAF_714_region	12167	52920	4.35	0	24
SCAF_715	12163	4981	0.41	0	10
SCAF_715_region	12163	4981	0.41	0	10
SCAF_716	12143	79371	6.54	0	46
SCAF_716_region	12143	79371	6.54	0	46
SCAF_717	12102	14236	1.18	0	14
SCAF_717_region	12102	14236	1.18	0	14
SCAF_718	12099	18159	1.50	0	34
SCAF_718_region	12099	18159	1.50	0	34
SCAF_719	12095	78589	6.50	0	17
SCAF_719_region	12095	78589	6.50	0	17
SCAF_720	12085	38194	3.16	0	29
SCAF_720_region	12085	38194	3.16	0	29
SCAF_721	12078	20396	1.69	0	18
SCAF_721_region	12078	20396	1.69	0	18
SCAF_722	12066	34735	2.88	0	39
SCAF_722_region	12066	34735	2.88	0	39
SCAF_723	12015	111691	9.30	0	34
SCAF_723_region	12015	111691	9.30	0	34
SCAF_724	12004	73632	6.13	0	32
SCAF_724_region	12004	73632	6.13	0	32
SCAF_725	11949	92025	7.70	0	33
SCAF_725_region	11949	92025	7.70	0	33
SCAF_726	11911	13949	1.17	0	12
SCAF_726_region	11911	13949	1.17	0	12
SCAF_727	11900	6469	0.54	0	20
SCAF_727_region	11900	6469	0.54	0	20
SCAF_728	11869	107305	9.04	0	79
SCAF_728_region	11869	107305	9.04	0	79
SCAF_729	11788	196994	16.71	0	35
SCAF_729_region	11788	196994	16.71	0	35
SCAF_730	11785	217571	18.46	0	51
SCAF_730_region	11785	217571	18.46	0	51
SCAF_731	11750	8837	0.75	0	13
SCAF_731_region	11750	8837	0.75	0	13
SCAF_732	11699	58247	4.98	0	27
SCAF_732_region	11699	58247	4.98	0	27
SCAF_733	11674	673	0.06	0	3
SCAF_733_region	11674	673	0.06	0	3
SCAF_734	11658	32242	2.77	0	24
SCAF_734_region	11658	32242	2.77	0	24
SCAF_735	11648	162489	13.95	0	33
SCAF_735_region	11648	162489	13.95	0	33
SCAF_736	11642	119166	10.24	0	39
SCAF_736_region	11642	119166	10.24	0	39
SCAF_737	11612	914	0.08	0	7
SCAF_737_region	11612	914	0.08	0	7
SCAF_738	11595	606	0.05	0	2
SCAF_738_region	11595	606	0.05	0	2
SCAF_739	11525	20836	1.81	0	24
SCAF_739_region	11525	20836	1.81	0	24
SCAF_740	11505	88574	7.70	0	36
SCAF_740_region	11505	88574	7.70	0	36
SCAF_741	11492	7813	0.68	0	8
SCAF_741_region	11492	7813	0.68	0	8
SCAF_742	11467	4956183	432.21	0	1528
SCAF_742_region	11467	4956183	432.21	0	1528
SCAF_743	11404	462	0.04	0	4
SCAF_743_region	11404	462	0.04	0	4
SCAF_744	11377	48589	4.27	0	28
SCAF_744_region	11377	48589	4.27	0	28
SCAF_745	11364	42265	3.72	0	16
SCAF_745_region	11364	42265	3.72	0	16
SCAF_746	11318	15400	1.36	0	8
SCAF_746_region	11318	15400	1.36	0	8
SCAF_747	11311	100815	8.91	0	366
SCAF_747_region	11311	100815	8.91	0	366
SCAF_748	11306	67704	5.99	0	39
SCAF_748_region	11306	67704	5.99	0	39
SCAF_749	11299	93348	8.26	0	31
SCAF_749_region	11299	93348	8.26	0	31
SCAF_750	11284	75132	6.66	0	35
SCAF_750_region	11284	75132	6.66	0	35
SCAF_751	11276	59621	5.29	0	21
SCAF_751_region	11276	59621	5.29	0	21
SCAF_752	11267	59620	5.29	0	18
SCAF_752_region	11267	59620	5.29	0	18
SCAF_753	11254	13972	1.24	0	9
SCAF_753_region	11254	13972	1.24	0	9
SCAF_754	11236	61524	5.48	0	27
SCAF_754_region	11236	61524	5.48	0	27
SCAF_755	11231	5668	0.50	0	6
SCAF_755_region	11231	5668	0.50	0	6
SCAF_756	11200	105177	9.39	0	38
SCAF_756_region	11200	105177	9.39	0	38
SCAF_757	11195	90457	8.08	0	26
SCAF_757_region	11195	90457	8.08	0	26
SCAF_758	11126	13068	1.17	0	7
SCAF_758_region	11126	13068	1.17	0	7
SCAF_759	11118	61815	5.56	0	28
SCAF_759_region	11118	61815	5.56	0	28
SCAF_760	11100	45954	4.14	0	23
SCAF_760_region	11100	45954	4.14	0	23
SCAF_761	11097	19042	1.72	0	11
SCAF_761_region	11097	19042	1.72	0	11
SCAF_762	11029	16377	1.48	0	86
SCAF_762_region	11029	16377	1.48	0	86
SCAF_763	11019	38362	3.48	0	23
SCAF_763_region	11019	38362	3.48	0	23
SCAF_764	10979	116225	10.59	0	204
SCAF_764_region	10979	116225	10.59	0	204
SCAF_765	10957	932	0.09	0	2
SCAF_765_region	10957	932	0.09	0	2
SCAF_766	10940	36205	3.31	0	22
SCAF_766_region	10940	36205	3.31	0	22
SCAF_767	10913	109538	10.04	0	36
SCAF_767_region	10913	109538	10.04	0	36
SCAF_768	10886	64164	5.89	0	21
SCAF_768_region	10886	64164	5.89	0	21
SCAF_769	10867	11428	1.05	0	16
SCAF_769_region	10867	11428	1.05	0	16
SCAF_770	10816	12712	1.18	0	43
SCAF_770_region	10816	12712	1.18	0	43
SCAF_771	10810	9212	0.85	0	22
SCAF_771_region	10810	9212	0.85	0	22
SCAF_772	10709	19351	1.81	0	16
SCAF_772_region	10709	19351	1.81	0	16
SCAF_773	10688	388313	36.33	0	513
SCAF_773_region	10688	388313	36.33	0	513
SCAF_774	10648	70774	6.65	0	77
SCAF_774_region	10648	70774	6.65	0	77
SCAF_775	10642	732	0.07	0	2
SCAF_775_region	10642	732	0.07	0	2
SCAF_776	10612	16576	1.56	0	20
SCAF_776_region	10612	16576	1.56	0	20
SCAF_777	10608	114259	10.77	0	33
SCAF_777_region	10608	114259	10.77	0	33
SCAF_778	10604	34314	3.24	0	33
SCAF_778_region	10604	34314	3.24	0	33
SCAF_779	10578	17436	1.65	0	12
SCAF_779_region	10578	17436	1.65	0	12
SCAF_780	10571	1127	0.11	0	5
SCAF_780_region	10571	1127	0.11	0	5
SCAF_781	10511	52213	4.97	0	15
SCAF_781_region	10511	52213	4.97	0	15
SCAF_782	10492	1493	0.14	0	4
SCAF_782_region	10492	1493	0.14	0	4
SCAF_783	10421	63987	6.14	0	28
SCAF_783_region	10421	63987	6.14	0	28
SCAF_784	10379	99665	9.60	0	30
SCAF_784_region	10379	99665	9.60	0	30
SCAF_785	10337	24657	2.39	0	39
SCAF_785_region	10337	24657	2.39	0	39
SCAF_786	10326	99048	9.59	0	39
SCAF_786_region	10326	99048	9.59	0	39
SCAF_787	10326	11717	1.13	0	9
SCAF_787_region	10326	11717	1.13	0	9
SCAF_788	10316	2762	0.27	0	7
SCAF_788_region	10316	2762	0.27	0	7
SCAF_789	10256	355	0.03	0	2
SCAF_789_region	10256	355	0.03	0	2
SCAF_790	10228	41465	4.05	0	54
SCAF_790_region	10228	41465	4.05	0	54
SCAF_791	10185	78198	7.68	0	35
SCAF_791_region	10185	78198	7.68	0	35
SCAF_792	10184	101329	9.95	0	34
SCAF_792_region	10184	101329	9.95	0	34
SCAF_793	10160	25417	2.50	0	13
SCAF_793_region	10160	25417	2.50	0	13
SCAF_794	10147	2004	0.20	0	9
SCAF_794_region	10147	2004	0.20	0	9
SCAF_795	10110	15453	1.53	0	52
SCAF_795_region	10110	15453	1.53	0	52
SCAF_796	10045	873	0.09	0	9
SCAF_796_region	10045	873	0.09	0	9
SCAF_797	10015	11327	1.13	0	35
SCAF_797_region	10015	11327	1.13	0	35
SCAF_798	10012	106219	10.61	0	35
SCAF_798_region	10012	106219	10.61	0	35
SCAF_799	9978	33635	3.37	0	16
SCAF_799_region	9978	33635	3.37	0	16
SCAF_800	9947	80668	8.11	0	292
SCAF_800_region	9947	80668	8.11	0	292
SCAF_801	9941	53003	5.33	0	29
SCAF_801_region	9941	53003	5.33	0	29
SCAF_802	9910	955	0.10	0	4
SCAF_802_region	9910	955	0.10	0	4
SCAF_803	9879	40569	4.11	0	21
SCAF_803_region	9879	40569	4.11	0	21
SCAF_804	9861	103868	10.53	0	43
SCAF_804_region	9861	103868	10.53	0	43
SCAF_805	9859	1409	0.14	0	4
SCAF_805_region	9859	1409	0.14	0	4
SCAF_806	9855	61142	6.20	0	24
SCAF_806_region	9855	61142	6.20	0	24
SCAF_807	9792	2483	0.25	0	8
SCAF_807_region	9792	2483	0.25	0	8
SCAF_808	9784	42102	4.30	0	19
SCAF_808_region	9784	42102	4.30	0	19
SCAF_809	9773	120967	12.38	0	45
SCAF_809_region	9773	120967	12.38	0	45
SCAF_810	9756	4700	0.48	0	8
SCAF_810_region	9756	4700	0.48	0	8
SCAF_811	9753	10841	1.11	0	18
SCAF_811_region	9753	10841	1.11	0	18
SCAF_812	9719	6527	0.67	0	16
SCAF_812_region	9719	6527	0.67	0	16
SCAF_813	9715	5368	0.55	0	6
SCAF_813_region	9715	5368	0.55	0	6
SCAF_814	9708	70004	7.21	0	32
SCAF_814_region	9708	70004	7.21	0	32
SCAF_815	9700	14257	1.47	0	12
SCAF_815_region	9700	14257	1.47	0	12
SCAF_816	9673	59259	6.13	0	31
SCAF_816_region	9673	59259	6.13	0	31
SCAF_817	9638	68807	7.14	0	27
SCAF_817_region	9638	68807	7.14	0	27
SCAF_818	9601	29881	3.11	0	16
SCAF_818_region	9601	29881	3.11	0	16
SCAF_819	9601	31501	3.28	0	23
SCAF_819_region	9601	31501	3.28	0	23
SCAF_820	9550	72665	7.61	0	74
SCAF_820_region	9550	72665	7.61	0	74
SCAF_821	9533	64141	6.73	0	21
SCAF_821_region	9533	64141	6.73	0	21
SCAF_822	9498	67791	7.14	0	25
SCAF_822_region	9498	67791	7.14	0	25
SCAF_823	9466	1370777	144.81	0	716
SCAF_823_region	9466	1370777	144.81	0	716
SCAF_824	9457	12927	1.37	0	63
SCAF_824_region	9457	12927	1.37	0	63
SCAF_825	9446	28480	3.02	0	22
SCAF_825_region	9446	28480	3.02	0	22
SCAF_826	9385	43809	4.67	0	18
SCAF_826_region	9385	43809	4.67	0	18
SCAF_827	9376	111911	11.94	0	155
SCAF_827_region	9376	111911	11.94	0	155
SCAF_828	9365	69921	7.47	0	32
SCAF_828_region	9365	69921	7.47	0	32
SCAF_829	9320	18039	1.94	0	80
SCAF_829_region	9320	18039	1.94	0	80
SCAF_830	9303	15759	1.69	0	13
SCAF_830_region	9303	15759	1.69	0	13
SCAF_831	9295	22028	2.37	0	14
SCAF_831_region	9295	22028	2.37	0	14
SCAF_832	9282	53238	5.74	0	28
SCAF_832_region	9282	53238	5.74	0	28
SCAF_833	9263	794	0.09	0	3
SCAF_833_region	9263	794	0.09	0	3
SCAF_834	9159	284465	31.06	0	1546
SCAF_834_region	9159	284465	31.06	0	1546
SCAF_835	9159	129855	14.18	0	37
SCAF_835_region	9159	129855	14.18	0	37
SCAF_836	9157	27080	2.96	0	31
SCAF_836_region	9157	27080	2.96	0	31
SCAF_837	9095	360	0.04	0	4
SCAF_837_region	9095	360	0.04	0	4
SCAF_838	9078	61272	6.75	0	94
SCAF_838_region	9078	61272	6.75	0	94
SCAF_839	9057	149855	16.55	0	206
SCAF_839_region	9057	149855	16.55	0	206
SCAF_840	9014	55360	6.14	0	22
SCAF_840_region	9014	55360	6.14	0	22
SCAF_841	8986	43011	4.79	0	28
SCAF_841_region	8986	43011	4.79	0	28
SCAF_842	8986	7854	0.87	0	20
SCAF_842_region	8986	7854	0.87	0	20
SCAF_843	8952	5031	0.56	0	16
SCAF_843_region	8952	5031	0.56	0	16
SCAF_844	8935	2341	0.26	0	46
SCAF_844_region	8935	2341	0.26	0	46
SCAF_845	8927	132242	14.81	0	148
SCAF_845_region	8927	132242	14.81	0	148
SCAF_846	8908	167691	18.82	0	340
SCAF_846_region	8908	167691	18.82	0	340
SCAF_847	8868	57047	6.43	0	16
SCAF_847_region	8868	57047	6.43	0	16
SCAF_848	8867	1067	0.12	0	6
SCAF_848_region	8867	1067	0.12	0	6
SCAF_849	8825	37591	4.26	0	25
SCAF_849_region	8825	37591	4.26	0	25
SCAF_850	8771	52575	5.99	0	26
SCAF_850_region	8771	52575	5.99	0	26
SCAF_851	8703	81287	9.34	0	35
SCAF_851_region	8703	81287	9.34	0	35
SCAF_852	8695	5425	0.62	0	6
SCAF_852_region	8695	5425	0.62	0	6
SCAF_853	8662	295	0.03	0	8
SCAF_853_region	8662	295	0.03	0	8
SCAF_854	8634	624	0.07	0	2
SCAF_854_region	8634	624	0.07	0	2
SCAF_855	8630	910	0.11	0	2
SCAF_855_region	8630	910	0.11	0	2
SCAF_856	8617	2369886	275.02	0	889
SCAF_856_region	8617	2369886	275.02	0	889
SCAF_857	8469	47305	5.59	0	44
SCAF_857_region	8469	47305	5.59	0	44
SCAF_858	8431	17513	2.08	0	14
SCAF_858_region	8431	17513	2.08	0	14
SCAF_859	8397	508	0.06	0	9
SCAF_859_region	8397	508	0.06	0	9
SCAF_860	8390	42878	5.11	0	26
SCAF_860_region	8390	42878	5.11	0	26
SCAF_861	8357	16695	2.00	0	15
SCAF_861_region	8357	16695	2.00	0	15
SCAF_862	8342	286057	34.29	0	2009
SCAF_862_region	8342	286057	34.29	0	2009
SCAF_863	8337	556	0.07	0	2
SCAF_863_region	8337	556	0.07	0	2
SCAF_864	8258	35259	4.27	0	29
SCAF_864_region	8258	35259	4.27	0	29
SCAF_865	8103	17856	2.20	0	14
SCAF_865_region	8103	17856	2.20	0	14
SCAF_866	8034	4966	0.62	0	7
SCAF_866_region	8034	4966	0.62	0	7
SCAF_867	8027	66330	8.26	0	78
SCAF_867_region	8027	66330	8.26	0	78
SCAF_868	8017	85606	10.68	0	46
SCAF_868_region	8017	85606	10.68	0	46
SCAF_869	8015	37697	4.70	0	101
SCAF_869_region	8015	37697	4.70	0	101
SCAF_870	8015	35422	4.42	0	23
SCAF_870_region	8015	35422	4.42	0	23
SCAF_871	8000	410	0.05	0	3
SCAF_871_region	8000	410	0.05	0	3
SCAF_872	7790	13724	1.76	0	10
SCAF_872_region	7790	13724	1.76	0	10
SCAF_873	7773	253	0.03	0	4
SCAF_873_region	7773	253	0.03	0	4
SCAF_874	7763	53291	6.86	0	39
SCAF_874_region	7763	53291	6.86	0	39
SCAF_875	7721	6231	0.81	0	6
SCAF_875_region	7721	6231	0.81	0	6
SCAF_876	7701	54444	7.07	0	24
SCAF_876_region	7701	54444	7.07	0	24
SCAF_877	7680	384	0.05	0	2
SCAF_877_region	7680	384	0.05	0	2
SCAF_878	7622	14948	1.96	0	14
SCAF_878_region	7622	14948	1.96	0	14
SCAF_879	7582	26753	3.53	0	15
SCAF_879_region	7582	26753	3.53	0	15
SCAF_880	7559	41169	5.45	0	40
SCAF_880_region	7559	41169	5.45	0	40
SCAF_881	7416	144804	19.53	0	456
SCAF_881_region	7416	144804	19.53	0	456
SCAF_882	7394	73432	9.93	0	41
SCAF_882_region	7394	73432	9.93	0	41
SCAF_883	7363	22339	3.03	0	10
SCAF_883_region	7363	22339	3.03	0	10
SCAF_884	7338	69942	9.53	0	29
SCAF_884_region	7338	69942	9.53	0	29
SCAF_885	7324	2377	0.32	0	7
SCAF_885_region	7324	2377	0.32	0	7
SCAF_886	7276	41403	5.69	0	54
SCAF_886_region	7276	41403	5.69	0	54
SCAF_887	7242	14780	2.04	0	14
SCAF_887_region	7242	14780	2.04	0	14
SCAF_888	7231	42033	5.81	0	14
SCAF_888_region	7231	42033	5.81	0	14
SCAF_889	7198	453	0.06	0	2
SCAF_889_region	7198	453	0.06	0	2
SCAF_890	7142	8497	1.19	0	5
SCAF_890_region	7142	8497	1.19	0	5
SCAF_891	7028	54743	7.79	0	35
SCAF_891_region	7028	54743	7.79	0	35
SCAF_892	7025	50668	7.21	0	23
SCAF_892_region	7025	50668	7.21	0	23
SCAF_893	7015	12092	1.72	0	10
SCAF_893_region	7015	12092	1.72	0	10
SCAF_894	6958	62704	9.01	0	26
SCAF_894_region	6958	62704	9.01	0	26
SCAF_895	6948	51174	7.37	0	28
SCAF_895_region	6948	51174	7.37	0	28
SCAF_896	6829	883549	129.38	0	463
SCAF_896_region	6829	883549	129.38	0	463
SCAF_897	6804	9101	1.34	0	11
SCAF_897_region	6804	9101	1.34	0	11
SCAF_898	6754	2993237	443.18	0	4545
SCAF_898_region	6754	2993237	443.18	0	4545
SCAF_899	6732	64605	9.60	0	29
SCAF_899_region	6732	64605	9.60	0	29
SCAF_900	6698	35454	5.29	0	83
SCAF_900_region	6698	35454	5.29	0	83
SCAF_901	6642	20307	3.06	0	18
SCAF_901_region	6642	20307	3.06	0	18
SCAF_902	6588	31300	4.75	0	17
SCAF_902_region	6588	31300	4.75	0	17
SCAF_903	6549	85601	13.07	0	40
SCAF_903_region	6549	85601	13.07	0	40
SCAF_904	6496	55369	8.52	0	24
SCAF_904_region	6496	55369	8.52	0	24
SCAF_905	6483	537	0.08	0	3
SCAF_905_region	6483	537	0.08	0	3
SCAF_906	6367	694	0.11	0	5
SCAF_906_region	6367	694	0.11	0	5
SCAF_907	6367	25916	4.07	0	38
SCAF_907_region	6367	25916	4.07	0	38
SCAF_908	6228	3264349	524.14	0	3153
SCAF_908_region	6228	3264349	524.14	0	3153
SCAF_909	6173	165457	26.80	0	255
SCAF_909_region	6173	165457	26.80	0	255
SCAF_910	6170	584	0.09	0	7
SCAF_910_region	6170	584	0.09	0	7
SCAF_911	6077	66437	10.93	0	36
SCAF_911_region	6077	66437	10.93	0	36
SCAF_912	6073	46261	7.62	0	46
SCAF_912_region	6073	46261	7.62	0	46
SCAF_913	6059	724972	119.65	0	887
SCAF_913_region	6059	724972	119.65	0	887
SCAF_914	6001	53788	8.96	0	30
SCAF_914_region	6001	53788	8.96	0	30
SCAF_915	5869	52653	8.97	0	234
SCAF_915_region	5869	52653	8.97	0	234
SCAF_916	5803	22591	3.89	0	44
SCAF_916_region	5803	22591	3.89	0	44
SCAF_917	5661	61851	10.93	0	27
SCAF_917_region	5661	61851	10.93	0	27
SCAF_918	5277	40829	7.74	0	19
SCAF_918_region	5277	40829	7.74	0	19
total	51514314	2837641573	55.08	0	354240
total_region	51514314	2837641573	55.08	0	354240
