chrom	length	bases	mean	min	max
SCAF_1	5574741	1146699559	205.70	0	8898
SCAF_1_region	5574741	1146699559	205.70	0	8898
SCAF_2	4079479	815866248	199.99	0	2887
SCAF_2_region	4079479	815866248	199.99	0	2887
SCAF_3	3666439	735678147	200.65	0	2038
SCAF_3_region	3666439	735678147	200.65	0	2038
SCAF_4	2601389	521729765	200.56	0	2051
SCAF_4_region	2601389	521729765	200.56	0	2051
SCAF_5	2032088	411049971	202.28	0	2367
SCAF_5_region	2032088	411049971	202.28	0	2367
SCAF_6	1976889	389928068	197.24	0	2111
SCAF_6_region	1976889	389928068	197.24	0	2111
SCAF_7	1932263	365426908	189.12	0	1755
SCAF_7_region	1932263	365426908	189.12	0	1755
SCAF_8	1669080	350896716	210.23	0	2077
SCAF_8_region	1669080	350896716	210.23	0	2077
SCAF_9	1646134	306523058	186.21	0	1540
SCAF_9_region	1646134	306523058	186.21	0	1540
SCAF_10	1570817	310955749	197.96	0	2760
SCAF_10_region	1570817	310955749	197.96	0	2760
SCAF_11	1437752	297659732	207.03	0	1964
SCAF_11_region	1437752	297659732	207.03	0	1964
SCAF_12	978195	193320517	197.63	0	334109
SCAF_12_region	978195	193320517	197.63	0	334109
SCAF_13	598471	115969758	193.78	0	1601
SCAF_13_region	598471	115969758	193.78	0	1601
SCAF_14	247525	3937580	15.91	0	1154
SCAF_14_region	247525	3937580	15.91	0	1154
SCAF_15	224905	615382	2.74	0	38
SCAF_15_region	224905	615382	2.74	0	38
SCAF_16	181804	40975	0.23	0	208
SCAF_16_region	181804	40975	0.23	0	208
SCAF_17	176395	382972	2.17	0	21
SCAF_17_region	176395	382972	2.17	0	21
SCAF_18	160122	306040	1.91	0	56
SCAF_18_region	160122	306040	1.91	0	56
SCAF_19	139354	191098	1.37	0	42
SCAF_19_region	139354	191098	1.37	0	42
SCAF_20	131876	373431	2.83	0	35
SCAF_20_region	131876	373431	2.83	0	35
SCAF_21	130124	555651	4.27	0	200
SCAF_21_region	130124	555651	4.27	0	200
SCAF_22	121580	255021	2.10	0	21
SCAF_22_region	121580	255021	2.10	0	21
SCAF_23	117381	220003	1.87	0	350
SCAF_23_region	117381	220003	1.87	0	350
SCAF_24	115879	191962	1.66	0	19
SCAF_24_region	115879	191962	1.66	0	19
SCAF_25	115495	176180	1.53	0	42
SCAF_25_region	115495	176180	1.53	0	42
SCAF_26	113072	252802	2.24	0	33
SCAF_26_region	113072	252802	2.24	0	33
SCAF_27	110609	7309629	66.09	0	828
SCAF_27_region	110609	7309629	66.09	0	828
SCAF_28	109542	155301	1.42	0	33
SCAF_28_region	109542	155301	1.42	0	33
SCAF_29	108319	28586786	263.91	0	2180
SCAF_29_region	108319	28586786	263.91	0	2180
SCAF_30	107902	539045	5.00	0	329
SCAF_30_region	107902	539045	5.00	0	329
SCAF_31	106626	470466	4.41	0	244
SCAF_31_region	106626	470466	4.41	0	244
SCAF_32	102192	676385	6.62	0	601
SCAF_32_region	102192	676385	6.62	0	601
SCAF_33	98221	305332	3.11	0	18
SCAF_33_region	98221	305332	3.11	0	18
SCAF_34	97882	262156	2.68	0	18
SCAF_34_region	97882	262156	2.68	0	18
SCAF_35	95705	563190	5.88	0	224
SCAF_35_region	95705	563190	5.88	0	224
SCAF_36	94431	243934	2.58	0	19
SCAF_36_region	94431	243934	2.58	0	19
SCAF_37	92851	217913	2.35	0	43
SCAF_37_region	92851	217913	2.35	0	43
SCAF_38	89142	344564	3.87	0	199
SCAF_38_region	89142	344564	3.87	0	199
SCAF_39	88257	166946	1.89	0	16
SCAF_39_region	88257	166946	1.89	0	16
SCAF_40	85354	411120	4.82	0	206
SCAF_40_region	85354	411120	4.82	0	206
SCAF_41	82239	192745	2.34	0	18
SCAF_41_region	82239	192745	2.34	0	18
SCAF_42	77162	160655	2.08	0	21
SCAF_42_region	77162	160655	2.08	0	21
SCAF_43	76714	182239	2.38	0	23
SCAF_43_region	76714	182239	2.38	0	23
SCAF_44	76272	295889	3.88	0	400
SCAF_44_region	76272	295889	3.88	0	400
SCAF_45	73110	269565	3.69	0	48
SCAF_45_region	73110	269565	3.69	0	48
SCAF_46	72118	267249	3.71	0	32
SCAF_46_region	72118	267249	3.71	0	32
SCAF_47	70166	158430	2.26	0	15
SCAF_47_region	70166	158430	2.26	0	15
SCAF_48	69627	274590	3.94	0	21
SCAF_48_region	69627	274590	3.94	0	21
SCAF_49	69624	83319	1.20	0	164
SCAF_49_region	69624	83319	1.20	0	164
SCAF_50	68258	183400	2.69	0	19
SCAF_50_region	68258	183400	2.69	0	19
SCAF_51	66966	158408	2.37	0	30
SCAF_51_region	66966	158408	2.37	0	30
SCAF_52	66855	197835	2.96	0	24
SCAF_52_region	66855	197835	2.96	0	24
SCAF_53	65552	90772	1.38	0	26
SCAF_53_region	65552	90772	1.38	0	26
SCAF_54	65267	100582	1.54	0	27
SCAF_54_region	65267	100582	1.54	0	27
SCAF_55	65114	83668	1.28	0	14
SCAF_55_region	65114	83668	1.28	0	14
SCAF_56	62812	263099	4.19	0	112
SCAF_56_region	62812	263099	4.19	0	112
SCAF_57	62187	88110	1.42	0	32
SCAF_57_region	62187	88110	1.42	0	32
SCAF_58	61544	341377	5.55	0	291
SCAF_58_region	61544	341377	5.55	0	291
SCAF_59	61533	114120	1.85	0	24
SCAF_59_region	61533	114120	1.85	0	24
SCAF_60	61411	504746	8.22	0	541
SCAF_60_region	61411	504746	8.22	0	541
SCAF_61	61115	255103	4.17	0	43
SCAF_61_region	61115	255103	4.17	0	43
SCAF_62	59972	33820	0.56	0	138
SCAF_62_region	59972	33820	0.56	0	138
SCAF_63	59743	373833	6.26	0	220
SCAF_63_region	59743	373833	6.26	0	220
SCAF_64	58841	286290	4.87	0	470
SCAF_64_region	58841	286290	4.87	0	470
SCAF_65	58838	122643	2.08	0	45
SCAF_65_region	58838	122643	2.08	0	45
SCAF_66	58483	9914	0.17	0	89
SCAF_66_region	58483	9914	0.17	0	89
SCAF_67	57162	161960	2.83	0	43
SCAF_67_region	57162	161960	2.83	0	43
SCAF_68	56404	613482	10.88	0	522
SCAF_68_region	56404	613482	10.88	0	522
SCAF_69	55942	144732	2.59	0	15
SCAF_69_region	55942	144732	2.59	0	15
SCAF_70	55722	209519	3.76	0	18
SCAF_70_region	55722	209519	3.76	0	18
SCAF_71	55604	160483	2.89	0	17
SCAF_71_region	55604	160483	2.89	0	17
SCAF_72	54709	130648	2.39	0	22
SCAF_72_region	54709	130648	2.39	0	22
SCAF_73	52157	140294	2.69	0	21
SCAF_73_region	52157	140294	2.69	0	21
SCAF_74	52077	120556	2.31	0	17
SCAF_74_region	52077	120556	2.31	0	17
SCAF_75	51185	162010	3.17	0	50
SCAF_75_region	51185	162010	3.17	0	50
SCAF_76	50428	4675581	92.72	0	887
SCAF_76_region	50428	4675581	92.72	0	887
SCAF_77	50384	148446	2.95	0	16
SCAF_77_region	50384	148446	2.95	0	16
SCAF_78	49366	205025	4.15	0	34
SCAF_78_region	49366	205025	4.15	0	34
SCAF_79	49160	219253	4.46	0	52
SCAF_79_region	49160	219253	4.46	0	52
SCAF_80	48966	103191	2.11	0	26
SCAF_80_region	48966	103191	2.11	0	26
SCAF_81	48848	100729	2.06	0	14
SCAF_81_region	48848	100729	2.06	0	14
SCAF_82	48542	117519	2.42	0	28
SCAF_82_region	48542	117519	2.42	0	28
SCAF_83	48542	156001	3.21	0	24
SCAF_83_region	48542	156001	3.21	0	24
SCAF_84	47775	164472	3.44	0	18
SCAF_84_region	47775	164472	3.44	0	18
SCAF_85	47318	190331	4.02	0	53
SCAF_85_region	47318	190331	4.02	0	53
SCAF_86	46994	154673	3.29	0	19
SCAF_86_region	46994	154673	3.29	0	19
SCAF_87	46805	82939	1.77	0	13
SCAF_87_region	46805	82939	1.77	0	13
SCAF_88	46738	169212	3.62	0	15
SCAF_88_region	46738	169212	3.62	0	15
SCAF_89	46547	133952	2.88	0	19
SCAF_89_region	46547	133952	2.88	0	19
SCAF_90	46221	171080	3.70	0	24
SCAF_90_region	46221	171080	3.70	0	24
SCAF_91	44916	178862	3.98	0	20
SCAF_91_region	44916	178862	3.98	0	20
SCAF_92	44616	23424455	525.02	0	1068
SCAF_92_region	44616	23424455	525.02	0	1068
SCAF_93	44136	166208	3.77	0	39
SCAF_93_region	44136	166208	3.77	0	39
SCAF_94	43913	74291	1.69	0	38
SCAF_94_region	43913	74291	1.69	0	38
SCAF_95	43808	124609	2.84	0	21
SCAF_95_region	43808	124609	2.84	0	21
SCAF_96	43342	72018	1.66	0	30
SCAF_96_region	43342	72018	1.66	0	30
SCAF_97	43038	11608916	269.74	0	1187
SCAF_97_region	43038	11608916	269.74	0	1187
SCAF_98	42896	245798	5.73	0	88
SCAF_98_region	42896	245798	5.73	0	88
SCAF_99	42178	85283	2.02	0	16
SCAF_99_region	42178	85283	2.02	0	16
SCAF_100	41993	142422	3.39	0	23
SCAF_100_region	41993	142422	3.39	0	23
SCAF_101	41585	114259	2.75	0	19
SCAF_101_region	41585	114259	2.75	0	19
SCAF_102	41267	12635154	306.18	0	577
SCAF_102_region	41267	12635154	306.18	0	577
SCAF_103	41164	89950	2.19	0	12
SCAF_103_region	41164	89950	2.19	0	12
SCAF_104	40984	91062	2.22	0	21
SCAF_104_region	40984	91062	2.22	0	21
SCAF_105	40971	71961	1.76	0	36
SCAF_105_region	40971	71961	1.76	0	36
SCAF_106	40689	80759	1.98	0	23
SCAF_106_region	40689	80759	1.98	0	23
SCAF_107	40038	121918	3.05	0	73
SCAF_107_region	40038	121918	3.05	0	73
SCAF_108	39998	462356	11.56	0	114
SCAF_108_region	39998	462356	11.56	0	114
SCAF_109	39904	191266	4.79	0	17
SCAF_109_region	39904	191266	4.79	0	17
SCAF_110	39605	76582	1.93	0	13
SCAF_110_region	39605	76582	1.93	0	13
SCAF_111	39279	111807	2.85	0	72
SCAF_111_region	39279	111807	2.85	0	72
SCAF_112	39164	10722661	273.79	0	570
SCAF_112_region	39164	10722661	273.79	0	570
SCAF_113	39049	116155	2.97	0	14
SCAF_113_region	39049	116155	2.97	0	14
SCAF_114	38983	161219	4.14	0	16
SCAF_114_region	38983	161219	4.14	0	16
SCAF_115	38824	1658403	42.72	0	630
SCAF_115_region	38824	1658403	42.72	0	630
SCAF_116	37823	151598	4.01	0	21
SCAF_116_region	37823	151598	4.01	0	21
SCAF_117	37728	16876897	447.33	0	1138
SCAF_117_region	37728	16876897	447.33	0	1138
SCAF_118	37705	125812	3.34	0	20
SCAF_118_region	37705	125812	3.34	0	20
SCAF_119	37514	86841	2.31	0	34
SCAF_119_region	37514	86841	2.31	0	34
SCAF_120	37456	13269554	354.27	0	880
SCAF_120_region	37456	13269554	354.27	0	880
SCAF_121	37441	15114622	403.69	0	1155
SCAF_121_region	37441	15114622	403.69	0	1155
SCAF_122	37347	474193	12.70	0	716
SCAF_122_region	37347	474193	12.70	0	716
SCAF_123	37222	169199	4.55	0	29
SCAF_123_region	37222	169199	4.55	0	29
SCAF_124	36961	46873	1.27	0	306
SCAF_124_region	36961	46873	1.27	0	306
SCAF_125	36710	69207	1.89	0	10
SCAF_125_region	36710	69207	1.89	0	10
SCAF_126	36614	126707	3.46	0	18
SCAF_126_region	36614	126707	3.46	0	18
SCAF_127	36584	65882	1.80	0	10
SCAF_127_region	36584	65882	1.80	0	10
SCAF_128	36068	178384	4.95	0	19
SCAF_128_region	36068	178384	4.95	0	19
SCAF_129	35972	111415	3.10	0	18
SCAF_129_region	35972	111415	3.10	0	18
SCAF_130	35925	112614	3.13	0	38
SCAF_130_region	35925	112614	3.13	0	38
SCAF_131	35704	2821	0.08	0	3
SCAF_131_region	35704	2821	0.08	0	3
SCAF_132	35264	67784	1.92	0	14
SCAF_132_region	35264	67784	1.92	0	14
SCAF_133	35121	22238836	633.21	1	5778
SCAF_133_region	35121	22238836	633.21	1	5778
SCAF_134	35117	34802	0.99	0	15
SCAF_134_region	35117	34802	0.99	0	15
SCAF_135	34903	98507	2.82	0	14
SCAF_135_region	34903	98507	2.82	0	14
SCAF_136	34900	17848173	511.41	0	1089
SCAF_136_region	34900	17848173	511.41	0	1089
SCAF_137	34765	64344	1.85	0	11
SCAF_137_region	34765	64344	1.85	0	11
SCAF_138	34687	257773	7.43	0	292
SCAF_138_region	34687	257773	7.43	0	292
SCAF_139	34615	61163	1.77	0	20
SCAF_139_region	34615	61163	1.77	0	20
SCAF_140	34599	14076064	406.83	0	1530
SCAF_140_region	34599	14076064	406.83	0	1530
SCAF_141	34497	71886	2.08	0	262
SCAF_141_region	34497	71886	2.08	0	262
SCAF_142	34440	15077672	437.80	0	970
SCAF_142_region	34440	15077672	437.80	0	970
SCAF_143	34384	128951	3.75	0	24
SCAF_143_region	34384	128951	3.75	0	24
SCAF_144	34330	81918	2.39	0	20
SCAF_144_region	34330	81918	2.39	0	20
SCAF_145	34087	46633	1.37	0	83
SCAF_145_region	34087	46633	1.37	0	83
SCAF_146	33692	89292	2.65	0	15
SCAF_146_region	33692	89292	2.65	0	15
SCAF_147	33483	12783216	381.78	0	1169
SCAF_147_region	33483	12783216	381.78	0	1169
SCAF_148	33469	145458	4.35	0	48
SCAF_148_region	33469	145458	4.35	0	48
SCAF_149	33420	12007981	359.31	0	1105
SCAF_149_region	33420	12007981	359.31	0	1105
SCAF_150	33347	104090	3.12	0	39
SCAF_150_region	33347	104090	3.12	0	39
SCAF_151	33283	158885	4.77	0	163
SCAF_151_region	33283	158885	4.77	0	163
SCAF_152	33266	105887	3.18	0	24
SCAF_152_region	33266	105887	3.18	0	24
SCAF_153	33237	74481	2.24	0	12
SCAF_153_region	33237	74481	2.24	0	12
SCAF_154	33139	207911	6.27	0	107
SCAF_154_region	33139	207911	6.27	0	107
SCAF_155	33127	18130515	547.30	0	1943
SCAF_155_region	33127	18130515	547.30	0	1943
SCAF_156	32748	342241	10.45	0	335
SCAF_156_region	32748	342241	10.45	0	335
SCAF_157	32666	4168844	127.62	0	914
SCAF_157_region	32666	4168844	127.62	0	914
SCAF_158	32618	34358	1.05	0	16
SCAF_158_region	32618	34358	1.05	0	16
SCAF_159	32358	7673	0.24	0	3
SCAF_159_region	32358	7673	0.24	0	3
SCAF_160	32136	74750	2.33	0	22
SCAF_160_region	32136	74750	2.33	0	22
SCAF_161	32035	102378	3.20	0	47
SCAF_161_region	32035	102378	3.20	0	47
SCAF_162	31954	86696	2.71	0	32
SCAF_162_region	31954	86696	2.71	0	32
SCAF_163	31782	89962	2.83	0	33
SCAF_163_region	31782	89962	2.83	0	33
SCAF_164	31669	91792	2.90	0	22
SCAF_164_region	31669	91792	2.90	0	22
SCAF_165	31629	103737	3.28	0	22
SCAF_165_region	31629	103737	3.28	0	22
SCAF_166	31581	9111	0.29	0	6
SCAF_166_region	31581	9111	0.29	0	6
SCAF_167	31556	137051	4.34	0	25
SCAF_167_region	31556	137051	4.34	0	25
SCAF_168	31421	88083	2.80	0	20
SCAF_168_region	31421	88083	2.80	0	20
SCAF_169	31314	128706	4.11	0	31
SCAF_169_region	31314	128706	4.11	0	31
SCAF_170	31127	9523	0.31	0	9
SCAF_170_region	31127	9523	0.31	0	9
SCAF_171	31061	13044854	419.98	0	1265
SCAF_171_region	31061	13044854	419.98	0	1265
SCAF_172	31059	3771	0.12	0	3
SCAF_172_region	31059	3771	0.12	0	3
SCAF_173	30866	130870	4.24	0	24
SCAF_173_region	30866	130870	4.24	0	24
SCAF_174	30739	13991790	455.18	0	969
SCAF_174_region	30739	13991790	455.18	0	969
SCAF_175	30330	99005	3.26	0	64
SCAF_175_region	30330	99005	3.26	0	64
SCAF_176	30301	1281340	42.29	0	2666
SCAF_176_region	30301	1281340	42.29	0	2666
SCAF_177	30226	145748	4.82	0	68
SCAF_177_region	30226	145748	4.82	0	68
SCAF_178	30187	141555	4.69	0	106
SCAF_178_region	30187	141555	4.69	0	106
SCAF_179	30183	73078	2.42	0	11
SCAF_179_region	30183	73078	2.42	0	11
SCAF_180	30131	163956	5.44	0	59
SCAF_180_region	30131	163956	5.44	0	59
SCAF_181	30071	104424	3.47	0	46
SCAF_181_region	30071	104424	3.47	0	46
SCAF_182	30032	44997	1.50	0	11
SCAF_182_region	30032	44997	1.50	0	11
SCAF_183	30005	42670	1.42	0	23
SCAF_183_region	30005	42670	1.42	0	23
SCAF_184	29541	105017	3.55	0	213
SCAF_184_region	29541	105017	3.55	0	213
SCAF_185	29415	16315	0.55	0	8
SCAF_185_region	29415	16315	0.55	0	8
SCAF_186	29375	65492	2.23	0	12
SCAF_186_region	29375	65492	2.23	0	12
SCAF_187	29360	32497	1.11	0	23
SCAF_187_region	29360	32497	1.11	0	23
SCAF_188	29327	108072	3.69	0	16
SCAF_188_region	29327	108072	3.69	0	16
SCAF_189	29236	93791	3.21	0	43
SCAF_189_region	29236	93791	3.21	0	43
SCAF_190	29216	230331	7.88	0	175
SCAF_190_region	29216	230331	7.88	0	175
SCAF_191	29200	29896	1.02	0	8
SCAF_191_region	29200	29896	1.02	0	8
SCAF_192	29083	6802697	233.91	0	507
SCAF_192_region	29083	6802697	233.91	0	507
SCAF_193	29081	113615	3.91	0	40
SCAF_193_region	29081	113615	3.91	0	40
SCAF_194	28863	4205853	145.72	0	544
SCAF_194_region	28863	4205853	145.72	0	544
SCAF_195	28688	59093	2.06	0	17
SCAF_195_region	28688	59093	2.06	0	17
SCAF_196	28688	203427	7.09	0	296
SCAF_196_region	28688	203427	7.09	0	296
SCAF_197	28670	110783	3.86	0	34
SCAF_197_region	28670	110783	3.86	0	34
SCAF_198	28585	69200	2.42	0	16
SCAF_198_region	28585	69200	2.42	0	16
SCAF_199	28585	86073	3.01	0	182
SCAF_199_region	28585	86073	3.01	0	182
SCAF_200	28563	78368	2.74	0	13
SCAF_200_region	28563	78368	2.74	0	13
SCAF_201	28551	101550	3.56	0	14
SCAF_201_region	28551	101550	3.56	0	14
SCAF_202	28219	74061	2.62	0	21
SCAF_202_region	28219	74061	2.62	0	21
SCAF_203	28217	261748	9.28	0	122
SCAF_203_region	28217	261748	9.28	0	122
SCAF_204	28187	192200	6.82	0	636
SCAF_204_region	28187	192200	6.82	0	636
SCAF_205	28138	80335	2.86	0	24
SCAF_205_region	28138	80335	2.86	0	24
SCAF_206	28111	45218	1.61	0	13
SCAF_206_region	28111	45218	1.61	0	13
SCAF_207	27959	87423	3.13	0	19
SCAF_207_region	27959	87423	3.13	0	19
SCAF_208	27935	11528434	412.69	0	4867
SCAF_208_region	27935	11528434	412.69	0	4867
SCAF_209	27830	73251	2.63	0	11
SCAF_209_region	27830	73251	2.63	0	11
SCAF_210	27781	60656	2.18	0	18
SCAF_210_region	27781	60656	2.18	0	18
SCAF_211	27774	99985	3.60	0	23
SCAF_211_region	27774	99985	3.60	0	23
SCAF_212	27772	89779	3.23	0	23
SCAF_212_region	27772	89779	3.23	0	23
SCAF_213	27728	112068	4.04	0	104
SCAF_213_region	27728	112068	4.04	0	104
SCAF_214	27690	75729	2.73	0	13
SCAF_214_region	27690	75729	2.73	0	13
SCAF_215	27659	15461333	559.00	0	1097
SCAF_215_region	27659	15461333	559.00	0	1097
SCAF_216	27637	249613	9.03	0	99
SCAF_216_region	27637	249613	9.03	0	99
SCAF_217	27634	72158	2.61	0	22
SCAF_217_region	27634	72158	2.61	0	22
SCAF_218	27594	86059	3.12	0	18
SCAF_218_region	27594	86059	3.12	0	18
SCAF_219	27563	4718	0.17	0	3
SCAF_219_region	27563	4718	0.17	0	3
SCAF_220	27545	129033	4.68	0	19
SCAF_220_region	27545	129033	4.68	0	19
SCAF_221	27530	77148	2.80	0	11
SCAF_221_region	27530	77148	2.80	0	11
SCAF_222	27515	36257	1.32	0	17
SCAF_222_region	27515	36257	1.32	0	17
SCAF_223	27476	58212	2.12	0	17
SCAF_223_region	27476	58212	2.12	0	17
SCAF_224	27450	39381	1.43	0	15
SCAF_224_region	27450	39381	1.43	0	15
SCAF_225	27344	102627	3.75	0	14
SCAF_225_region	27344	102627	3.75	0	14
SCAF_226	27270	556148	20.39	0	454
SCAF_226_region	27270	556148	20.39	0	454
SCAF_227	27232	101031	3.71	0	62
SCAF_227_region	27232	101031	3.71	0	62
SCAF_228	27189	636925	23.43	0	236
SCAF_228_region	27189	636925	23.43	0	236
SCAF_229	27037	28253	1.04	0	65
SCAF_229_region	27037	28253	1.04	0	65
SCAF_230	26948	90836	3.37	0	13
SCAF_230_region	26948	90836	3.37	0	13
SCAF_231	26899	43243	1.61	0	18
SCAF_231_region	26899	43243	1.61	0	18
SCAF_232	26856	48399	1.80	0	11
SCAF_232_region	26856	48399	1.80	0	11
SCAF_233	26767	152037	5.68	0	92
SCAF_233_region	26767	152037	5.68	0	92
SCAF_234	26700	13526739	506.62	0	1204
SCAF_234_region	26700	13526739	506.62	0	1204
SCAF_235	26660	16957840	636.08	0	2853
SCAF_235_region	26660	16957840	636.08	0	2853
SCAF_236	26499	94116	3.55	0	24
SCAF_236_region	26499	94116	3.55	0	24
SCAF_237	26482	23364	0.88	0	7
SCAF_237_region	26482	23364	0.88	0	7
SCAF_238	26369	58113	2.20	0	18
SCAF_238_region	26369	58113	2.20	0	18
SCAF_239	26171	54242	2.07	0	18
SCAF_239_region	26171	54242	2.07	0	18
SCAF_240	26148	123522	4.72	0	12
SCAF_240_region	26148	123522	4.72	0	12
SCAF_241	26131	54580	2.09	0	13
SCAF_241_region	26131	54580	2.09	0	13
SCAF_242	26114	79845	3.06	0	22
SCAF_242_region	26114	79845	3.06	0	22
SCAF_243	26085	46141	1.77	0	12
SCAF_243_region	26085	46141	1.77	0	12
SCAF_244	26060	12106	0.46	0	11
SCAF_244_region	26060	12106	0.46	0	11
SCAF_245	25968	42464	1.64	0	174
SCAF_245_region	25968	42464	1.64	0	174
SCAF_246	25946	9616317	370.63	0	939
SCAF_246_region	25946	9616317	370.63	0	939
SCAF_247	25940	84363	3.25	0	28
SCAF_247_region	25940	84363	3.25	0	28
SCAF_248	25895	83916	3.24	0	23
SCAF_248_region	25895	83916	3.24	0	23
SCAF_249	25885	103306	3.99	0	15
SCAF_249_region	25885	103306	3.99	0	15
SCAF_250	25884	53976	2.09	0	15
SCAF_250_region	25884	53976	2.09	0	15
SCAF_251	25874	41520	1.60	0	15
SCAF_251_region	25874	41520	1.60	0	15
SCAF_252	25864	5826	0.23	0	6
SCAF_252_region	25864	5826	0.23	0	6
SCAF_253	25825	52134	2.02	0	11
SCAF_253_region	25825	52134	2.02	0	11
SCAF_254	25798	204803	7.94	0	240
SCAF_254_region	25798	204803	7.94	0	240
SCAF_255	25728	59752	2.32	0	13
SCAF_255_region	25728	59752	2.32	0	13
SCAF_256	25725	59516	2.31	0	26
SCAF_256_region	25725	59516	2.31	0	26
SCAF_257	25720	27917	1.09	0	11
SCAF_257_region	25720	27917	1.09	0	11
SCAF_258	25700	316322	12.31	0	220
SCAF_258_region	25700	316322	12.31	0	220
SCAF_259	25645	49497	1.93	0	36
SCAF_259_region	25645	49497	1.93	0	36
SCAF_260	25595	23550	0.92	0	15
SCAF_260_region	25595	23550	0.92	0	15
SCAF_261	25593	61429	2.40	0	10
SCAF_261_region	25593	61429	2.40	0	10
SCAF_262	25592	47121	1.84	0	9
SCAF_262_region	25592	47121	1.84	0	9
SCAF_263	25481	138761	5.45	0	41
SCAF_263_region	25481	138761	5.45	0	41
SCAF_264	25444	79763	3.13	0	21
SCAF_264_region	25444	79763	3.13	0	21
SCAF_265	25436	77845	3.06	0	18
SCAF_265_region	25436	77845	3.06	0	18
SCAF_266	25377	45827	1.81	0	11
SCAF_266_region	25377	45827	1.81	0	11
SCAF_267	25340	57668	2.28	0	14
SCAF_267_region	25340	57668	2.28	0	14
SCAF_268	25329	71669	2.83	0	28
SCAF_268_region	25329	71669	2.83	0	28
SCAF_269	25264	42142	1.67	0	16
SCAF_269_region	25264	42142	1.67	0	16
SCAF_270	25225	79659	3.16	0	14
SCAF_270_region	25225	79659	3.16	0	14
SCAF_271	25206	105347	4.18	0	106
SCAF_271_region	25206	105347	4.18	0	106
SCAF_272	25161	93560	3.72	0	25
SCAF_272_region	25161	93560	3.72	0	25
SCAF_273	25090	43880	1.75	0	12
SCAF_273_region	25090	43880	1.75	0	12
SCAF_274	24834	45224	1.82	0	15
SCAF_274_region	24834	45224	1.82	0	15
SCAF_275	24832	7676452	309.14	0	2299
SCAF_275_region	24832	7676452	309.14	0	2299
SCAF_276	24811	101946	4.11	0	52
SCAF_276_region	24811	101946	4.11	0	52
SCAF_277	24713	331781	13.43	0	128
SCAF_277_region	24713	331781	13.43	0	128
SCAF_278	24673	48536	1.97	0	19
SCAF_278_region	24673	48536	1.97	0	19
SCAF_279	24542	36923	1.50	0	8
SCAF_279_region	24542	36923	1.50	0	8
SCAF_280	24528	49778	2.03	0	15
SCAF_280_region	24528	49778	2.03	0	15
SCAF_281	24435	7201	0.29	0	3
SCAF_281_region	24435	7201	0.29	0	3
SCAF_282	24359	11704	0.48	0	23
SCAF_282_region	24359	11704	0.48	0	23
SCAF_283	24173	60157	2.49	0	15
SCAF_283_region	24173	60157	2.49	0	15
SCAF_284	24152	9601067	397.53	0	3943
SCAF_284_region	24152	9601067	397.53	0	3943
SCAF_285	24110	7221	0.30	0	5
SCAF_285_region	24110	7221	0.30	0	5
SCAF_286	24066	34372	1.43	0	89
SCAF_286_region	24066	34372	1.43	0	89
SCAF_287	23981	27640	1.15	0	25
SCAF_287_region	23981	27640	1.15	0	25
SCAF_288	23980	44929	1.87	0	8
SCAF_288_region	23980	44929	1.87	0	8
SCAF_289	23950	73267	3.06	0	17
SCAF_289_region	23950	73267	3.06	0	17
SCAF_290	23945	91366	3.82	0	14
SCAF_290_region	23945	91366	3.82	0	14
SCAF_291	23886	43970	1.84	0	19
SCAF_291_region	23886	43970	1.84	0	19
SCAF_292	23860	21112	0.88	0	9
SCAF_292_region	23860	21112	0.88	0	9
SCAF_293	23814	58637	2.46	0	11
SCAF_293_region	23814	58637	2.46	0	11
SCAF_294	23796	77988	3.28	0	21
SCAF_294_region	23796	77988	3.28	0	21
SCAF_295	23767	75885	3.19	0	33
SCAF_295_region	23767	75885	3.19	0	33
SCAF_296	23762	1855456	78.09	0	14031
SCAF_296_region	23762	1855456	78.09	0	14031
SCAF_297	23695	73000	3.08	0	33
SCAF_297_region	23695	73000	3.08	0	33
SCAF_298	23666	9491	0.40	0	11
SCAF_298_region	23666	9491	0.40	0	11
SCAF_299	23648	78138	3.30	0	427
SCAF_299_region	23648	78138	3.30	0	427
SCAF_300	23643	14069932	595.10	0	1148
SCAF_300_region	23643	14069932	595.10	0	1148
SCAF_301	23638	31077	1.31	0	12
SCAF_301_region	23638	31077	1.31	0	12
SCAF_302	23633	94158	3.98	0	17
SCAF_302_region	23633	94158	3.98	0	17
SCAF_303	23629	48620	2.06	0	9
SCAF_303_region	23629	48620	2.06	0	9
SCAF_304	23571	61456	2.61	0	27
SCAF_304_region	23571	61456	2.61	0	27
SCAF_305	23555	39291	1.67	0	15
SCAF_305_region	23555	39291	1.67	0	15
SCAF_306	23322	62182	2.67	0	34
SCAF_306_region	23322	62182	2.67	0	34
SCAF_307	23295	85966	3.69	0	18
SCAF_307_region	23295	85966	3.69	0	18
SCAF_308	23075	9221743	399.64	0	694
SCAF_308_region	23075	9221743	399.64	0	694
SCAF_309	23057	34324	1.49	0	13
SCAF_309_region	23057	34324	1.49	0	13
SCAF_310	23011	70521	3.06	0	13
SCAF_310_region	23011	70521	3.06	0	13
SCAF_311	22999	3896	0.17	0	16
SCAF_311_region	22999	3896	0.17	0	16
SCAF_312	22896	62230	2.72	0	13
SCAF_312_region	22896	62230	2.72	0	13
SCAF_313	22877	49726	2.17	0	12
SCAF_313_region	22877	49726	2.17	0	12
SCAF_314	22871	11251370	491.95	0	1476
SCAF_314_region	22871	11251370	491.95	0	1476
SCAF_315	22844	1134	0.05	0	21
SCAF_315_region	22844	1134	0.05	0	21
SCAF_316	22844	5285	0.23	0	12
SCAF_316_region	22844	5285	0.23	0	12
SCAF_317	22833	65178	2.85	0	13
SCAF_317_region	22833	65178	2.85	0	13
SCAF_318	22713	100651	4.43	0	33
SCAF_318_region	22713	100651	4.43	0	33
SCAF_319	22685	29698	1.31	0	32
SCAF_319_region	22685	29698	1.31	0	32
SCAF_320	22653	43768	1.93	0	10
SCAF_320_region	22653	43768	1.93	0	10
SCAF_321	22554	58553	2.60	0	13
SCAF_321_region	22554	58553	2.60	0	13
SCAF_322	22539	44916	1.99	0	10
SCAF_322_region	22539	44916	1.99	0	10
SCAF_323	22525	162228	7.20	0	90
SCAF_323_region	22525	162228	7.20	0	90
SCAF_324	22489	56716	2.52	0	19
SCAF_324_region	22489	56716	2.52	0	19
SCAF_325	22468	49589	2.21	0	18
SCAF_325_region	22468	49589	2.21	0	18
SCAF_326	22392	13508389	603.27	2	1120
SCAF_326_region	22392	13508389	603.27	2	1120
SCAF_327	22337	12456	0.56	0	10
SCAF_327_region	22337	12456	0.56	0	10
SCAF_328	22280	13249712	594.69	0	1242
SCAF_328_region	22280	13249712	594.69	0	1242
SCAF_329	22245	46488	2.09	0	23
SCAF_329_region	22245	46488	2.09	0	23
SCAF_330	22040	54238	2.46	0	20
SCAF_330_region	22040	54238	2.46	0	20
SCAF_331	22029	8267	0.38	0	4
SCAF_331_region	22029	8267	0.38	0	4
SCAF_332	21923	31253	1.43	0	10
SCAF_332_region	21923	31253	1.43	0	10
SCAF_333	21867	30134	1.38	0	28
SCAF_333_region	21867	30134	1.38	0	28
SCAF_334	21813	56687	2.60	0	19
SCAF_334_region	21813	56687	2.60	0	19
SCAF_335	21800	41611	1.91	0	18
SCAF_335_region	21800	41611	1.91	0	18
SCAF_336	21691	38308	1.77	0	10
SCAF_336_region	21691	38308	1.77	0	10
SCAF_337	21675	32426	1.50	0	7
SCAF_337_region	21675	32426	1.50	0	7
SCAF_338	21621	107839	4.99	0	89
SCAF_338_region	21621	107839	4.99	0	89
SCAF_339	21529	100596	4.67	0	59
SCAF_339_region	21529	100596	4.67	0	59
SCAF_340	21472	14544	0.68	0	10
SCAF_340_region	21472	14544	0.68	0	10
SCAF_341	21449	32061	1.49	0	8
SCAF_341_region	21449	32061	1.49	0	8
SCAF_342	21444	2102042	98.02	0	624
SCAF_342_region	21444	2102042	98.02	0	624
SCAF_343	21365	79268	3.71	0	21
SCAF_343_region	21365	79268	3.71	0	21
SCAF_344	21355	33139	1.55	0	16
SCAF_344_region	21355	33139	1.55	0	16
SCAF_345	21334	56983	2.67	0	23
SCAF_345_region	21334	56983	2.67	0	23
SCAF_346	21294	10234684	480.64	0	1082
SCAF_346_region	21294	10234684	480.64	0	1082
SCAF_347	21288	4122	0.19	0	5
SCAF_347_region	21288	4122	0.19	0	5
SCAF_348	21209	88874	4.19	0	20
SCAF_348_region	21209	88874	4.19	0	20
SCAF_349	21199	5683	0.27	0	7
SCAF_349_region	21199	5683	0.27	0	7
SCAF_350	21189	67055	3.16	0	138
SCAF_350_region	21189	67055	3.16	0	138
SCAF_351	21106	28158	1.33	0	7
SCAF_351_region	21106	28158	1.33	0	7
SCAF_352	21098	43464	2.06	0	32
SCAF_352_region	21098	43464	2.06	0	32
SCAF_353	21078	76157	3.61	0	37
SCAF_353_region	21078	76157	3.61	0	37
SCAF_354	20991	91017	4.34	0	12
SCAF_354_region	20991	91017	4.34	0	12
SCAF_355	20981	43134	2.06	0	25
SCAF_355_region	20981	43134	2.06	0	25
SCAF_356	20980	50565	2.41	0	13
SCAF_356_region	20980	50565	2.41	0	13
SCAF_357	20976	40416	1.93	0	20
SCAF_357_region	20976	40416	1.93	0	20
SCAF_358	20871	22777	1.09	0	19
SCAF_358_region	20871	22777	1.09	0	19
SCAF_359	20831	37896	1.82	0	7
SCAF_359_region	20831	37896	1.82	0	7
SCAF_360	20777	37032	1.78	0	36
SCAF_360_region	20777	37032	1.78	0	36
SCAF_361	20737	56845	2.74	0	12
SCAF_361_region	20737	56845	2.74	0	12
SCAF_362	20702	88664	4.28	0	21
SCAF_362_region	20702	88664	4.28	0	21
SCAF_363	20586	2282	0.11	0	17
SCAF_363_region	20586	2282	0.11	0	17
SCAF_364	20574	67084	3.26	0	39
SCAF_364_region	20574	67084	3.26	0	39
SCAF_365	20553	40335	1.96	0	46
SCAF_365_region	20553	40335	1.96	0	46
SCAF_366	20522	60158	2.93	0	26
SCAF_366_region	20522	60158	2.93	0	26
SCAF_367	20517	61093	2.98	0	21
SCAF_367_region	20517	61093	2.98	0	21
SCAF_368	20452	28326	1.38	0	10
SCAF_368_region	20452	28326	1.38	0	10
SCAF_369	20438	41983	2.05	0	12
SCAF_369_region	20438	41983	2.05	0	12
SCAF_370	20350	125839	6.18	0	101
SCAF_370_region	20350	125839	6.18	0	101
SCAF_371	20349	120007	5.90	0	232
SCAF_371_region	20349	120007	5.90	0	232
SCAF_372	20285	10526	0.52	0	9
SCAF_372_region	20285	10526	0.52	0	9
SCAF_373	20282	34625	1.71	0	176
SCAF_373_region	20282	34625	1.71	0	176
SCAF_374	20282	9440684	465.47	0	1126
SCAF_374_region	20282	9440684	465.47	0	1126
SCAF_375	20179	217771	10.79	0	252
SCAF_375_region	20179	217771	10.79	0	252
SCAF_376	20174	63538	3.15	0	15
SCAF_376_region	20174	63538	3.15	0	15
SCAF_377	20160	45257	2.24	0	22
SCAF_377_region	20160	45257	2.24	0	22
SCAF_378	20157	7922438	393.04	0	698
SCAF_378_region	20157	7922438	393.04	0	698
SCAF_379	20150	28087	1.39	0	10
SCAF_379_region	20150	28087	1.39	0	10
SCAF_380	20140	103035	5.12	0	139
SCAF_380_region	20140	103035	5.12	0	139
SCAF_381	20082	21921	1.09	0	22
SCAF_381_region	20082	21921	1.09	0	22
SCAF_382	20068	83530	4.16	0	13
SCAF_382_region	20068	83530	4.16	0	13
SCAF_383	20052	88559	4.42	0	13
SCAF_383_region	20052	88559	4.42	0	13
SCAF_384	20039	41845	2.09	0	12
SCAF_384_region	20039	41845	2.09	0	12
SCAF_385	20036	18440	0.92	0	19
SCAF_385_region	20036	18440	0.92	0	19
SCAF_386	20004	60601	3.03	0	17
SCAF_386_region	20004	60601	3.03	0	17
SCAF_387	19967	9578	0.48	0	13
SCAF_387_region	19967	9578	0.48	0	13
SCAF_388	19953	40589	2.03	0	19
SCAF_388_region	19953	40589	2.03	0	19
SCAF_389	19874	71204	3.58	0	22
SCAF_389_region	19874	71204	3.58	0	22
SCAF_390	19870	3803299	191.41	0	744
SCAF_390_region	19870	3803299	191.41	0	744
SCAF_391	19819	19907	1.00	0	21
SCAF_391_region	19819	19907	1.00	0	21
SCAF_392	19814	47075	2.38	0	14
SCAF_392_region	19814	47075	2.38	0	14
SCAF_393	19805	83541	4.22	0	23
SCAF_393_region	19805	83541	4.22	0	23
SCAF_394	19796	46901	2.37	0	13
SCAF_394_region	19796	46901	2.37	0	13
SCAF_395	19788	68481	3.46	0	903
SCAF_395_region	19788	68481	3.46	0	903
SCAF_396	19769	15847	0.80	0	6
SCAF_396_region	19769	15847	0.80	0	6
SCAF_397	19737	51538	2.61	0	21
SCAF_397_region	19737	51538	2.61	0	21
SCAF_398	19694	106972	5.43	0	19
SCAF_398_region	19694	106972	5.43	0	19
SCAF_399	19627	41409	2.11	0	13
SCAF_399_region	19627	41409	2.11	0	13
SCAF_400	19559	244350	12.49	0	125
SCAF_400_region	19559	244350	12.49	0	125
SCAF_401	19529	54781	2.81	0	10
SCAF_401_region	19529	54781	2.81	0	10
SCAF_402	19485	54811	2.81	0	14
SCAF_402_region	19485	54811	2.81	0	14
SCAF_403	19440	84025	4.32	0	28
SCAF_403_region	19440	84025	4.32	0	28
SCAF_404	19429	15555	0.80	0	8
SCAF_404_region	19429	15555	0.80	0	8
SCAF_405	19412	80516	4.15	0	21
SCAF_405_region	19412	80516	4.15	0	21
SCAF_406	19412	39128	2.02	0	10
SCAF_406_region	19412	39128	2.02	0	10
SCAF_407	19392	43490	2.24	0	11
SCAF_407_region	19392	43490	2.24	0	11
SCAF_408	19383	4300	0.22	0	2
SCAF_408_region	19383	4300	0.22	0	2
SCAF_409	19350	100440	5.19	0	20
SCAF_409_region	19350	100440	5.19	0	20
SCAF_410	19334	32753	1.69	0	10
SCAF_410_region	19334	32753	1.69	0	10
SCAF_411	19319	1665	0.09	0	10
SCAF_411_region	19319	1665	0.09	0	10
SCAF_412	19298	30849	1.60	0	12
SCAF_412_region	19298	30849	1.60	0	12
SCAF_413	19281	41872	2.17	0	13
SCAF_413_region	19281	41872	2.17	0	13
SCAF_414	19250	120692	6.27	0	98
SCAF_414_region	19250	120692	6.27	0	98
SCAF_415	19240	76198	3.96	0	12
SCAF_415_region	19240	76198	3.96	0	12
SCAF_416	19198	73662	3.84	0	27
SCAF_416_region	19198	73662	3.84	0	27
SCAF_417	19156	7997	0.42	0	13
SCAF_417_region	19156	7997	0.42	0	13
SCAF_418	19069	8655490	453.90	0	697
SCAF_418_region	19069	8655490	453.90	0	697
SCAF_419	19061	14072	0.74	0	20
SCAF_419_region	19061	14072	0.74	0	20
SCAF_420	19040	7730	0.41	0	7
SCAF_420_region	19040	7730	0.41	0	7
SCAF_421	19012	48542	2.55	0	16
SCAF_421_region	19012	48542	2.55	0	16
SCAF_422	18950	33166	1.75	0	16
SCAF_422_region	18950	33166	1.75	0	16
SCAF_423	18945	76322	4.03	0	21
SCAF_423_region	18945	76322	4.03	0	21
SCAF_424	18943	42236	2.23	0	17
SCAF_424_region	18943	42236	2.23	0	17
SCAF_425	18932	81947	4.33	0	19
SCAF_425_region	18932	81947	4.33	0	19
SCAF_426	18882	42359	2.24	0	12
SCAF_426_region	18882	42359	2.24	0	12
SCAF_427	18874	40843	2.16	0	21
SCAF_427_region	18874	40843	2.16	0	21
SCAF_428	18866	1835912	97.31	0	779
SCAF_428_region	18866	1835912	97.31	0	779
SCAF_429	18866	102446	5.43	0	32
SCAF_429_region	18866	102446	5.43	0	32
SCAF_430	18815	25202	1.34	0	6
SCAF_430_region	18815	25202	1.34	0	6
SCAF_431	18805	46988	2.50	0	15
SCAF_431_region	18805	46988	2.50	0	15
SCAF_432	18790	73723	3.92	0	50
SCAF_432_region	18790	73723	3.92	0	50
SCAF_433	18773	49022	2.61	0	46
SCAF_433_region	18773	49022	2.61	0	46
SCAF_434	18766	33413	1.78	0	13
SCAF_434_region	18766	33413	1.78	0	13
SCAF_435	18753	56691	3.02	0	78
SCAF_435_region	18753	56691	3.02	0	78
SCAF_436	18746	14670	0.78	0	8
SCAF_436_region	18746	14670	0.78	0	8
SCAF_437	18721	88345	4.72	0	30
SCAF_437_region	18721	88345	4.72	0	30
SCAF_438	18669	18463	0.99	0	9
SCAF_438_region	18669	18463	0.99	0	9
SCAF_439	18588	52484	2.82	0	162
SCAF_439_region	18588	52484	2.82	0	162
SCAF_440	18561	108600	5.85	0	255
SCAF_440_region	18561	108600	5.85	0	255
SCAF_441	18530	83993	4.53	0	27
SCAF_441_region	18530	83993	4.53	0	27
SCAF_442	18489	72405	3.92	0	14
SCAF_442_region	18489	72405	3.92	0	14
SCAF_443	18479	25266	1.37	0	10
SCAF_443_region	18479	25266	1.37	0	10
SCAF_444	18424	38345	2.08	0	18
SCAF_444_region	18424	38345	2.08	0	18
SCAF_445	18396	59222	3.22	0	15
SCAF_445_region	18396	59222	3.22	0	15
SCAF_446	18392	29043	1.58	0	13
SCAF_446_region	18392	29043	1.58	0	13
SCAF_447	18255	42001	2.30	0	11
SCAF_447_region	18255	42001	2.30	0	11
SCAF_448	18252	28514	1.56	0	10
SCAF_448_region	18252	28514	1.56	0	10
SCAF_449	18248	56207	3.08	0	25
SCAF_449_region	18248	56207	3.08	0	25
SCAF_450	18208	74434	4.09	0	18
SCAF_450_region	18208	74434	4.09	0	18
SCAF_451	18202	59	0.00	0	1
SCAF_451_region	18202	59	0.00	0	1
SCAF_452	18192	25681	1.41	0	7
SCAF_452_region	18192	25681	1.41	0	7
SCAF_453	18150	39473	2.17	0	13
SCAF_453_region	18150	39473	2.17	0	13
SCAF_454	18134	5229	0.29	0	6
SCAF_454_region	18134	5229	0.29	0	6
SCAF_455	18114	4652	0.26	0	3
SCAF_455_region	18114	4652	0.26	0	3
SCAF_456	18112	115268	6.36	0	53
SCAF_456_region	18112	115268	6.36	0	53
SCAF_457	18054	40203	2.23	0	9
SCAF_457_region	18054	40203	2.23	0	9
SCAF_458	18006	47265	2.62	0	13
SCAF_458_region	18006	47265	2.62	0	13
SCAF_459	18000	5857	0.33	0	6
SCAF_459_region	18000	5857	0.33	0	6
SCAF_460	17967	39589	2.20	0	27
SCAF_460_region	17967	39589	2.20	0	27
SCAF_461	17943	73131	4.08	0	12
SCAF_461_region	17943	73131	4.08	0	12
SCAF_462	17929	56216	3.14	0	267
SCAF_462_region	17929	56216	3.14	0	267
SCAF_463	17921	3026	0.17	0	6
SCAF_463_region	17921	3026	0.17	0	6
SCAF_464	17913	54434	3.04	0	21
SCAF_464_region	17913	54434	3.04	0	21
SCAF_465	17912	34152	1.91	0	13
SCAF_465_region	17912	34152	1.91	0	13
SCAF_466	17886	18673	1.04	0	16
SCAF_466_region	17886	18673	1.04	0	16
SCAF_467	17859	148	0.01	0	1
SCAF_467_region	17859	148	0.01	0	1
SCAF_468	17837	58998	3.31	0	27
SCAF_468_region	17837	58998	3.31	0	27
SCAF_469	17802	3157	0.18	0	2
SCAF_469_region	17802	3157	0.18	0	2
SCAF_470	17776	48363	2.72	0	26
SCAF_470_region	17776	48363	2.72	0	26
SCAF_471	17682	32594	1.84	0	12
SCAF_471_region	17682	32594	1.84	0	12
SCAF_472	17646	56122	3.18	0	46
SCAF_472_region	17646	56122	3.18	0	46
SCAF_473	17646	23495	1.33	0	11
SCAF_473_region	17646	23495	1.33	0	11
SCAF_474	17642	5898914	334.37	0	725
SCAF_474_region	17642	5898914	334.37	0	725
SCAF_475	17613	4991	0.28	0	68
SCAF_475_region	17613	4991	0.28	0	68
SCAF_476	17602	100416	5.70	0	233
SCAF_476_region	17602	100416	5.70	0	233
SCAF_477	17571	4109	0.23	0	5
SCAF_477_region	17571	4109	0.23	0	5
SCAF_478	17535	20501	1.17	0	6
SCAF_478_region	17535	20501	1.17	0	6
SCAF_479	17528	62175	3.55	0	118
SCAF_479_region	17528	62175	3.55	0	118
SCAF_480	17503	36734	2.10	0	9
SCAF_480_region	17503	36734	2.10	0	9
SCAF_481	17502	59739	3.41	0	10
SCAF_481_region	17502	59739	3.41	0	10
SCAF_482	17480	10577	0.61	0	18
SCAF_482_region	17480	10577	0.61	0	18
SCAF_483	17476	81266	4.65	0	15
SCAF_483_region	17476	81266	4.65	0	15
SCAF_484	17457	424279	24.30	0	296
SCAF_484_region	17457	424279	24.30	0	296
SCAF_485	17386	63064	3.63	0	25
SCAF_485_region	17386	63064	3.63	0	25
SCAF_486	17362	54799	3.16	0	12
SCAF_486_region	17362	54799	3.16	0	12
SCAF_487	17332	24753	1.43	0	11
SCAF_487_region	17332	24753	1.43	0	11
SCAF_488	17327	50260	2.90	0	11
SCAF_488_region	17327	50260	2.90	0	11
SCAF_489	17303	47883	2.77	0	16
SCAF_489_region	17303	47883	2.77	0	16
SCAF_490	17273	61336	3.55	0	28
SCAF_490_region	17273	61336	3.55	0	28
SCAF_491	17245	18088	1.05	0	165
SCAF_491_region	17245	18088	1.05	0	165
SCAF_492	17239	84092	4.88	0	21
SCAF_492_region	17239	84092	4.88	0	21
SCAF_493	17219	63414	3.68	0	17
SCAF_493_region	17219	63414	3.68	0	17
SCAF_494	17218	22295	1.29	0	9
SCAF_494_region	17218	22295	1.29	0	9
SCAF_495	17211	69070	4.01	0	16
SCAF_495_region	17211	69070	4.01	0	16
SCAF_496	17198	79914	4.65	0	226
SCAF_496_region	17198	79914	4.65	0	226
SCAF_497	17190	2585	0.15	0	2
SCAF_497_region	17190	2585	0.15	0	2
SCAF_498	17162	20467	1.19	0	11
SCAF_498_region	17162	20467	1.19	0	11
SCAF_499	17147	30300	1.77	0	13
SCAF_499_region	17147	30300	1.77	0	13
SCAF_500	17144	35038	2.04	0	9
SCAF_500_region	17144	35038	2.04	0	9
SCAF_501	17142	17236	1.01	0	9
SCAF_501_region	17142	17236	1.01	0	9
SCAF_502	17124	151204	8.83	0	59
SCAF_502_region	17124	151204	8.83	0	59
SCAF_503	17118	56854	3.32	0	30
SCAF_503_region	17118	56854	3.32	0	30
SCAF_504	17076	17137	1.00	0	9
SCAF_504_region	17076	17137	1.00	0	9
SCAF_505	17047	6360406	373.11	0	691
SCAF_505_region	17047	6360406	373.11	0	691
SCAF_506	17043	17951	1.05	0	105
SCAF_506_region	17043	17951	1.05	0	105
SCAF_507	17035	61544	3.61	0	28
SCAF_507_region	17035	61544	3.61	0	28
SCAF_508	17021	110304	6.48	0	53
SCAF_508_region	17021	110304	6.48	0	53
SCAF_509	16971	44968	2.65	0	11
SCAF_509_region	16971	44968	2.65	0	11
SCAF_510	16897	30978	1.83	0	19
SCAF_510_region	16897	30978	1.83	0	19
SCAF_511	16849	31368	1.86	0	16
SCAF_511_region	16849	31368	1.86	0	16
SCAF_512	16807	29595	1.76	0	14
SCAF_512_region	16807	29595	1.76	0	14
SCAF_513	16787	3058	0.18	0	5
SCAF_513_region	16787	3058	0.18	0	5
SCAF_514	16784	40307	2.40	0	13
SCAF_514_region	16784	40307	2.40	0	13
SCAF_515	16776	45743	2.73	0	10
SCAF_515_region	16776	45743	2.73	0	10
SCAF_516	16745	1424	0.09	0	8
SCAF_516_region	16745	1424	0.09	0	8
SCAF_517	16741	9991	0.60	0	19
SCAF_517_region	16741	9991	0.60	0	19
SCAF_518	16733	24487	1.46	0	15
SCAF_518_region	16733	24487	1.46	0	15
SCAF_519	16710	52049	3.11	0	23
SCAF_519_region	16710	52049	3.11	0	23
SCAF_520	16702	4730623	283.24	0	964
SCAF_520_region	16702	4730623	283.24	0	964
SCAF_521	16701	35082	2.10	0	10
SCAF_521_region	16701	35082	2.10	0	10
SCAF_522	16645	108515	6.52	0	55
SCAF_522_region	16645	108515	6.52	0	55
SCAF_523	16623	32337	1.95	0	14
SCAF_523_region	16623	32337	1.95	0	14
SCAF_524	16568	19441	1.17	0	22
SCAF_524_region	16568	19441	1.17	0	22
SCAF_525	16548	39524	2.39	0	17
SCAF_525_region	16548	39524	2.39	0	17
SCAF_526	16541	42200	2.55	0	16
SCAF_526_region	16541	42200	2.55	0	16
SCAF_527	16518	4696545	284.33	0	771
SCAF_527_region	16518	4696545	284.33	0	771
SCAF_528	16510	59813	3.62	0	38
SCAF_528_region	16510	59813	3.62	0	38
SCAF_529	16492	107909	6.54	0	84
SCAF_529_region	16492	107909	6.54	0	84
SCAF_530	16462	16528	1.00	0	14
SCAF_530_region	16462	16528	1.00	0	14
SCAF_531	16461	4432	0.27	0	2
SCAF_531_region	16461	4432	0.27	0	2
SCAF_532	16447	32789	1.99	0	14
SCAF_532_region	16447	32789	1.99	0	14
SCAF_533	16383	50677	3.09	0	15
SCAF_533_region	16383	50677	3.09	0	15
SCAF_534	16345	36524	2.23	0	10
SCAF_534_region	16345	36524	2.23	0	10
SCAF_535	16343	28937	1.77	0	12
SCAF_535_region	16343	28937	1.77	0	12
SCAF_536	16333	29884	1.83	0	13
SCAF_536_region	16333	29884	1.83	0	13
SCAF_537	16287	27247	1.67	0	11
SCAF_537_region	16287	27247	1.67	0	11
SCAF_538	16266	28155	1.73	0	22
SCAF_538_region	16266	28155	1.73	0	22
SCAF_539	16246	2991	0.18	0	3
SCAF_539_region	16246	2991	0.18	0	3
SCAF_540	16245	36509	2.25	0	15
SCAF_540_region	16245	36509	2.25	0	15
SCAF_541	16215	39113	2.41	0	15
SCAF_541_region	16215	39113	2.41	0	15
SCAF_542	16208	23778	1.47	0	38
SCAF_542_region	16208	23778	1.47	0	38
SCAF_543	16160	12434	0.77	0	7
SCAF_543_region	16160	12434	0.77	0	7
SCAF_544	16140	3572	0.22	0	5
SCAF_544_region	16140	3572	0.22	0	5
SCAF_545	16102	71357	4.43	0	13
SCAF_545_region	16102	71357	4.43	0	13
SCAF_546	16083	46146	2.87	0	20
SCAF_546_region	16083	46146	2.87	0	20
SCAF_547	16037	76625	4.78	0	15
SCAF_547_region	16037	76625	4.78	0	15
SCAF_548	16034	21784	1.36	0	16
SCAF_548_region	16034	21784	1.36	0	16
SCAF_549	16030	104835	6.54	0	113
SCAF_549_region	16030	104835	6.54	0	113
SCAF_550	16027	38996	2.43	0	11
SCAF_550_region	16027	38996	2.43	0	11
SCAF_551	15990	15063	0.94	0	12
SCAF_551_region	15990	15063	0.94	0	12
SCAF_552	15913	53100	3.34	0	13
SCAF_552_region	15913	53100	3.34	0	13
SCAF_553	15906	66432	4.18	0	23
SCAF_553_region	15906	66432	4.18	0	23
SCAF_554	15898	30952	1.95	0	8
SCAF_554_region	15898	30952	1.95	0	8
SCAF_555	15891	23798	1.50	0	9
SCAF_555_region	15891	23798	1.50	0	9
SCAF_556	15885	37630	2.37	0	11
SCAF_556_region	15885	37630	2.37	0	11
SCAF_557	15855	73209	4.62	0	12
SCAF_557_region	15855	73209	4.62	0	12
SCAF_558	15839	78661	4.97	0	27
SCAF_558_region	15839	78661	4.97	0	27
SCAF_559	15827	58398	3.69	0	13
SCAF_559_region	15827	58398	3.69	0	13
SCAF_560	15823	106589	6.74	0	103
SCAF_560_region	15823	106589	6.74	0	103
SCAF_561	15791	37413	2.37	0	12
SCAF_561_region	15791	37413	2.37	0	12
SCAF_562	15777	3550000	225.01	0	496
SCAF_562_region	15777	3550000	225.01	0	496
SCAF_563	15776	61595	3.90	0	21
SCAF_563_region	15776	61595	3.90	0	21
SCAF_564	15761	67875	4.31	0	22
SCAF_564_region	15761	67875	4.31	0	22
SCAF_565	15717	29961	1.91	0	20
SCAF_565_region	15717	29961	1.91	0	20
SCAF_566	15706	4127	0.26	0	7
SCAF_566_region	15706	4127	0.26	0	7
SCAF_567	15696	38077	2.43	0	12
SCAF_567_region	15696	38077	2.43	0	12
SCAF_568	15657	35416	2.26	0	11
SCAF_568_region	15657	35416	2.26	0	11
SCAF_569	15650	29564	1.89	0	26
SCAF_569_region	15650	29564	1.89	0	26
SCAF_570	15646	76224	4.87	0	27
SCAF_570_region	15646	76224	4.87	0	27
SCAF_571	15619	5508	0.35	0	3
SCAF_571_region	15619	5508	0.35	0	3
SCAF_572	15612	41099	2.63	0	11
SCAF_572_region	15612	41099	2.63	0	11
SCAF_573	15605	77204	4.95	0	49
SCAF_573_region	15605	77204	4.95	0	49
SCAF_574	15575	144161	9.26	0	57
SCAF_574_region	15575	144161	9.26	0	57
SCAF_575	15573	20816	1.34	0	7
SCAF_575_region	15573	20816	1.34	0	7
SCAF_576	15571	42475	2.73	0	14
SCAF_576_region	15571	42475	2.73	0	14
SCAF_577	15544	9557	0.61	0	6
SCAF_577_region	15544	9557	0.61	0	6
SCAF_578	15521	1990	0.13	0	2
SCAF_578_region	15521	1990	0.13	0	2
SCAF_579	15497	81539	5.26	0	231
SCAF_579_region	15497	81539	5.26	0	231
SCAF_580	15481	20838	1.35	0	8
SCAF_580_region	15481	20838	1.35	0	8
SCAF_581	15458	142797	9.24	0	120
SCAF_581_region	15458	142797	9.24	0	120
SCAF_582	15439	37566	2.43	0	38
SCAF_582_region	15439	37566	2.43	0	38
SCAF_583	15421	33895	2.20	0	28
SCAF_583_region	15421	33895	2.20	0	28
SCAF_584	15337	49199	3.21	0	28
SCAF_584_region	15337	49199	3.21	0	28
SCAF_585	15336	50234	3.28	0	12
SCAF_585_region	15336	50234	3.28	0	12
SCAF_586	15301	52022	3.40	0	16
SCAF_586_region	15301	52022	3.40	0	16
SCAF_587	15300	2040057	133.34	0	1286
SCAF_587_region	15300	2040057	133.34	0	1286
SCAF_588	15298	24925	1.63	0	10
SCAF_588_region	15298	24925	1.63	0	10
SCAF_589	15238	44064	2.89	0	15
SCAF_589_region	15238	44064	2.89	0	15
SCAF_590	15205	50235	3.30	0	18
SCAF_590_region	15205	50235	3.30	0	18
SCAF_591	15162	42436	2.80	0	14
SCAF_591_region	15162	42436	2.80	0	14
SCAF_592	15154	6908	0.46	0	5
SCAF_592_region	15154	6908	0.46	0	5
SCAF_593	15087	64512	4.28	0	27
SCAF_593_region	15087	64512	4.28	0	27
SCAF_594	15082	66249	4.39	0	27
SCAF_594_region	15082	66249	4.39	0	27
SCAF_595	15055	43038	2.86	0	16
SCAF_595_region	15055	43038	2.86	0	16
SCAF_596	15045	8827	0.59	0	8
SCAF_596_region	15045	8827	0.59	0	8
SCAF_597	15030	47893	3.19	0	19
SCAF_597_region	15030	47893	3.19	0	19
SCAF_598	15027	39798	2.65	0	46
SCAF_598_region	15027	39798	2.65	0	46
SCAF_599	15000	39116	2.61	0	11
SCAF_599_region	15000	39116	2.61	0	11
SCAF_600	14995	78423	5.23	0	31
SCAF_600_region	14995	78423	5.23	0	31
SCAF_601	14985	38990	2.60	0	45
SCAF_601_region	14985	38990	2.60	0	45
SCAF_602	14930	39255	2.63	0	15
SCAF_602_region	14930	39255	2.63	0	15
SCAF_603	14898	30740	2.06	0	10
SCAF_603_region	14898	30740	2.06	0	10
SCAF_604	14863	31055	2.09	0	8
SCAF_604_region	14863	31055	2.09	0	8
SCAF_605	14840	26915	1.81	0	8
SCAF_605_region	14840	26915	1.81	0	8
SCAF_606	14808	1907	0.13	0	4
SCAF_606_region	14808	1907	0.13	0	4
SCAF_607	14807	22857	1.54	0	13
SCAF_607_region	14807	22857	1.54	0	13
SCAF_608	14785	57352	3.88	0	12
SCAF_608_region	14785	57352	3.88	0	12
SCAF_609	14742	1081874	73.39	0	403
SCAF_609_region	14742	1081874	73.39	0	403
SCAF_610	14738	38059	2.58	0	15
SCAF_610_region	14738	38059	2.58	0	15
SCAF_611	14737	30749	2.09	0	12
SCAF_611_region	14737	30749	2.09	0	12
SCAF_612	14712	5581492	379.38	0	761
SCAF_612_region	14712	5581492	379.38	0	761
SCAF_613	14708	109928	7.47	0	52
SCAF_613_region	14708	109928	7.47	0	52
SCAF_614	14694	57	0.00	0	1
SCAF_614_region	14694	57	0.00	0	1
SCAF_615	14684	15883	1.08	0	24
SCAF_615_region	14684	15883	1.08	0	24
SCAF_616	14676	5313	0.36	0	4
SCAF_616_region	14676	5313	0.36	0	4
SCAF_617	14662	52665	3.59	0	27
SCAF_617_region	14662	52665	3.59	0	27
SCAF_618	14658	30459	2.08	0	7
SCAF_618_region	14658	30459	2.08	0	7
SCAF_619	14650	8011	0.55	0	55
SCAF_619_region	14650	8011	0.55	0	55
SCAF_620	14639	61353	4.19	0	25
SCAF_620_region	14639	61353	4.19	0	25
SCAF_621	14614	1878575	128.55	0	923
SCAF_621_region	14614	1878575	128.55	0	923
SCAF_622	14596	25390	1.74	0	10
SCAF_622_region	14596	25390	1.74	0	10
SCAF_623	14590	33253	2.28	0	21
SCAF_623_region	14590	33253	2.28	0	21
SCAF_624	14581	3760	0.26	0	7
SCAF_624_region	14581	3760	0.26	0	7
SCAF_625	14547	39592	2.72	0	17
SCAF_625_region	14547	39592	2.72	0	17
SCAF_626	14527	33620	2.31	0	12
SCAF_626_region	14527	33620	2.31	0	12
SCAF_627	14523	31844	2.19	0	14
SCAF_627_region	14523	31844	2.19	0	14
SCAF_628	14498	49550	3.42	0	24
SCAF_628_region	14498	49550	3.42	0	24
SCAF_629	14453	62390	4.32	0	11
SCAF_629_region	14453	62390	4.32	0	11
SCAF_630	14414	20655	1.43	0	11
SCAF_630_region	14414	20655	1.43	0	11
SCAF_631	14395	9769	0.68	0	7
SCAF_631_region	14395	9769	0.68	0	7
SCAF_632	14385	53190	3.70	0	22
SCAF_632_region	14385	53190	3.70	0	22
SCAF_633	14371	26710	1.86	0	10
SCAF_633_region	14371	26710	1.86	0	10
SCAF_634	14371	46335	3.22	0	16
SCAF_634_region	14371	46335	3.22	0	16
SCAF_635	14280	217614	15.24	0	123
SCAF_635_region	14280	217614	15.24	0	123
SCAF_636	14276	16522	1.16	0	10
SCAF_636_region	14276	16522	1.16	0	10
SCAF_637	14236	13895	0.98	0	7
SCAF_637_region	14236	13895	0.98	0	7
SCAF_638	14229	41306	2.90	0	13
SCAF_638_region	14229	41306	2.90	0	13
SCAF_639	14202	3917	0.28	0	2
SCAF_639_region	14202	3917	0.28	0	2
SCAF_640	14111	26558	1.88	0	9
SCAF_640_region	14111	26558	1.88	0	9
SCAF_641	14088	44592	3.17	0	12
SCAF_641_region	14088	44592	3.17	0	12
SCAF_642	14005	37492	2.68	0	11
SCAF_642_region	14005	37492	2.68	0	11
SCAF_643	13977	5807047	415.47	0	728
SCAF_643_region	13977	5807047	415.47	0	728
SCAF_644	13890	28314	2.04	0	10
SCAF_644_region	13890	28314	2.04	0	10
SCAF_645	13875	36570	2.64	0	12
SCAF_645_region	13875	36570	2.64	0	12
SCAF_646	13874	57282	4.13	0	40
SCAF_646_region	13874	57282	4.13	0	40
SCAF_647	13848	24989	1.80	0	20
SCAF_647_region	13848	24989	1.80	0	20
SCAF_648	13847	77198	5.58	0	111
SCAF_648_region	13847	77198	5.58	0	111
SCAF_649	13838	32775	2.37	0	35
SCAF_649_region	13838	32775	2.37	0	35
SCAF_650	13812	55634	4.03	0	13
SCAF_650_region	13812	55634	4.03	0	13
SCAF_651	13758	30790	2.24	0	16
SCAF_651_region	13758	30790	2.24	0	16
SCAF_652	13727	30074	2.19	0	11
SCAF_652_region	13727	30074	2.19	0	11
SCAF_653	13703	3489	0.25	0	6
SCAF_653_region	13703	3489	0.25	0	6
SCAF_654	13701	5340	0.39	0	4
SCAF_654_region	13701	5340	0.39	0	4
SCAF_655	13677	56268	4.11	0	12
SCAF_655_region	13677	56268	4.11	0	12
SCAF_656	13622	36530	2.68	0	17
SCAF_656_region	13622	36530	2.68	0	17
SCAF_657	13584	7077	0.52	0	14
SCAF_657_region	13584	7077	0.52	0	14
SCAF_658	13583	31474	2.32	0	10
SCAF_658_region	13583	31474	2.32	0	10
SCAF_659	13535	34437	2.54	0	12
SCAF_659_region	13535	34437	2.54	0	12
SCAF_660	13535	2028	0.15	0	1
SCAF_660_region	13535	2028	0.15	0	1
SCAF_661	13499	58915	4.36	0	12
SCAF_661_region	13499	58915	4.36	0	12
SCAF_662	13464	20504	1.52	0	9
SCAF_662_region	13464	20504	1.52	0	9
SCAF_663	13438	33433	2.49	0	45
SCAF_663_region	13438	33433	2.49	0	45
SCAF_664	13385	4088505	305.45	0	746
SCAF_664_region	13385	4088505	305.45	0	746
SCAF_665	13357	1129	0.08	0	2
SCAF_665_region	13357	1129	0.08	0	2
SCAF_666	13330	31841	2.39	0	13
SCAF_666_region	13330	31841	2.39	0	13
SCAF_667	13327	67102	5.04	0	42
SCAF_667_region	13327	67102	5.04	0	42
SCAF_668	13319	40590	3.05	0	28
SCAF_668_region	13319	40590	3.05	0	28
SCAF_669	13303	56974	4.28	0	20
SCAF_669_region	13303	56974	4.28	0	20
SCAF_670	13293	39476	2.97	0	16
SCAF_670_region	13293	39476	2.97	0	16
SCAF_671	13288	24702	1.86	0	13
SCAF_671_region	13288	24702	1.86	0	13
SCAF_672	13266	22758	1.72	0	14
SCAF_672_region	13266	22758	1.72	0	14
SCAF_673	13189	4402	0.33	0	39
SCAF_673_region	13189	4402	0.33	0	39
SCAF_674	13149	34337	2.61	0	21
SCAF_674_region	13149	34337	2.61	0	21
SCAF_675	13128	63889	4.87	0	72
SCAF_675_region	13128	63889	4.87	0	72
SCAF_676	13120	9208	0.70	0	7
SCAF_676_region	13120	9208	0.70	0	7
SCAF_677	13080	93887	7.18	0	319
SCAF_677_region	13080	93887	7.18	0	319
SCAF_678	13050	21604	1.66	0	9
SCAF_678_region	13050	21604	1.66	0	9
SCAF_679	13043	30390	2.33	0	13
SCAF_679_region	13043	30390	2.33	0	13
SCAF_680	13008	55598	4.27	0	13
SCAF_680_region	13008	55598	4.27	0	13
SCAF_681	13001	13312	1.02	0	8
SCAF_681_region	13001	13312	1.02	0	8
SCAF_682	12997	39354	3.03	0	15
SCAF_682_region	12997	39354	3.03	0	15
SCAF_683	12986	17209	1.33	0	7
SCAF_683_region	12986	17209	1.33	0	7
SCAF_684	12871	27372	2.13	0	12
SCAF_684_region	12871	27372	2.13	0	12
SCAF_685	12842	12352	0.96	0	20
SCAF_685_region	12842	12352	0.96	0	20
SCAF_686	12830	63047	4.91	0	34
SCAF_686_region	12830	63047	4.91	0	34
SCAF_687	12781	21880	1.71	0	12
SCAF_687_region	12781	21880	1.71	0	12
SCAF_688	12768	80417	6.30	0	33
SCAF_688_region	12768	80417	6.30	0	33
SCAF_689	12768	26019	2.04	0	10
SCAF_689_region	12768	26019	2.04	0	10
SCAF_690	12764	34817	2.73	0	17
SCAF_690_region	12764	34817	2.73	0	17
SCAF_691	12677	48611	3.83	0	10
SCAF_691_region	12677	48611	3.83	0	10
SCAF_692	12675	4104	0.32	0	5
SCAF_692_region	12675	4104	0.32	0	5
SCAF_693	12651	23557	1.86	0	8
SCAF_693_region	12651	23557	1.86	0	8
SCAF_694	12646	37480	2.96	0	21
SCAF_694_region	12646	37480	2.96	0	21
SCAF_695	12643	40395	3.20	0	14
SCAF_695_region	12643	40395	3.20	0	14
SCAF_696	12633	23087	1.83	0	10
SCAF_696_region	12633	23087	1.83	0	10
SCAF_697	12625	26572	2.10	0	27
SCAF_697_region	12625	26572	2.10	0	27
SCAF_698	12617	107424	8.51	0	26
SCAF_698_region	12617	107424	8.51	0	26
SCAF_699	12540	28637	2.28	0	13
SCAF_699_region	12540	28637	2.28	0	13
SCAF_700	12515	806	0.06	0	1
SCAF_700_region	12515	806	0.06	0	1
SCAF_701	12482	4105	0.33	0	6
SCAF_701_region	12482	4105	0.33	0	6
SCAF_702	12461	25648	2.06	0	33
SCAF_702_region	12461	25648	2.06	0	33
SCAF_703	12456	22625	1.82	0	27
SCAF_703_region	12456	22625	1.82	0	27
SCAF_704	12456	9874	0.79	0	11
SCAF_704_region	12456	9874	0.79	0	11
SCAF_705	12358	10179	0.82	0	14
SCAF_705_region	12358	10179	0.82	0	14
SCAF_706	12350	40940	3.31	0	14
SCAF_706_region	12350	40940	3.31	0	14
SCAF_707	12343	50958	4.13	0	12
SCAF_707_region	12343	50958	4.13	0	12
SCAF_708	12333	3583	0.29	0	3
SCAF_708_region	12333	3583	0.29	0	3
SCAF_709	12319	5103546	414.28	0	1129
SCAF_709_region	12319	5103546	414.28	0	1129
SCAF_710	12288	43556	3.54	0	11
SCAF_710_region	12288	43556	3.54	0	11
SCAF_711	12252	30851	2.52	0	16
SCAF_711_region	12252	30851	2.52	0	16
SCAF_712	12218	276686	22.65	0	682
SCAF_712_region	12218	276686	22.65	0	682
SCAF_713	12177	30148	2.48	0	15
SCAF_713_region	12177	30148	2.48	0	15
SCAF_714	12167	34713	2.85	0	18
SCAF_714_region	12167	34713	2.85	0	18
SCAF_715	12163	2252	0.19	0	6
SCAF_715_region	12163	2252	0.19	0	6
SCAF_716	12143	19114	1.57	0	12
SCAF_716_region	12143	19114	1.57	0	12
SCAF_717	12102	28009	2.31	0	13
SCAF_717_region	12102	28009	2.31	0	13
SCAF_718	12099	10827	0.89	0	26
SCAF_718_region	12099	10827	0.89	0	26
SCAF_719	12095	55701	4.61	0	13
SCAF_719_region	12095	55701	4.61	0	13
SCAF_720	12085	30349	2.51	0	9
SCAF_720_region	12085	30349	2.51	0	9
SCAF_721	12078	26421	2.19	0	7
SCAF_721_region	12078	26421	2.19	0	7
SCAF_722	12066	42511	3.52	0	43
SCAF_722_region	12066	42511	3.52	0	43
SCAF_723	12015	30848	2.57	0	15
SCAF_723_region	12015	30848	2.57	0	15
SCAF_724	12004	21684	1.81	0	25
SCAF_724_region	12004	21684	1.81	0	25
SCAF_725	11949	53918	4.51	0	16
SCAF_725_region	11949	53918	4.51	0	16
SCAF_726	11911	32770	2.75	0	12
SCAF_726_region	11911	32770	2.75	0	12
SCAF_727	11900	1264	0.11	0	4
SCAF_727_region	11900	1264	0.11	0	4
SCAF_728	11869	74635	6.29	0	23
SCAF_728_region	11869	74635	6.29	0	23
SCAF_729	11788	31360	2.66	0	12
SCAF_729_region	11788	31360	2.66	0	12
SCAF_730	11785	44065	3.74	0	22
SCAF_730_region	11785	44065	3.74	0	22
SCAF_731	11750	43970	3.74	0	22
SCAF_731_region	11750	43970	3.74	0	22
SCAF_732	11699	26537	2.27	0	12
SCAF_732_region	11699	26537	2.27	0	12
SCAF_733	11674	21164	1.81	0	12
SCAF_733_region	11674	21164	1.81	0	12
SCAF_734	11658	28500	2.44	0	9
SCAF_734_region	11658	28500	2.44	0	9
SCAF_735	11648	21002	1.80	0	10
SCAF_735_region	11648	21002	1.80	0	10
SCAF_736	11642	33490	2.88	0	13
SCAF_736_region	11642	33490	2.88	0	13
SCAF_737	11612	2239	0.19	0	2
SCAF_737_region	11612	2239	0.19	0	2
SCAF_738	11595	1737	0.15	0	2
SCAF_738_region	11595	1737	0.15	0	2
SCAF_739	11525	85296	7.40	0	152
SCAF_739_region	11525	85296	7.40	0	152
SCAF_740	11505	24472	2.13	0	9
SCAF_740_region	11505	24472	2.13	0	9
SCAF_741	11492	10464	0.91	0	21
SCAF_741_region	11492	10464	0.91	0	21
SCAF_742	11467	8762466	764.15	0	2140
SCAF_742_region	11467	8762466	764.15	0	2140
SCAF_743	11404	2284	0.20	0	2
SCAF_743_region	11404	2284	0.20	0	2
SCAF_744	11377	26185	2.30	0	9
SCAF_744_region	11377	26185	2.30	0	9
SCAF_745	11364	23580	2.07	0	19
SCAF_745_region	11364	23580	2.07	0	19
SCAF_746	11318	28820	2.55	0	11
SCAF_746_region	11318	28820	2.55	0	11
SCAF_747	11311	15076	1.33	0	185
SCAF_747_region	11311	15076	1.33	0	185
SCAF_748	11306	27428	2.43	0	13
SCAF_748_region	11306	27428	2.43	0	13
SCAF_749	11299	28034	2.48	0	10
SCAF_749_region	11299	28034	2.48	0	10
SCAF_750	11284	34397	3.05	0	11
SCAF_750_region	11284	34397	3.05	0	11
SCAF_751	11276	42593	3.78	0	16
SCAF_751_region	11276	42593	3.78	0	16
SCAF_752	11267	53329	4.73	0	11
SCAF_752_region	11267	53329	4.73	0	11
SCAF_753	11254	21487	1.91	0	11
SCAF_753_region	11254	21487	1.91	0	11
SCAF_754	11236	8009	0.71	0	13
SCAF_754_region	11236	8009	0.71	0	13
SCAF_755	11231	11178	1.00	0	4
SCAF_755_region	11231	11178	1.00	0	4
SCAF_756	11200	37384	3.34	0	19
SCAF_756_region	11200	37384	3.34	0	19
SCAF_757	11195	16991	1.52	0	12
SCAF_757_region	11195	16991	1.52	0	12
SCAF_758	11126	19910	1.79	0	6
SCAF_758_region	11126	19910	1.79	0	6
SCAF_759	11118	18198	1.64	0	6
SCAF_759_region	11118	18198	1.64	0	6
SCAF_760	11100	23065	2.08	0	11
SCAF_760_region	11100	23065	2.08	0	11
SCAF_761	11097	26808	2.42	0	9
SCAF_761_region	11097	26808	2.42	0	9
SCAF_762	11029	20071	1.82	0	23
SCAF_762_region	11029	20071	1.82	0	23
SCAF_763	11019	9962	0.90	0	8
SCAF_763_region	11019	9962	0.90	0	8
SCAF_764	10979	6070	0.55	0	64
SCAF_764_region	10979	6070	0.55	0	64
SCAF_765	10957	2379	0.22	0	10
SCAF_765_region	10957	2379	0.22	0	10
SCAF_766	10940	26682	2.44	0	14
SCAF_766_region	10940	26682	2.44	0	14
SCAF_767	10913	42911	3.93	0	18
SCAF_767_region	10913	42911	3.93	0	18
SCAF_768	10886	12929	1.19	0	6
SCAF_768_region	10886	12929	1.19	0	6
SCAF_769	10867	8538	0.79	0	9
SCAF_769_region	10867	8538	0.79	0	9
SCAF_770	10816	4917	0.45	0	18
SCAF_770_region	10816	4917	0.45	0	18
SCAF_771	10810	1828	0.17	0	7
SCAF_771_region	10810	1828	0.17	0	7
SCAF_772	10709	25275	2.36	0	8
SCAF_772_region	10709	25275	2.36	0	8
SCAF_773	10688	252964	23.67	0	303
SCAF_773_region	10688	252964	23.67	0	303
SCAF_774	10648	20487	1.92	0	23
SCAF_774_region	10648	20487	1.92	0	23
SCAF_775	10642	2981	0.28	0	2
SCAF_775_region	10642	2981	0.28	0	2
SCAF_776	10612	15469	1.46	0	19
SCAF_776_region	10612	15469	1.46	0	19
SCAF_777	10608	33294	3.14	0	16
SCAF_777_region	10608	33294	3.14	0	16
SCAF_778	10604	16356	1.54	0	9
SCAF_778_region	10604	16356	1.54	0	9
SCAF_779	10578	13481	1.27	0	7
SCAF_779_region	10578	13481	1.27	0	7
SCAF_780	10571	2663	0.25	0	5
SCAF_780_region	10571	2663	0.25	0	5
SCAF_781	10511	43054	4.10	0	12
SCAF_781_region	10511	43054	4.10	0	12
SCAF_782	10492	3380	0.32	0	3
SCAF_782_region	10492	3380	0.32	0	3
SCAF_783	10421	19684	1.89	0	10
SCAF_783_region	10421	19684	1.89	0	10
SCAF_784	10379	21854	2.11	0	14
SCAF_784_region	10379	21854	2.11	0	14
SCAF_785	10337	25529	2.47	0	19
SCAF_785_region	10337	25529	2.47	0	19
SCAF_786	10326	48708	4.72	0	13
SCAF_786_region	10326	48708	4.72	0	13
SCAF_787	10326	12513	1.21	0	7
SCAF_787_region	10326	12513	1.21	0	7
SCAF_788	10316	3039	0.29	0	4
SCAF_788_region	10316	3039	0.29	0	4
SCAF_789	10256	752	0.07	0	2
SCAF_789_region	10256	752	0.07	0	2
SCAF_790	10228	39453	3.86	0	24
SCAF_790_region	10228	39453	3.86	0	24
SCAF_791	10185	22713	2.23	0	8
SCAF_791_region	10185	22713	2.23	0	8
SCAF_792	10184	42168	4.14	0	11
SCAF_792_region	10184	42168	4.14	0	11
SCAF_793	10160	9802	0.96	0	5
SCAF_793_region	10160	9802	0.96	0	5
SCAF_794	10147	3856	0.38	0	5
SCAF_794_region	10147	3856	0.38	0	5
SCAF_795	10110	27826	2.75	0	31
SCAF_795_region	10110	27826	2.75	0	31
SCAF_796	10045	1585	0.16	0	2
SCAF_796_region	10045	1585	0.16	0	2
SCAF_797	10015	171	0.02	0	8
SCAF_797_region	10015	171	0.02	0	8
SCAF_798	10012	31722	3.17	0	16
SCAF_798_region	10012	31722	3.17	0	16
SCAF_799	9978	14877	1.49	0	8
SCAF_799_region	9978	14877	1.49	0	8
SCAF_800	9947	28300	2.85	0	181
SCAF_800_region	9947	28300	2.85	0	181
SCAF_801	9941	14954	1.50	0	8
SCAF_801_region	9941	14954	1.50	0	8
SCAF_802	9910	2855	0.29	0	3
SCAF_802_region	9910	2855	0.29	0	3
SCAF_803	9879	18149	1.84	0	8
SCAF_803_region	9879	18149	1.84	0	8
SCAF_804	9861	18594	1.89	0	12
SCAF_804_region	9861	18594	1.89	0	12
SCAF_805	9859	2320	0.24	0	2
SCAF_805_region	9859	2320	0.24	0	2
SCAF_806	9855	23759	2.41	0	9
SCAF_806_region	9855	23759	2.41	0	9
SCAF_807	9792	24274	2.48	0	15
SCAF_807_region	9792	24274	2.48	0	15
SCAF_808	9784	11743	1.20	0	7
SCAF_808_region	9784	11743	1.20	0	7
SCAF_809	9773	29205	2.99	0	13
SCAF_809_region	9773	29205	2.99	0	13
SCAF_810	9756	15763	1.62	0	7
SCAF_810_region	9756	15763	1.62	0	7
SCAF_811	9753	44262	4.54	0	134
SCAF_811_region	9753	44262	4.54	0	134
SCAF_812	9719	7187	0.74	0	17
SCAF_812_region	9719	7187	0.74	0	17
SCAF_813	9715	4314	0.44	0	5
SCAF_813_region	9715	4314	0.44	0	5
SCAF_814	9708	47518	4.89	0	16
SCAF_814_region	9708	47518	4.89	0	16
SCAF_815	9700	17453	1.80	0	10
SCAF_815_region	9700	17453	1.80	0	10
SCAF_816	9673	29282	3.03	0	26
SCAF_816_region	9673	29282	3.03	0	26
SCAF_817	9638	15367	1.59	0	13
SCAF_817_region	9638	15367	1.59	0	13
SCAF_818	9601	28780	3.00	0	16
SCAF_818_region	9601	28780	3.00	0	16
SCAF_819	9601	12564	1.31	0	16
SCAF_819_region	9601	12564	1.31	0	16
SCAF_820	9550	584950	61.25	0	216
SCAF_820_region	9550	584950	61.25	0	216
SCAF_821	9533	41376	4.34	0	14
SCAF_821_region	9533	41376	4.34	0	14
SCAF_822	9498	43806	4.61	0	17
SCAF_822_region	9498	43806	4.61	0	17
SCAF_823	9466	2089469	220.73	0	885
SCAF_823_region	9466	2089469	220.73	0	885
SCAF_824	9457	7619	0.81	0	13
SCAF_824_region	9457	7619	0.81	0	13
SCAF_825	9446	6357	0.67	0	7
SCAF_825_region	9446	6357	0.67	0	7
SCAF_826	9385	10267	1.09	0	7
SCAF_826_region	9385	10267	1.09	0	7
SCAF_827	9376	56133	5.99	0	79
SCAF_827_region	9376	56133	5.99	0	79
SCAF_828	9365	56493	6.03	0	24
SCAF_828_region	9365	56493	6.03	0	24
SCAF_829	9320	18555	1.99	0	8
SCAF_829_region	9320	18555	1.99	0	8
SCAF_830	9303	17375	1.87	0	10
SCAF_830_region	9303	17375	1.87	0	10
SCAF_831	9295	18468	1.99	0	16
SCAF_831_region	9295	18468	1.99	0	16
SCAF_832	9282	31778	3.42	0	15
SCAF_832_region	9282	31778	3.42	0	15
SCAF_833	9263	3585	0.39	0	3
SCAF_833_region	9263	3585	0.39	0	3
SCAF_834	9159	124881	13.63	0	501
SCAF_834_region	9159	124881	13.63	0	501
SCAF_835	9159	31745	3.47	0	11
SCAF_835_region	9159	31745	3.47	0	11
SCAF_836	9157	46592	5.09	0	28
SCAF_836_region	9157	46592	5.09	0	28
SCAF_837	9095	2361	0.26	0	7
SCAF_837_region	9095	2361	0.26	0	7
SCAF_838	9078	46552	5.13	0	27
SCAF_838_region	9078	46552	5.13	0	27
SCAF_839	9057	30967	3.42	0	61
SCAF_839_region	9057	30967	3.42	0	61
SCAF_840	9014	36205	4.02	0	12
SCAF_840_region	9014	36205	4.02	0	12
SCAF_841	8986	18996	2.11	0	18
SCAF_841_region	8986	18996	2.11	0	18
SCAF_842	8986	1862	0.21	0	12
SCAF_842_region	8986	1862	0.21	0	12
SCAF_843	8952	1018	0.11	0	4
SCAF_843_region	8952	1018	0.11	0	4
SCAF_844	8935	19011	2.13	0	135
SCAF_844_region	8935	19011	2.13	0	135
SCAF_845	8927	39723	4.45	0	21
SCAF_845_region	8927	39723	4.45	0	21
SCAF_846	8908	98742	11.08	0	202
SCAF_846_region	8908	98742	11.08	0	202
SCAF_847	8868	40262	4.54	0	12
SCAF_847_region	8868	40262	4.54	0	12
SCAF_848	8867	2231	0.25	0	6
SCAF_848_region	8867	2231	0.25	0	6
SCAF_849	8825	40095	4.54	0	37
SCAF_849_region	8825	40095	4.54	0	37
SCAF_850	8771	34532	3.94	0	13
SCAF_850_region	8771	34532	3.94	0	13
SCAF_851	8703	23119	2.66	0	10
SCAF_851_region	8703	23119	2.66	0	10
SCAF_852	8695	372	0.04	0	2
SCAF_852_region	8695	372	0.04	0	2
SCAF_853	8662	604	0.07	0	1
SCAF_853_region	8662	604	0.07	0	1
SCAF_854	8634	2403	0.28	0	2
SCAF_854_region	8634	2403	0.28	0	2
SCAF_855	8630	2661	0.31	0	6
SCAF_855_region	8630	2661	0.31	0	6
SCAF_856	8617	4545745	527.53	2	1151
SCAF_856_region	8617	4545745	527.53	2	1151
SCAF_857	8469	24695	2.92	0	12
SCAF_857_region	8469	24695	2.92	0	12
SCAF_858	8431	31388	3.72	0	19
SCAF_858_region	8431	31388	3.72	0	19
SCAF_859	8397	3754	0.45	0	3
SCAF_859_region	8397	3754	0.45	0	3
SCAF_860	8390	24953	2.97	0	22
SCAF_860_region	8390	24953	2.97	0	22
SCAF_861	8357	21944	2.63	0	9
SCAF_861_region	8357	21944	2.63	0	9
SCAF_862	8342	4916064	589.31	3	4440
SCAF_862_region	8342	4916064	589.31	3	4440
SCAF_863	8337	2041	0.24	0	3
SCAF_863_region	8337	2041	0.24	0	3
SCAF_864	8258	64094	7.76	0	29
SCAF_864_region	8258	64094	7.76	0	29
SCAF_865	8103	15034	1.86	0	7
SCAF_865_region	8103	15034	1.86	0	7
SCAF_866	8034	7420	0.92	0	7
SCAF_866_region	8034	7420	0.92	0	7
SCAF_867	8027	63420	7.90	0	27
SCAF_867_region	8027	63420	7.90	0	27
SCAF_868	8017	46280	5.77	0	22
SCAF_868_region	8017	46280	5.77	0	22
SCAF_869	8015	11883	1.48	0	68
SCAF_869_region	8015	11883	1.48	0	68
SCAF_870	8015	11858	1.48	0	5
SCAF_870_region	8015	11858	1.48	0	5
SCAF_871	8000	1479	0.18	0	2
SCAF_871_region	8000	1479	0.18	0	2
SCAF_872	7790	15671	2.01	0	8
SCAF_872_region	7790	15671	2.01	0	8
SCAF_873	7773	2234	0.29	0	3
SCAF_873_region	7773	2234	0.29	0	3
SCAF_874	7763	16828	2.17	0	20
SCAF_874_region	7763	16828	2.17	0	20
SCAF_875	7721	12947	1.68	0	6
SCAF_875_region	7721	12947	1.68	0	6
SCAF_876	7701	7662	0.99	0	5
SCAF_876_region	7701	7662	0.99	0	5
SCAF_877	7680	1317	0.17	0	3
SCAF_877_region	7680	1317	0.17	0	3
SCAF_878	7622	16938	2.22	0	8
SCAF_878_region	7622	16938	2.22	0	8
SCAF_879	7582	24534	3.24	0	11
SCAF_879_region	7582	24534	3.24	0	11
SCAF_880	7559	7440	0.98	0	7
SCAF_880_region	7559	7440	0.98	0	7
SCAF_881	7416	399975	53.93	0	451
SCAF_881_region	7416	399975	53.93	0	451
SCAF_882	7394	11023	1.49	0	9
SCAF_882_region	7394	11023	1.49	0	9
SCAF_883	7363	37355	5.07	0	12
SCAF_883_region	7363	37355	5.07	0	12
SCAF_884	7338	22559	3.07	0	11
SCAF_884_region	7338	22559	3.07	0	11
SCAF_885	7324	11917	1.63	0	5
SCAF_885_region	7324	11917	1.63	0	5
SCAF_886	7276	15920	2.19	0	26
SCAF_886_region	7276	15920	2.19	0	26
SCAF_887	7242	5181	0.72	0	6
SCAF_887_region	7242	5181	0.72	0	6
SCAF_888	7231	39213	5.42	0	14
SCAF_888_region	7231	39213	5.42	0	14
SCAF_889	7198	1867	0.26	0	3
SCAF_889_region	7198	1867	0.26	0	3
SCAF_890	7142	12431	1.74	0	9
SCAF_890_region	7142	12431	1.74	0	9
SCAF_891	7028	31876	4.54	0	15
SCAF_891_region	7028	31876	4.54	0	15
SCAF_892	7025	31302	4.46	0	11
SCAF_892_region	7025	31302	4.46	0	11
SCAF_893	7015	11551	1.65	0	9
SCAF_893_region	7015	11551	1.65	0	9
SCAF_894	6958	18067	2.60	0	11
SCAF_894_region	6958	18067	2.60	0	11
SCAF_895	6948	26619	3.83	0	12
SCAF_895_region	6948	26619	3.83	0	12
SCAF_896	6829	2292371	335.68	2	606
SCAF_896_region	6829	2292371	335.68	2	606
SCAF_897	6804	9862	1.45	0	7
SCAF_897_region	6804	9862	1.45	0	7
SCAF_898	6754	1724	0.26	0	11
SCAF_898_region	6754	1724	0.26	0	11
SCAF_899	6732	16181	2.40	0	8
SCAF_899_region	6732	16181	2.40	0	8
SCAF_900	6698	21156	3.16	0	28
SCAF_900_region	6698	21156	3.16	0	28
SCAF_901	6642	6847	1.03	0	7
SCAF_901_region	6642	6847	1.03	0	7
SCAF_902	6588	3864	0.59	0	7
SCAF_902_region	6588	3864	0.59	0	7
SCAF_903	6549	12144	1.85	0	8
SCAF_903_region	6549	12144	1.85	0	8
SCAF_904	6496	24675	3.80	0	12
SCAF_904_region	6496	24675	3.80	0	12
SCAF_905	6483	2710	0.42	0	3
SCAF_905_region	6483	2710	0.42	0	3
SCAF_906	6367	1843	0.29	0	2
SCAF_906_region	6367	1843	0.29	0	2
SCAF_907	6367	7813	1.23	0	17
SCAF_907_region	6367	7813	1.23	0	17
SCAF_908	6228	1118195	179.54	0	683
SCAF_908_region	6228	1118195	179.54	0	683
SCAF_909	6173	41177	6.67	0	68
SCAF_909_region	6173	41177	6.67	0	68
SCAF_910	6170	1695	0.27	0	5
SCAF_910_region	6170	1695	0.27	0	5
SCAF_911	6077	10296	1.69	0	12
SCAF_911_region	6077	10296	1.69	0	12
SCAF_912	6073	30693	5.05	0	26
SCAF_912_region	6073	30693	5.05	0	26
SCAF_913	6059	2919988	481.93	0	724
SCAF_913_region	6059	2919988	481.93	0	724
SCAF_914	6001	13440	2.24	0	8
SCAF_914_region	6001	13440	2.24	0	8
SCAF_915	5869	694783	118.38	0	1196
SCAF_915_region	5869	694783	118.38	0	1196
SCAF_916	5803	7586	1.31	0	9
SCAF_916_region	5803	7586	1.31	0	9
SCAF_917	5661	58287	10.30	0	40
SCAF_917_region	5661	58287	10.30	0	40
SCAF_918	5277	22740	4.31	0	12
SCAF_918_region	5277	22740	4.31	0	12
total	51514314	6595225674	128.03	0	334109
total_region	51514314	6595225674	128.03	0	334109
