chrom	length	bases	mean	min	max
SCAF_1	5574741	276875560	49.67	0	5269
SCAF_1_region	5574741	276875560	49.67	0	5269
SCAF_2	4079479	203058249	49.78	0	2413
SCAF_2_region	4079479	203058249	49.78	0	2413
SCAF_3	3666439	183564081	50.07	0	4877
SCAF_3_region	3666439	183564081	50.07	0	4877
SCAF_4	2601389	148761655	57.19	0	4414
SCAF_4_region	2601389	148761655	57.19	0	4414
SCAF_5	2032088	102513304	50.45	0	10130
SCAF_5_region	2032088	102513304	50.45	0	10130
SCAF_6	1976889	108295212	54.78	0	1578
SCAF_6_region	1976889	108295212	54.78	0	1578
SCAF_7	1932263	100148756	51.83	0	3679
SCAF_7_region	1932263	100148756	51.83	0	3679
SCAF_8	1669080	77630754	46.51	0	2253
SCAF_8_region	1669080	77630754	46.51	0	2253
SCAF_9	1646134	80693969	49.02	0	1984
SCAF_9_region	1646134	80693969	49.02	0	1984
SCAF_10	1570817	80586485	51.30	0	6037
SCAF_10_region	1570817	80586485	51.30	0	6037
SCAF_11	1437752	77199527	53.69	0	1047
SCAF_11_region	1437752	77199527	53.69	0	1047
SCAF_12	978195	61956715	63.34	0	162258
SCAF_12_region	978195	61956715	63.34	0	162258
SCAF_13	598471	5532245	9.24	0	2099
SCAF_13_region	598471	5532245	9.24	0	2099
SCAF_14	247525	54362351	219.62	0	3252
SCAF_14_region	247525	54362351	219.62	0	3252
SCAF_15	224905	1833957	8.15	0	142
SCAF_15_region	224905	1833957	8.15	0	142
SCAF_16	181804	578156	3.18	0	2635
SCAF_16_region	181804	578156	3.18	0	2635
SCAF_17	176395	1456108	8.25	0	36
SCAF_17_region	176395	1456108	8.25	0	36
SCAF_18	160122	692557	4.33	0	224
SCAF_18_region	160122	692557	4.33	0	224
SCAF_19	139354	425916	3.06	0	57
SCAF_19_region	139354	425916	3.06	0	57
SCAF_20	131876	1125249	8.53	0	105
SCAF_20_region	131876	1125249	8.53	0	105
SCAF_21	130124	1147928	8.82	0	300
SCAF_21_region	130124	1147928	8.82	0	300
SCAF_22	121580	1085901	8.93	0	34
SCAF_22_region	121580	1085901	8.93	0	34
SCAF_23	117381	861005	7.34	0	82
SCAF_23_region	117381	861005	7.34	0	82
SCAF_24	115879	679572	5.86	0	38
SCAF_24_region	115879	679572	5.86	0	38
SCAF_25	115495	778109	6.74	0	61
SCAF_25_region	115495	778109	6.74	0	61
SCAF_26	113072	859571	7.60	0	73
SCAF_26_region	113072	859571	7.60	0	73
SCAF_27	110609	2542745	22.99	0	934
SCAF_27_region	110609	2542745	22.99	0	934
SCAF_28	109542	418968	3.82	0	99
SCAF_28_region	109542	418968	3.82	0	99
SCAF_29	108319	4731985	43.69	0	1089
SCAF_29_region	108319	4731985	43.69	0	1089
SCAF_30	107902	543534	5.04	0	477
SCAF_30_region	107902	543534	5.04	0	477
SCAF_31	106626	404879	3.80	0	310
SCAF_31_region	106626	404879	3.80	0	310
SCAF_32	102192	414695	4.06	0	310
SCAF_32_region	102192	414695	4.06	0	310
SCAF_33	98221	876505	8.92	0	28
SCAF_33_region	98221	876505	8.92	0	28
SCAF_34	97882	1034731	10.57	0	33
SCAF_34_region	97882	1034731	10.57	0	33
SCAF_35	95705	205906	2.15	0	343
SCAF_35_region	95705	205906	2.15	0	343
SCAF_36	94431	719045	7.61	0	63
SCAF_36_region	94431	719045	7.61	0	63
SCAF_37	92851	425004	4.58	0	96
SCAF_37_region	92851	425004	4.58	0	96
SCAF_38	89142	932504	10.46	0	280
SCAF_38_region	89142	932504	10.46	0	280
SCAF_39	88257	503053	5.70	0	43
SCAF_39_region	88257	503053	5.70	0	43
SCAF_40	85354	886435	10.39	0	228
SCAF_40_region	85354	886435	10.39	0	228
SCAF_41	82239	651395	7.92	0	58
SCAF_41_region	82239	651395	7.92	0	58
SCAF_42	77162	533614	6.92	0	140
SCAF_42_region	77162	533614	6.92	0	140
SCAF_43	76714	667487	8.70	0	39
SCAF_43_region	76714	667487	8.70	0	39
SCAF_44	76272	651237	8.54	0	655
SCAF_44_region	76272	651237	8.54	0	655
SCAF_45	73110	9748	0.13	0	40
SCAF_45_region	73110	9748	0.13	0	40
SCAF_46	72118	779160	10.80	0	30
SCAF_46_region	72118	779160	10.80	0	30
SCAF_47	70166	531290	7.57	0	25
SCAF_47_region	70166	531290	7.57	0	25
SCAF_48	69627	777103	11.16	0	71
SCAF_48_region	69627	777103	11.16	0	71
SCAF_49	69624	183182	2.63	0	87
SCAF_49_region	69624	183182	2.63	0	87
SCAF_50	68258	635149	9.31	0	30
SCAF_50_region	68258	635149	9.31	0	30
SCAF_51	66966	514992	7.69	0	45
SCAF_51_region	66966	514992	7.69	0	45
SCAF_52	66855	212468	3.18	0	36
SCAF_52_region	66855	212468	3.18	0	36
SCAF_53	65552	209895	3.20	0	33
SCAF_53_region	65552	209895	3.20	0	33
SCAF_54	65267	269308	4.13	0	65
SCAF_54_region	65267	269308	4.13	0	65
SCAF_55	65114	292994	4.50	0	30
SCAF_55_region	65114	292994	4.50	0	30
SCAF_56	62812	240432	3.83	0	132
SCAF_56_region	62812	240432	3.83	0	132
SCAF_57	62187	125438	2.02	0	53
SCAF_57_region	62187	125438	2.02	0	53
SCAF_58	61544	262494	4.27	0	361
SCAF_58_region	61544	262494	4.27	0	361
SCAF_59	61533	188946	3.07	0	67
SCAF_59_region	61533	188946	3.07	0	67
SCAF_60	61411	878565	14.31	0	1766
SCAF_60_region	61411	878565	14.31	0	1766
SCAF_61	61115	682488	11.17	0	28
SCAF_61_region	61115	682488	11.17	0	28
SCAF_62	59972	64490	1.08	0	88
SCAF_62_region	59972	64490	1.08	0	88
SCAF_63	59743	77425	1.30	0	193
SCAF_63_region	59743	77425	1.30	0	193
SCAF_64	58841	46569	0.79	0	36
SCAF_64_region	58841	46569	0.79	0	36
SCAF_65	58838	213508	3.63	0	41
SCAF_65_region	58838	213508	3.63	0	41
SCAF_66	58483	144632	2.47	0	98
SCAF_66_region	58483	144632	2.47	0	98
SCAF_67	57162	365959	6.40	0	96
SCAF_67_region	57162	365959	6.40	0	96
SCAF_68	56404	128729	2.28	0	80
SCAF_68_region	56404	128729	2.28	0	80
SCAF_69	55942	103014	1.84	0	8
SCAF_69_region	55942	103014	1.84	0	8
SCAF_70	55722	612950	11.00	0	32
SCAF_70_region	55722	612950	11.00	0	32
SCAF_71	55604	546910	9.84	0	29
SCAF_71_region	55604	546910	9.84	0	29
SCAF_72	54709	4448	0.08	0	20
SCAF_72_region	54709	4448	0.08	0	20
SCAF_73	52157	2854	0.05	0	7
SCAF_73_region	52157	2854	0.05	0	7
SCAF_74	52077	468256	8.99	0	29
SCAF_74_region	52077	468256	8.99	0	29
SCAF_75	51185	342089	6.68	0	97
SCAF_75_region	51185	342089	6.68	0	97
SCAF_76	50428	3870880	76.76	0	1030
SCAF_76_region	50428	3870880	76.76	0	1030
SCAF_77	50384	64676	1.28	0	24
SCAF_77_region	50384	64676	1.28	0	24
SCAF_78	49366	516161	10.46	0	27
SCAF_78_region	49366	516161	10.46	0	27
SCAF_79	49160	152915	3.11	0	112
SCAF_79_region	49160	152915	3.11	0	112
SCAF_80	48966	373738	7.63	0	25
SCAF_80_region	48966	373738	7.63	0	25
SCAF_81	48848	42725	0.87	0	13
SCAF_81_region	48848	42725	0.87	0	13
SCAF_82	48542	455269	9.38	0	197
SCAF_82_region	48542	455269	9.38	0	197
SCAF_83	48542	3041	0.06	0	18
SCAF_83_region	48542	3041	0.06	0	18
SCAF_84	47775	61298	1.28	0	23
SCAF_84_region	47775	61298	1.28	0	23
SCAF_85	47318	498368	10.53	0	32
SCAF_85_region	47318	498368	10.53	0	32
SCAF_86	46994	443434	9.44	0	24
SCAF_86_region	46994	443434	9.44	0	24
SCAF_87	46805	469051	10.02	0	145
SCAF_87_region	46805	469051	10.02	0	145
SCAF_88	46738	97740	2.09	0	10
SCAF_88_region	46738	97740	2.09	0	10
SCAF_89	46547	312356	6.71	0	25
SCAF_89_region	46547	312356	6.71	0	25
SCAF_90	46221	54393	1.18	0	38
SCAF_90_region	46221	54393	1.18	0	38
SCAF_91	44916	475208	10.58	0	31
SCAF_91_region	44916	475208	10.58	0	31
SCAF_92	44616	6139404	137.61	0	2547
SCAF_92_region	44616	6139404	137.61	0	2547
SCAF_93	44136	59344	1.34	0	16
SCAF_93_region	44136	59344	1.34	0	16
SCAF_94	43913	96475	2.20	0	59
SCAF_94_region	43913	96475	2.20	0	59
SCAF_95	43808	53292	1.22	0	17
SCAF_95_region	43808	53292	1.22	0	17
SCAF_96	43342	154165	3.56	0	29
SCAF_96_region	43342	154165	3.56	0	29
SCAF_97	43038	3605815	83.78	0	1690
SCAF_97_region	43038	3605815	83.78	0	1690
SCAF_98	42896	48248	1.12	0	42
SCAF_98_region	42896	48248	1.12	0	42
SCAF_99	42178	200743	4.76	0	25
SCAF_99_region	42178	200743	4.76	0	25
SCAF_100	41993	42078	1.00	0	25
SCAF_100_region	41993	42078	1.00	0	25
SCAF_101	41585	331469	7.97	0	28
SCAF_101_region	41585	331469	7.97	0	28
SCAF_102	41267	4601174	111.50	0	327
SCAF_102_region	41267	4601174	111.50	0	327
SCAF_103	41164	38591	0.94	0	15
SCAF_103_region	41164	38591	0.94	0	15
SCAF_104	40984	54910	1.34	0	7
SCAF_104_region	40984	54910	1.34	0	7
SCAF_105	40971	144435	3.53	0	27
SCAF_105_region	40971	144435	3.53	0	27
SCAF_106	40689	321103	7.89	0	28
SCAF_106_region	40689	321103	7.89	0	28
SCAF_107	40038	219581	5.48	0	91
SCAF_107_region	40038	219581	5.48	0	91
SCAF_108	39998	156467	3.91	0	62
SCAF_108_region	39998	156467	3.91	0	62
SCAF_109	39904	32728	0.82	0	11
SCAF_109_region	39904	32728	0.82	0	11
SCAF_110	39605	159565	4.03	0	43
SCAF_110_region	39605	159565	4.03	0	43
SCAF_111	39279	71592	1.82	0	79
SCAF_111_region	39279	71592	1.82	0	79
SCAF_112	39164	4441949	113.42	0	382
SCAF_112_region	39164	4441949	113.42	0	382
SCAF_113	39049	62057	1.59	0	15
SCAF_113_region	39049	62057	1.59	0	15
SCAF_114	38983	73585	1.89	0	24
SCAF_114_region	38983	73585	1.89	0	24
SCAF_115	38824	1050530	27.06	0	627
SCAF_115_region	38824	1050530	27.06	0	627
SCAF_116	37823	43326	1.15	0	28
SCAF_116_region	37823	43326	1.15	0	28
SCAF_117	37728	4702340	124.64	0	1088
SCAF_117_region	37728	4702340	124.64	0	1088
SCAF_118	37705	329903	8.75	0	23
SCAF_118_region	37705	329903	8.75	0	23
SCAF_119	37514	282207	7.52	0	58
SCAF_119_region	37514	282207	7.52	0	58
SCAF_120	37456	2617148	69.87	0	327
SCAF_120_region	37456	2617148	69.87	0	327
SCAF_121	37441	2937380	78.45	0	396
SCAF_121_region	37441	2937380	78.45	0	396
SCAF_122	37347	330554	8.85	0	279
SCAF_122_region	37347	330554	8.85	0	279
SCAF_123	37222	5637	0.15	0	6
SCAF_123_region	37222	5637	0.15	0	6
SCAF_124	36961	92213	2.49	0	213
SCAF_124_region	36961	92213	2.49	0	213
SCAF_125	36710	55694	1.52	0	13
SCAF_125_region	36710	55694	1.52	0	13
SCAF_126	36614	30114	0.82	0	9
SCAF_126_region	36614	30114	0.82	0	9
SCAF_127	36584	321517	8.79	0	32
SCAF_127_region	36584	321517	8.79	0	32
SCAF_128	36068	428370	11.88	0	32
SCAF_128_region	36068	428370	11.88	0	32
SCAF_129	35972	338780	9.42	0	25
SCAF_129_region	35972	338780	9.42	0	25
SCAF_130	35925	303728	8.45	0	35
SCAF_130_region	35925	303728	8.45	0	35
SCAF_131	35704	2319	0.06	0	5
SCAF_131_region	35704	2319	0.06	0	5
SCAF_132	35264	277315	7.86	0	21
SCAF_132_region	35264	277315	7.86	0	21
SCAF_133	35121	4510409	128.42	0	1694
SCAF_133_region	35121	4510409	128.42	0	1694
SCAF_134	35117	83196	2.37	0	20
SCAF_134_region	35117	83196	2.37	0	20
SCAF_135	34903	1646	0.05	0	5
SCAF_135_region	34903	1646	0.05	0	5
SCAF_136	34900	3419576	97.98	0	381
SCAF_136_region	34900	3419576	97.98	0	381
SCAF_137	34765	39679	1.14	0	6
SCAF_137_region	34765	39679	1.14	0	6
SCAF_138	34687	30706	0.89	0	261
SCAF_138_region	34687	30706	0.89	0	261
SCAF_139	34615	236562	6.83	0	24
SCAF_139_region	34615	236562	6.83	0	24
SCAF_140	34599	3719029	107.49	0	516
SCAF_140_region	34599	3719029	107.49	0	516
SCAF_141	34497	3221136	93.37	0	3150
SCAF_141_region	34497	3221136	93.37	0	3150
SCAF_142	34440	3269418	94.93	0	340
SCAF_142_region	34440	3269418	94.93	0	340
SCAF_143	34384	2836	0.08	0	8
SCAF_143_region	34384	2836	0.08	0	8
SCAF_144	34330	51589	1.50	0	19
SCAF_144_region	34330	51589	1.50	0	19
SCAF_145	34087	176230	5.17	0	32
SCAF_145_region	34087	176230	5.17	0	32
SCAF_146	33692	290569	8.62	0	32
SCAF_146_region	33692	290569	8.62	0	32
SCAF_147	33483	3152777	94.16	0	410
SCAF_147_region	33483	3152777	94.16	0	410
SCAF_148	33469	99714	2.98	0	47
SCAF_148_region	33469	99714	2.98	0	47
SCAF_149	33420	2824411	84.51	0	2119
SCAF_149_region	33420	2824411	84.51	0	2119
SCAF_150	33347	35500	1.06	0	21
SCAF_150_region	33347	35500	1.06	0	21
SCAF_151	33283	42122	1.27	0	13
SCAF_151_region	33283	42122	1.27	0	13
SCAF_152	33266	2908	0.09	0	7
SCAF_152_region	33266	2908	0.09	0	7
SCAF_153	33237	22054	0.66	0	6
SCAF_153_region	33237	22054	0.66	0	6
SCAF_154	33139	60638	1.83	0	120
SCAF_154_region	33139	60638	1.83	0	120
SCAF_155	33127	5006727	151.14	0	736
SCAF_155_region	33127	5006727	151.14	0	736
SCAF_156	32748	51359	1.57	0	25
SCAF_156_region	32748	51359	1.57	0	25
SCAF_157	32666	107507	3.29	0	172
SCAF_157_region	32666	107507	3.29	0	172
SCAF_158	32618	2294	0.07	0	5
SCAF_158_region	32618	2294	0.07	0	5
SCAF_159	32358	2766	0.09	0	5
SCAF_159_region	32358	2766	0.09	0	5
SCAF_160	32136	56450	1.76	0	9
SCAF_160_region	32136	56450	1.76	0	9
SCAF_161	32035	50188	1.57	0	30
SCAF_161_region	32035	50188	1.57	0	30
SCAF_162	31954	118755	3.72	0	132
SCAF_162_region	31954	118755	3.72	0	132
SCAF_163	31782	42276	1.33	0	10
SCAF_163_region	31782	42276	1.33	0	10
SCAF_164	31669	2395	0.08	0	7
SCAF_164_region	31669	2395	0.08	0	7
SCAF_165	31629	342502	10.83	0	25
SCAF_165_region	31629	342502	10.83	0	25
SCAF_166	31581	2982	0.09	0	8
SCAF_166_region	31581	2982	0.09	0	8
SCAF_167	31556	91182	2.89	0	50
SCAF_167_region	31556	91182	2.89	0	50
SCAF_168	31421	59773	1.90	0	18
SCAF_168_region	31421	59773	1.90	0	18
SCAF_169	31314	4358	0.14	0	7
SCAF_169_region	31314	4358	0.14	0	7
SCAF_170	31127	17996	0.58	0	6
SCAF_170_region	31127	17996	0.58	0	6
SCAF_171	31061	3302397	106.32	0	488
SCAF_171_region	31061	3302397	106.32	0	488
SCAF_172	31059	3397	0.11	0	6
SCAF_172_region	31059	3397	0.11	0	6
SCAF_173	30866	58484	1.89	0	23
SCAF_173_region	30866	58484	1.89	0	23
SCAF_174	30739	3687977	119.98	0	1022
SCAF_174_region	30739	3687977	119.98	0	1022
SCAF_175	30330	53095	1.75	0	23
SCAF_175_region	30330	53095	1.75	0	23
SCAF_176	30301	715098	23.60	0	844
SCAF_176_region	30301	715098	23.60	0	844
SCAF_177	30226	93170	3.08	0	57
SCAF_177_region	30226	93170	3.08	0	57
SCAF_178	30187	87086	2.88	0	49
SCAF_178_region	30187	87086	2.88	0	49
SCAF_179	30183	48073	1.59	0	10
SCAF_179_region	30183	48073	1.59	0	10
SCAF_180	30131	199169	6.61	0	60
SCAF_180_region	30131	199169	6.61	0	60
SCAF_181	30071	57298	1.91	0	35
SCAF_181_region	30071	57298	1.91	0	35
SCAF_182	30032	59765	1.99	0	16
SCAF_182_region	30032	59765	1.99	0	16
SCAF_183	30005	14798	0.49	0	14
SCAF_183_region	30005	14798	0.49	0	14
SCAF_184	29541	204534	6.92	0	676
SCAF_184_region	29541	204534	6.92	0	676
SCAF_185	29415	17624	0.60	0	12
SCAF_185_region	29415	17624	0.60	0	12
SCAF_186	29375	40512	1.38	0	8
SCAF_186_region	29375	40512	1.38	0	8
SCAF_187	29360	59498	2.03	0	39
SCAF_187_region	29360	59498	2.03	0	39
SCAF_188	29327	247829	8.45	0	22
SCAF_188_region	29327	247829	8.45	0	22
SCAF_189	29236	50882	1.74	0	37
SCAF_189_region	29236	50882	1.74	0	37
SCAF_190	29216	24212	0.83	0	35
SCAF_190_region	29216	24212	0.83	0	35
SCAF_191	29200	17343	0.59	0	9
SCAF_191_region	29200	17343	0.59	0	9
SCAF_192	29083	2848158	97.93	0	350
SCAF_192_region	29083	2848158	97.93	0	350
SCAF_193	29081	80573	2.77	0	74
SCAF_193_region	29081	80573	2.77	0	74
SCAF_194	28863	1623165	56.24	0	291
SCAF_194_region	28863	1623165	56.24	0	291
SCAF_195	28688	22440	0.78	0	25
SCAF_195_region	28688	22440	0.78	0	25
SCAF_196	28688	189658	6.61	0	340
SCAF_196_region	28688	189658	6.61	0	340
SCAF_197	28670	62267	2.17	0	58
SCAF_197_region	28670	62267	2.17	0	58
SCAF_198	28585	199736	6.99	0	24
SCAF_198_region	28585	199736	6.99	0	24
SCAF_199	28585	89657	3.14	0	147
SCAF_199_region	28585	89657	3.14	0	147
SCAF_200	28563	56278	1.97	0	15
SCAF_200_region	28563	56278	1.97	0	15
SCAF_201	28551	24507	0.86	0	13
SCAF_201_region	28551	24507	0.86	0	13
SCAF_202	28219	34233	1.21	0	15
SCAF_202_region	28219	34233	1.21	0	15
SCAF_203	28217	90888	3.22	0	52
SCAF_203_region	28217	90888	3.22	0	52
SCAF_204	28187	59873	2.12	0	401
SCAF_204_region	28187	59873	2.12	0	401
SCAF_205	28138	2615	0.09	0	5
SCAF_205_region	28138	2615	0.09	0	5
SCAF_206	28111	18827	0.67	0	12
SCAF_206_region	28111	18827	0.67	0	12
SCAF_207	27959	262766	9.40	0	29
SCAF_207_region	27959	262766	9.40	0	29
SCAF_208	27935	2404216	86.06	0	896
SCAF_208_region	27935	2404216	86.06	0	896
SCAF_209	27830	41265	1.48	0	8
SCAF_209_region	27830	41265	1.48	0	8
SCAF_210	27781	5688	0.20	0	6
SCAF_210_region	27781	5688	0.20	0	6
SCAF_211	27774	294180	10.59	0	25
SCAF_211_region	27774	294180	10.59	0	25
SCAF_212	27772	84913	3.06	0	31
SCAF_212_region	27772	84913	3.06	0	31
SCAF_213	27728	43187	1.56	0	50
SCAF_213_region	27728	43187	1.56	0	50
SCAF_214	27690	38849	1.40	0	8
SCAF_214_region	27690	38849	1.40	0	8
SCAF_215	27659	3402188	123.00	0	395
SCAF_215_region	27659	3402188	123.00	0	395
SCAF_216	27637	107262	3.88	0	112
SCAF_216_region	27637	107262	3.88	0	112
SCAF_217	27634	27007	0.98	0	13
SCAF_217_region	27634	27007	0.98	0	13
SCAF_218	27594	250138	9.06	0	49
SCAF_218_region	27594	250138	9.06	0	49
SCAF_219	27563	2395	0.09	0	3
SCAF_219_region	27563	2395	0.09	0	3
SCAF_220	27545	275300	9.99	0	30
SCAF_220_region	27545	275300	9.99	0	30
SCAF_221	27530	45657	1.66	0	10
SCAF_221_region	27530	45657	1.66	0	10
SCAF_222	27515	10318	0.37	0	7
SCAF_222_region	27515	10318	0.37	0	7
SCAF_223	27476	21444	0.78	0	19
SCAF_223_region	27476	21444	0.78	0	19
SCAF_224	27450	4238	0.15	0	6
SCAF_224_region	27450	4238	0.15	0	6
SCAF_225	27344	25277	0.92	0	8
SCAF_225_region	27344	25277	0.92	0	8
SCAF_226	27270	325936	11.95	0	191
SCAF_226_region	27270	325936	11.95	0	191
SCAF_227	27232	30678	1.13	0	16
SCAF_227_region	27232	30678	1.13	0	16
SCAF_228	27189	186856	6.87	0	153
SCAF_228_region	27189	186856	6.87	0	153
SCAF_229	27037	27906	1.03	0	25
SCAF_229_region	27037	27906	1.03	0	25
SCAF_230	26948	210566	7.81	0	75
SCAF_230_region	26948	210566	7.81	0	75
SCAF_231	26899	28510	1.06	0	8
SCAF_231_region	26899	28510	1.06	0	8
SCAF_232	26856	30314	1.13	0	8
SCAF_232_region	26856	30314	1.13	0	8
SCAF_233	26767	53645	2.00	0	44
SCAF_233_region	26767	53645	2.00	0	44
SCAF_234	26700	2772619	103.84	0	502
SCAF_234_region	26700	2772619	103.84	0	502
SCAF_235	26660	4384439	164.46	0	947
SCAF_235_region	26660	4384439	164.46	0	947
SCAF_236	26499	18726	0.71	0	7
SCAF_236_region	26499	18726	0.71	0	7
SCAF_237	26482	100195	3.78	0	17
SCAF_237_region	26482	100195	3.78	0	17
SCAF_238	26369	27191	1.03	0	13
SCAF_238_region	26369	27191	1.03	0	13
SCAF_239	26171	34344	1.31	0	6
SCAF_239_region	26171	34344	1.31	0	6
SCAF_240	26148	37927	1.45	0	27
SCAF_240_region	26148	37927	1.45	0	27
SCAF_241	26131	198405	7.59	0	26
SCAF_241_region	26131	198405	7.59	0	26
SCAF_242	26114	2565	0.10	0	5
SCAF_242_region	26114	2565	0.10	0	5
SCAF_243	26085	21877	0.84	0	8
SCAF_243_region	26085	21877	0.84	0	8
SCAF_244	26060	846	0.03	0	3
SCAF_244_region	26060	846	0.03	0	3
SCAF_245	25968	9363	0.36	0	152
SCAF_245_region	25968	9363	0.36	0	152
SCAF_246	25946	2305713	88.87	0	335
SCAF_246_region	25946	2305713	88.87	0	335
SCAF_247	25940	259579	10.01	0	32
SCAF_247_region	25940	259579	10.01	0	32
SCAF_248	25895	24157	0.93	0	12
SCAF_248_region	25895	24157	0.93	0	12
SCAF_249	25885	44833	1.73	0	9
SCAF_249_region	25885	44833	1.73	0	9
SCAF_250	25884	183500	7.09	0	23
SCAF_250_region	25884	183500	7.09	0	23
SCAF_251	25874	25947	1.00	0	22
SCAF_251_region	25874	25947	1.00	0	22
SCAF_252	25864	2257	0.09	0	3
SCAF_252_region	25864	2257	0.09	0	3
SCAF_253	25825	35936	1.39	0	13
SCAF_253_region	25825	35936	1.39	0	13
SCAF_254	25798	45901	1.78	0	43
SCAF_254_region	25798	45901	1.78	0	43
SCAF_255	25728	13429	0.52	0	4
SCAF_255_region	25728	13429	0.52	0	4
SCAF_256	25725	31339	1.22	0	13
SCAF_256_region	25725	31339	1.22	0	13
SCAF_257	25720	117024	4.55	0	17
SCAF_257_region	25720	117024	4.55	0	17
SCAF_258	25700	37798	1.47	0	152
SCAF_258_region	25700	37798	1.47	0	152
SCAF_259	25645	43991	1.72	0	53
SCAF_259_region	25645	43991	1.72	0	53
SCAF_260	25595	126346	4.94	0	24
SCAF_260_region	25595	126346	4.94	0	24
SCAF_261	25593	45073	1.76	0	8
SCAF_261_region	25593	45073	1.76	0	8
SCAF_262	25592	27280	1.07	0	6
SCAF_262_region	25592	27280	1.07	0	6
SCAF_263	25481	83328	3.27	0	38
SCAF_263_region	25481	83328	3.27	0	38
SCAF_264	25444	255979	10.06	0	26
SCAF_264_region	25444	255979	10.06	0	26
SCAF_265	25436	1591	0.06	0	8
SCAF_265_region	25436	1591	0.06	0	8
SCAF_266	25377	93645	3.69	0	26
SCAF_266_region	25377	93645	3.69	0	26
SCAF_267	25340	255645	10.09	0	41
SCAF_267_region	25340	255645	10.09	0	41
SCAF_268	25329	37403	1.48	0	22
SCAF_268_region	25329	37403	1.48	0	22
SCAF_269	25264	23740	0.94	0	14
SCAF_269_region	25264	23740	0.94	0	14
SCAF_270	25225	2444	0.10	0	10
SCAF_270_region	25225	2444	0.10	0	10
SCAF_271	25206	17026	0.68	0	18
SCAF_271_region	25206	17026	0.68	0	18
SCAF_272	25161	43847	1.74	0	20
SCAF_272_region	25161	43847	1.74	0	20
SCAF_273	25090	21432	0.85	0	11
SCAF_273_region	25090	21432	0.85	0	11
SCAF_274	24834	637	0.03	0	2
SCAF_274_region	24834	637	0.03	0	2
SCAF_275	24832	841537	33.89	0	649
SCAF_275_region	24832	841537	33.89	0	649
SCAF_276	24811	110611	4.46	0	45
SCAF_276_region	24811	110611	4.46	0	45
SCAF_277	24713	284030	11.49	0	163
SCAF_277_region	24713	284030	11.49	0	163
SCAF_278	24673	10422	0.42	0	9
SCAF_278_region	24673	10422	0.42	0	9
SCAF_279	24542	33404	1.36	0	9
SCAF_279_region	24542	33404	1.36	0	9
SCAF_280	24528	34403	1.40	0	20
SCAF_280_region	24528	34403	1.40	0	20
SCAF_281	24435	2464	0.10	0	6
SCAF_281_region	24435	2464	0.10	0	6
SCAF_282	24359	3317	0.14	0	4
SCAF_282_region	24359	3317	0.14	0	4
SCAF_283	24173	160462	6.64	0	25
SCAF_283_region	24173	160462	6.64	0	25
SCAF_284	24152	2013940	83.39	0	336
SCAF_284_region	24152	2013940	83.39	0	336
SCAF_285	24110	2721	0.11	0	64
SCAF_285_region	24110	2721	0.11	0	64
SCAF_286	24066	318477	13.23	0	701
SCAF_286_region	24066	318477	13.23	0	701
SCAF_287	23981	16666	0.69	0	23
SCAF_287_region	23981	16666	0.69	0	23
SCAF_288	23980	13151	0.55	0	7
SCAF_288_region	23980	13151	0.55	0	7
SCAF_289	23950	36369	1.52	0	18
SCAF_289_region	23950	36369	1.52	0	18
SCAF_290	23945	55649	2.32	0	23
SCAF_290_region	23945	55649	2.32	0	23
SCAF_291	23886	6980	0.29	0	8
SCAF_291_region	23886	6980	0.29	0	8
SCAF_292	23860	42037	1.76	0	20
SCAF_292_region	23860	42037	1.76	0	20
SCAF_293	23814	29371	1.23	0	7
SCAF_293_region	23814	29371	1.23	0	7
SCAF_294	23796	1973	0.08	0	4
SCAF_294_region	23796	1973	0.08	0	4
SCAF_295	23767	46565	1.96	0	36
SCAF_295_region	23767	46565	1.96	0	36
SCAF_296	23762	784927	33.03	0	7821
SCAF_296_region	23762	784927	33.03	0	7821
SCAF_297	23695	120639	5.09	0	65
SCAF_297_region	23695	120639	5.09	0	65
SCAF_298	23666	2407	0.10	0	4
SCAF_298_region	23666	2407	0.10	0	4
SCAF_299	23648	145852	6.17	0	812
SCAF_299_region	23648	145852	6.17	0	812
SCAF_300	23643	3194377	135.11	0	839
SCAF_300_region	23643	3194377	135.11	0	839
SCAF_301	23638	9056	0.38	0	10
SCAF_301_region	23638	9056	0.38	0	10
SCAF_302	23633	3123	0.13	0	6
SCAF_302_region	23633	3123	0.13	0	6
SCAF_303	23629	36453	1.54	0	11
SCAF_303_region	23629	36453	1.54	0	11
SCAF_304	23571	145645	6.18	0	58
SCAF_304_region	23571	145645	6.18	0	58
SCAF_305	23555	105141	4.46	0	22
SCAF_305_region	23555	105141	4.46	0	22
SCAF_306	23322	61352	2.63	0	29
SCAF_306_region	23322	61352	2.63	0	29
SCAF_307	23295	2067	0.09	0	3
SCAF_307_region	23295	2067	0.09	0	3
SCAF_308	23075	2214996	95.99	0	1524
SCAF_308_region	23075	2214996	95.99	0	1524
SCAF_309	23057	22100	0.96	0	10
SCAF_309_region	23057	22100	0.96	0	10
SCAF_310	23011	37237	1.62	0	10
SCAF_310_region	23011	37237	1.62	0	10
SCAF_311	22999	2467	0.11	0	43
SCAF_311_region	22999	2467	0.11	0	43
SCAF_312	22896	37449	1.64	0	15
SCAF_312_region	22896	37449	1.64	0	15
SCAF_313	22877	17455	0.76	0	10
SCAF_313_region	22877	17455	0.76	0	10
SCAF_314	22871	3133765	137.02	0	1296
SCAF_314_region	22871	3133765	137.02	0	1296
SCAF_315	22844	55225	2.42	0	113
SCAF_315_region	22844	55225	2.42	0	113
SCAF_316	22844	7402	0.32	0	6
SCAF_316_region	22844	7402	0.32	0	6
SCAF_317	22833	39204	1.72	0	8
SCAF_317_region	22833	39204	1.72	0	8
SCAF_318	22713	15709	0.69	0	14
SCAF_318_region	22713	15709	0.69	0	14
SCAF_319	22685	11778	0.52	0	11
SCAF_319_region	22685	11778	0.52	0	11
SCAF_320	22653	17119	0.76	0	8
SCAF_320_region	22653	17119	0.76	0	8
SCAF_321	22554	32926	1.46	0	8
SCAF_321_region	22554	32926	1.46	0	8
SCAF_322	22539	25471	1.13	0	7
SCAF_322_region	22539	25471	1.13	0	7
SCAF_323	22525	111536	4.95	0	62
SCAF_323_region	22525	111536	4.95	0	62
SCAF_324	22489	183645	8.17	0	22
SCAF_324_region	22489	183645	8.17	0	22
SCAF_325	22468	110178	4.90	0	75
SCAF_325_region	22468	110178	4.90	0	75
SCAF_326	22392	2878824	128.56	0	619
SCAF_326_region	22392	2878824	128.56	0	619
SCAF_327	22337	12965	0.58	0	12
SCAF_327_region	22337	12965	0.58	0	12
SCAF_328	22280	3066632	137.64	0	476
SCAF_328_region	22280	3066632	137.64	0	476
SCAF_329	22245	15655	0.70	0	9
SCAF_329_region	22245	15655	0.70	0	9
SCAF_330	22040	27818	1.26	0	25
SCAF_330_region	22040	27818	1.26	0	25
SCAF_331	22029	1166	0.05	0	7
SCAF_331_region	22029	1166	0.05	0	7
SCAF_332	21923	21077	0.96	0	7
SCAF_332_region	21923	21077	0.96	0	7
SCAF_333	21867	80472	3.68	0	115
SCAF_333_region	21867	80472	3.68	0	115
SCAF_334	21813	25966	1.19	0	7
SCAF_334_region	21813	25966	1.19	0	7
SCAF_335	21800	123881	5.68	0	31
SCAF_335_region	21800	123881	5.68	0	31
SCAF_336	21691	15311	0.71	0	5
SCAF_336_region	21691	15311	0.71	0	5
SCAF_337	21675	15002	0.69	0	11
SCAF_337_region	21675	15002	0.69	0	11
SCAF_338	21621	17725	0.82	0	39
SCAF_338_region	21621	17725	0.82	0	39
SCAF_339	21529	26583	1.23	0	59
SCAF_339_region	21529	26583	1.23	0	59
SCAF_340	21472	24208	1.13	0	18
SCAF_340_region	21472	24208	1.13	0	18
SCAF_341	21449	24204	1.13	0	18
SCAF_341_region	21449	24204	1.13	0	18
SCAF_342	21444	615875	28.72	0	2645
SCAF_342_region	21444	615875	28.72	0	2645
SCAF_343	21365	2790	0.13	0	11
SCAF_343_region	21365	2790	0.13	0	11
SCAF_344	21355	102432	4.80	0	18
SCAF_344_region	21355	102432	4.80	0	18
SCAF_345	21334	34926	1.64	0	8
SCAF_345_region	21334	34926	1.64	0	8
SCAF_346	21294	2204641	103.53	0	376
SCAF_346_region	21294	2204641	103.53	0	376
SCAF_347	21288	1608	0.08	0	2
SCAF_347_region	21288	1608	0.08	0	2
SCAF_348	21209	52456	2.47	0	39
SCAF_348_region	21209	52456	2.47	0	39
SCAF_349	21199	1621	0.08	0	3
SCAF_349_region	21199	1621	0.08	0	3
SCAF_350	21189	11763	0.56	0	32
SCAF_350_region	21189	11763	0.56	0	32
SCAF_351	21106	155652	7.37	0	22
SCAF_351_region	21106	155652	7.37	0	22
SCAF_352	21098	82957	3.93	0	86
SCAF_352_region	21098	82957	3.93	0	86
SCAF_353	21078	39012	1.85	0	60
SCAF_353_region	21078	39012	1.85	0	60
SCAF_354	20991	17401	0.83	0	15
SCAF_354_region	20991	17401	0.83	0	15
SCAF_355	20981	7232	0.34	0	19
SCAF_355_region	20981	7232	0.34	0	19
SCAF_356	20980	38901	1.85	0	7
SCAF_356_region	20980	38901	1.85	0	7
SCAF_357	20976	15975	0.76	0	9
SCAF_357_region	20976	15975	0.76	0	9
SCAF_358	20871	11441	0.55	0	27
SCAF_358_region	20871	11441	0.55	0	27
SCAF_359	20831	14839	0.71	0	5
SCAF_359_region	20831	14839	0.71	0	5
SCAF_360	20777	14831	0.71	0	30
SCAF_360_region	20777	14831	0.71	0	30
SCAF_361	20737	48520	2.34	0	21
SCAF_361_region	20737	48520	2.34	0	21
SCAF_362	20702	198789	9.60	0	23
SCAF_362_region	20702	198789	9.60	0	23
SCAF_363	20586	1030	0.05	0	4
SCAF_363_region	20586	1030	0.05	0	4
SCAF_364	20574	41772	2.03	0	38
SCAF_364_region	20574	41772	2.03	0	38
SCAF_365	20553	24629	1.20	0	39
SCAF_365_region	20553	24629	1.20	0	39
SCAF_366	20522	29421	1.43	0	60
SCAF_366_region	20522	29421	1.43	0	60
SCAF_367	20517	27115	1.32	0	34
SCAF_367_region	20517	27115	1.32	0	34
SCAF_368	20452	76096	3.72	0	20
SCAF_368_region	20452	76096	3.72	0	20
SCAF_369	20438	86214	4.22	0	23
SCAF_369_region	20438	86214	4.22	0	23
SCAF_370	20350	16113	0.79	0	12
SCAF_370_region	20350	16113	0.79	0	12
SCAF_371	20349	18336	0.90	0	17
SCAF_371_region	20349	18336	0.90	0	17
SCAF_372	20285	21837	1.08	0	21
SCAF_372_region	20285	21837	1.08	0	21
SCAF_373	20282	43593	2.15	0	100
SCAF_373_region	20282	43593	2.15	0	100
SCAF_374	20282	2028776	100.03	0	344
SCAF_374_region	20282	2028776	100.03	0	344
SCAF_375	20179	187346	9.28	0	258
SCAF_375_region	20179	187346	9.28	0	258
SCAF_376	20174	38251	1.90	0	10
SCAF_376_region	20174	38251	1.90	0	10
SCAF_377	20160	26705	1.32	0	18
SCAF_377_region	20160	26705	1.32	0	18
SCAF_378	20157	1572523	78.01	0	234
SCAF_378_region	20157	1572523	78.01	0	234
SCAF_379	20150	85277	4.23	0	18
SCAF_379_region	20150	85277	4.23	0	18
SCAF_380	20140	17753	0.88	0	14
SCAF_380_region	20140	17753	0.88	0	14
SCAF_381	20082	9602	0.48	0	10
SCAF_381_region	20082	9602	0.48	0	10
SCAF_382	20068	19752	0.98	0	9
SCAF_382_region	20068	19752	0.98	0	9
SCAF_383	20052	13990	0.70	0	10
SCAF_383_region	20052	13990	0.70	0	10
SCAF_384	20039	117483	5.86	0	41
SCAF_384_region	20039	117483	5.86	0	41
SCAF_385	20036	19077	0.95	0	34
SCAF_385_region	20036	19077	0.95	0	34
SCAF_386	20004	34167	1.71	0	8
SCAF_386_region	20004	34167	1.71	0	8
SCAF_387	19967	19582	0.98	0	16
SCAF_387_region	19967	19582	0.98	0	16
SCAF_388	19953	221278	11.09	0	61
SCAF_388_region	19953	221278	11.09	0	61
SCAF_389	19874	17290	0.87	0	14
SCAF_389_region	19874	17290	0.87	0	14
SCAF_390	19870	1151689	57.96	0	653
SCAF_390_region	19870	1151689	57.96	0	653
SCAF_391	19819	2077	0.10	0	3
SCAF_391_region	19819	2077	0.10	0	3
SCAF_392	19814	17680	0.89	0	15
SCAF_392_region	19814	17680	0.89	0	15
SCAF_393	19805	19446	0.98	0	25
SCAF_393_region	19805	19446	0.98	0	25
SCAF_394	19796	37816	1.91	0	30
SCAF_394_region	19796	37816	1.91	0	30
SCAF_395	19788	2268035	114.62	0	1367
SCAF_395_region	19788	2268035	114.62	0	1367
SCAF_396	19769	6769	0.34	0	19
SCAF_396_region	19769	6769	0.34	0	19
SCAF_397	19737	156664	7.94	0	46
SCAF_397_region	19737	156664	7.94	0	46
SCAF_398	19694	103161	5.24	0	21
SCAF_398_region	19694	103161	5.24	0	21
SCAF_399	19627	18859	0.96	0	7
SCAF_399_region	19627	18859	0.96	0	7
SCAF_400	19559	164792	8.43	0	52
SCAF_400_region	19559	164792	8.43	0	52
SCAF_401	19529	18544	0.95	0	11
SCAF_401_region	19529	18544	0.95	0	11
SCAF_402	19485	14135	0.73	0	9
SCAF_402_region	19485	14135	0.73	0	9
SCAF_403	19440	43050	2.21	0	54
SCAF_403_region	19440	43050	2.21	0	54
SCAF_404	19429	5602	0.29	0	11
SCAF_404_region	19429	5602	0.29	0	11
SCAF_405	19412	20780	1.07	0	19
SCAF_405_region	19412	20780	1.07	0	19
SCAF_406	19412	22497	1.16	0	24
SCAF_406_region	19412	22497	1.16	0	24
SCAF_407	19392	15315	0.79	0	9
SCAF_407_region	19392	15315	0.79	0	9
SCAF_408	19383	1091	0.06	0	2
SCAF_408_region	19383	1091	0.06	0	2
SCAF_409	19350	18504	0.96	0	13
SCAF_409_region	19350	18504	0.96	0	13
SCAF_410	19334	7140	0.37	0	5
SCAF_410_region	19334	7140	0.37	0	5
SCAF_411	19319	203	0.01	0	2
SCAF_411_region	19319	203	0.01	0	2
SCAF_412	19298	159982	8.29	0	29
SCAF_412_region	19298	159982	8.29	0	29
SCAF_413	19281	145222	7.53	0	22
SCAF_413_region	19281	145222	7.53	0	22
SCAF_414	19250	97255	5.05	0	69
SCAF_414_region	19250	97255	5.05	0	69
SCAF_415	19240	38248	1.99	0	23
SCAF_415_region	19240	38248	1.99	0	23
SCAF_416	19198	101191	5.27	0	72
SCAF_416_region	19198	101191	5.27	0	72
SCAF_417	19156	746	0.04	0	2
SCAF_417_region	19156	746	0.04	0	2
SCAF_418	19069	1768918	92.76	0	286
SCAF_418_region	19069	1768918	92.76	0	286
SCAF_419	19061	59992	3.15	0	17
SCAF_419_region	19061	59992	3.15	0	17
SCAF_420	19040	347	0.02	0	2
SCAF_420_region	19040	347	0.02	0	2
SCAF_421	19012	29527	1.55	0	8
SCAF_421_region	19012	29527	1.55	0	8
SCAF_422	18950	221350	11.68	0	62
SCAF_422_region	18950	221350	11.68	0	62
SCAF_423	18945	2324	0.12	0	5
SCAF_423_region	18945	2324	0.12	0	5
SCAF_424	18943	16867	0.89	0	29
SCAF_424_region	18943	16867	0.89	0	29
SCAF_425	18932	65038	3.44	0	17
SCAF_425_region	18932	65038	3.44	0	17
SCAF_426	18882	17267	0.91	0	10
SCAF_426_region	18882	17267	0.91	0	10
SCAF_427	18874	35586	1.89	0	57
SCAF_427_region	18874	35586	1.89	0	57
SCAF_428	18866	737984	39.12	0	303
SCAF_428_region	18866	737984	39.12	0	303
SCAF_429	18866	34981	1.85	0	23
SCAF_429_region	18866	34981	1.85	0	23
SCAF_430	18815	26854	1.43	0	8
SCAF_430_region	18815	26854	1.43	0	8
SCAF_431	18805	154296	8.21	0	38
SCAF_431_region	18805	154296	8.21	0	38
SCAF_432	18790	190698	10.15	0	56
SCAF_432_region	18790	190698	10.15	0	56
SCAF_433	18773	15447	0.82	0	13
SCAF_433_region	18773	15447	0.82	0	13
SCAF_434	18766	20033	1.07	0	12
SCAF_434_region	18766	20033	1.07	0	12
SCAF_435	18753	91949	4.90	0	59
SCAF_435_region	18753	91949	4.90	0	59
SCAF_436	18746	253790	13.54	0	63
SCAF_436_region	18746	253790	13.54	0	63
SCAF_437	18721	4567	0.24	0	6
SCAF_437_region	18721	4567	0.24	0	6
SCAF_438	18669	11041	0.59	0	13
SCAF_438_region	18669	11041	0.59	0	13
SCAF_439	18588	92193	4.96	0	189
SCAF_439_region	18588	92193	4.96	0	189
SCAF_440	18561	24596	1.33	0	220
SCAF_440_region	18561	24596	1.33	0	220
SCAF_441	18530	30636	1.65	0	36
SCAF_441_region	18530	30636	1.65	0	36
SCAF_442	18489	14585	0.79	0	12
SCAF_442_region	18489	14585	0.79	0	12
SCAF_443	18479	18198	0.98	0	18
SCAF_443_region	18479	18198	0.98	0	18
SCAF_444	18424	75717	4.11	0	34
SCAF_444_region	18424	75717	4.11	0	34
SCAF_445	18396	41547	2.26	0	10
SCAF_445_region	18396	41547	2.26	0	10
SCAF_446	18392	104416	5.68	0	18
SCAF_446_region	18392	104416	5.68	0	18
SCAF_447	18255	14972	0.82	0	7
SCAF_447_region	18255	14972	0.82	0	7
SCAF_448	18252	137483	7.53	0	23
SCAF_448_region	18252	137483	7.53	0	23
SCAF_449	18248	29508	1.62	0	9
SCAF_449_region	18248	29508	1.62	0	9
SCAF_450	18208	24574	1.35	0	29
SCAF_450_region	18208	24574	1.35	0	29
SCAF_451	18202	153890	8.45	0	84
SCAF_451_region	18202	153890	8.45	0	84
SCAF_452	18192	10514	0.58	0	4
SCAF_452_region	18192	10514	0.58	0	4
SCAF_453	18150	13611	0.75	0	12
SCAF_453_region	18150	13611	0.75	0	12
SCAF_454	18134	1049	0.06	0	4
SCAF_454_region	18134	1049	0.06	0	4
SCAF_455	18114	1049	0.06	0	6
SCAF_455_region	18114	1049	0.06	0	6
SCAF_456	18112	21733	1.20	0	31
SCAF_456_region	18112	21733	1.20	0	31
SCAF_457	18054	153628	8.51	0	22
SCAF_457_region	18054	153628	8.51	0	22
SCAF_458	18006	30445	1.69	0	8
SCAF_458_region	18006	30445	1.69	0	8
SCAF_459	18000	1674	0.09	0	5
SCAF_459_region	18000	1674	0.09	0	5
SCAF_460	17967	238310	13.26	0	260
SCAF_460_region	17967	238310	13.26	0	260
SCAF_461	17943	16054	0.89	0	9
SCAF_461_region	17943	16054	0.89	0	9
SCAF_462	17929	50094	2.79	0	44
SCAF_462_region	17929	50094	2.79	0	44
SCAF_463	17921	457	0.03	0	2
SCAF_463_region	17921	457	0.03	0	2
SCAF_464	17913	32743	1.83	0	10
SCAF_464_region	17913	32743	1.83	0	10
SCAF_465	17912	15180	0.85	0	16
SCAF_465_region	17912	15180	0.85	0	16
SCAF_466	17886	37568	2.10	0	22
SCAF_466_region	17886	37568	2.10	0	22
SCAF_467	17859	57914	3.24	0	116
SCAF_467_region	17859	57914	3.24	0	116
SCAF_468	17837	17746	0.99	0	13
SCAF_468_region	17837	17746	0.99	0	13
SCAF_469	17802	2281	0.13	0	3
SCAF_469_region	17802	2281	0.13	0	3
SCAF_470	17776	20329	1.14	0	17
SCAF_470_region	17776	20329	1.14	0	17
SCAF_471	17682	10486	0.59	0	9
SCAF_471_region	17682	10486	0.59	0	9
SCAF_472	17646	138443	7.85	0	156
SCAF_472_region	17646	138443	7.85	0	156
SCAF_473	17646	66538	3.77	0	16
SCAF_473_region	17646	66538	3.77	0	16
SCAF_474	17642	1389879	78.78	0	312
SCAF_474_region	17642	1389879	78.78	0	312
SCAF_475	17613	11044	0.63	0	165
SCAF_475_region	17613	11044	0.63	0	165
SCAF_476	17602	25097	1.43	0	176
SCAF_476_region	17602	25097	1.43	0	176
SCAF_477	17571	2258	0.13	0	2
SCAF_477_region	17571	2258	0.13	0	2
SCAF_478	17535	23488	1.34	0	14
SCAF_478_region	17535	23488	1.34	0	14
SCAF_479	17528	19930	1.14	0	29
SCAF_479_region	17528	19930	1.14	0	29
SCAF_480	17503	18463	1.05	0	11
SCAF_480_region	17503	18463	1.05	0	11
SCAF_481	17502	13111	0.75	0	8
SCAF_481_region	17502	13111	0.75	0	8
SCAF_482	17480	1430	0.08	0	7
SCAF_482_region	17480	1430	0.08	0	7
SCAF_483	17476	18129	1.04	0	7
SCAF_483_region	17476	18129	1.04	0	7
SCAF_484	17457	191362	10.96	0	170
SCAF_484_region	17457	191362	10.96	0	170
SCAF_485	17386	33793	1.94	0	11
SCAF_485_region	17386	33793	1.94	0	11
SCAF_486	17362	35306	2.03	0	9
SCAF_486_region	17362	35306	2.03	0	9
SCAF_487	17332	17616	1.02	0	8
SCAF_487_region	17332	17616	1.02	0	8
SCAF_488	17327	34116	1.97	0	10
SCAF_488_region	17327	34116	1.97	0	10
SCAF_489	17303	22067	1.28	0	7
SCAF_489_region	17303	22067	1.28	0	7
SCAF_490	17273	8701	0.50	0	7
SCAF_490_region	17273	8701	0.50	0	7
SCAF_491	17245	90047	5.22	0	74
SCAF_491_region	17245	90047	5.22	0	74
SCAF_492	17239	1618	0.09	0	3
SCAF_492_region	17239	1618	0.09	0	3
SCAF_493	17219	35439	2.06	0	9
SCAF_493_region	17219	35439	2.06	0	9
SCAF_494	17218	11054	0.64	0	7
SCAF_494_region	17218	11054	0.64	0	7
SCAF_495	17211	18773	1.09	0	11
SCAF_495_region	17211	18773	1.09	0	11
SCAF_496	17198	11351	0.66	0	189
SCAF_496_region	17198	11351	0.66	0	189
SCAF_497	17190	1005	0.06	0	1
SCAF_497_region	17190	1005	0.06	0	1
SCAF_498	17162	95309	5.55	0	29
SCAF_498_region	17162	95309	5.55	0	29
SCAF_499	17147	19932	1.16	0	8
SCAF_499_region	17147	19932	1.16	0	8
SCAF_500	17144	13371	0.78	0	58
SCAF_500_region	17144	13371	0.78	0	58
SCAF_501	17142	9592	0.56	0	5
SCAF_501_region	17142	9592	0.56	0	5
SCAF_502	17124	83569	4.88	0	77
SCAF_502_region	17124	83569	4.88	0	77
SCAF_503	17118	1129	0.07	0	8
SCAF_503_region	17118	1129	0.07	0	8
SCAF_504	17076	30138	1.76	0	10
SCAF_504_region	17076	30138	1.76	0	10
SCAF_505	17047	1290407	75.70	0	268
SCAF_505_region	17047	1290407	75.70	0	268
SCAF_506	17043	34686	2.04	0	62
SCAF_506_region	17043	34686	2.04	0	62
SCAF_507	17035	36052	2.12	0	32
SCAF_507_region	17035	36052	2.12	0	32
SCAF_508	17021	77871	4.57	0	62
SCAF_508_region	17021	77871	4.57	0	62
SCAF_509	16971	26206	1.54	0	7
SCAF_509_region	16971	26206	1.54	0	7
SCAF_510	16897	113821	6.74	0	46
SCAF_510_region	16897	113821	6.74	0	46
SCAF_511	16849	20201	1.20	0	6
SCAF_511_region	16849	20201	1.20	0	6
SCAF_512	16807	14761	0.88	0	8
SCAF_512_region	16807	14761	0.88	0	8
SCAF_513	16787	2073	0.12	0	3
SCAF_513_region	16787	2073	0.12	0	3
SCAF_514	16784	28355	1.69	0	10
SCAF_514_region	16784	28355	1.69	0	10
SCAF_515	16776	31661	1.89	0	8
SCAF_515_region	16776	31661	1.89	0	8
SCAF_516	16745	1588	0.09	0	14
SCAF_516_region	16745	1588	0.09	0	14
SCAF_517	16741	5450	0.33	0	6
SCAF_517_region	16741	5450	0.33	0	6
SCAF_518	16733	120473	7.20	0	30
SCAF_518_region	16733	120473	7.20	0	30
SCAF_519	16710	21274	1.27	0	21
SCAF_519_region	16710	21274	1.27	0	21
SCAF_520	16702	1574558	94.27	0	1029
SCAF_520_region	16702	1574558	94.27	0	1029
SCAF_521	16701	23343	1.40	0	7
SCAF_521_region	16701	23343	1.40	0	7
SCAF_522	16645	35528	2.13	0	33
SCAF_522_region	16645	35528	2.13	0	33
SCAF_523	16623	22265	1.34	0	11
SCAF_523_region	16623	22265	1.34	0	11
SCAF_524	16568	5131	0.31	0	13
SCAF_524_region	16568	5131	0.31	0	13
SCAF_525	16548	18482	1.12	0	22
SCAF_525_region	16548	18482	1.12	0	22
SCAF_526	16541	573	0.03	0	3
SCAF_526_region	16541	573	0.03	0	3
SCAF_527	16518	884151	53.53	0	273
SCAF_527_region	16518	884151	53.53	0	273
SCAF_528	16510	4939	0.30	0	12
SCAF_528_region	16510	4939	0.30	0	12
SCAF_529	16492	102453	6.21	0	54
SCAF_529_region	16492	102453	6.21	0	54
SCAF_530	16462	53473	3.25	0	32
SCAF_530_region	16462	53473	3.25	0	32
SCAF_531	16461	699	0.04	0	7
SCAF_531_region	16461	699	0.04	0	7
SCAF_532	16447	61729	3.75	0	63
SCAF_532_region	16447	61729	3.75	0	63
SCAF_533	16383	38234	2.33	0	16
SCAF_533_region	16383	38234	2.33	0	16
SCAF_534	16345	21898	1.34	0	13
SCAF_534_region	16345	21898	1.34	0	13
SCAF_535	16343	653	0.04	0	8
SCAF_535_region	16343	653	0.04	0	8
SCAF_536	16333	11831	0.72	0	9
SCAF_536_region	16333	11831	0.72	0	9
SCAF_537	16287	98992	6.08	0	25
SCAF_537_region	16287	98992	6.08	0	25
SCAF_538	16266	1653	0.10	0	8
SCAF_538_region	16266	1653	0.10	0	8
SCAF_539	16246	1063	0.07	0	7
SCAF_539_region	16246	1063	0.07	0	7
SCAF_540	16245	24692	1.52	0	14
SCAF_540_region	16245	24692	1.52	0	14
SCAF_541	16215	15493	0.96	0	16
SCAF_541_region	16215	15493	0.96	0	16
SCAF_542	16208	10251	0.63	0	20
SCAF_542_region	16208	10251	0.63	0	20
SCAF_543	16160	9774	0.60	0	11
SCAF_543_region	16160	9774	0.60	0	11
SCAF_544	16140	1018	0.06	0	2
SCAF_544_region	16140	1018	0.06	0	2
SCAF_545	16102	12572	0.78	0	6
SCAF_545_region	16102	12572	0.78	0	6
SCAF_546	16083	26566	1.65	0	11
SCAF_546_region	16083	26566	1.65	0	11
SCAF_547	16037	19264	1.20	0	14
SCAF_547_region	16037	19264	1.20	0	14
SCAF_548	16034	50609	3.16	0	19
SCAF_548_region	16034	50609	3.16	0	19
SCAF_549	16030	42453	2.65	0	21
SCAF_549_region	16030	42453	2.65	0	21
SCAF_550	16027	12821	0.80	0	4
SCAF_550_region	16027	12821	0.80	0	4
SCAF_551	15990	69875	4.37	0	21
SCAF_551_region	15990	69875	4.37	0	21
SCAF_552	15913	203066	12.76	0	29
SCAF_552_region	15913	203066	12.76	0	29
SCAF_553	15906	28866	1.81	0	15
SCAF_553_region	15906	28866	1.81	0	15
SCAF_554	15898	18004	1.13	0	5
SCAF_554_region	15898	18004	1.13	0	5
SCAF_555	15891	24976	1.57	0	16
SCAF_555_region	15891	24976	1.57	0	16
SCAF_556	15885	22591	1.42	0	11
SCAF_556_region	15885	22591	1.42	0	11
SCAF_557	15855	15891	1.00	0	6
SCAF_557_region	15855	15891	1.00	0	6
SCAF_558	15839	20711	1.31	0	10
SCAF_558_region	15839	20711	1.31	0	10
SCAF_559	15827	35694	2.26	0	9
SCAF_559_region	15827	35694	2.26	0	9
SCAF_560	15823	102704	6.49	0	78
SCAF_560_region	15823	102704	6.49	0	78
SCAF_561	15791	24243	1.54	0	18
SCAF_561_region	15791	24243	1.54	0	18
SCAF_562	15777	1345072	85.26	0	319
SCAF_562_region	15777	1345072	85.26	0	319
SCAF_563	15776	73276	4.64	0	46
SCAF_563_region	15776	73276	4.64	0	46
SCAF_564	15761	2316	0.15	0	4
SCAF_564_region	15761	2316	0.15	0	4
SCAF_565	15717	19289	1.23	0	7
SCAF_565_region	15717	19289	1.23	0	7
SCAF_566	15706	2665	0.17	0	6
SCAF_566_region	15706	2665	0.17	0	6
SCAF_567	15696	23247	1.48	0	10
SCAF_567_region	15696	23247	1.48	0	10
SCAF_568	15657	23865	1.52	0	7
SCAF_568_region	15657	23865	1.52	0	7
SCAF_569	15650	29971	1.92	0	40
SCAF_569_region	15650	29971	1.92	0	40
SCAF_570	15646	29726	1.90	0	15
SCAF_570_region	15646	29726	1.90	0	15
SCAF_571	15619	1256	0.08	0	4
SCAF_571_region	15619	1256	0.08	0	4
SCAF_572	15612	19630	1.26	0	22
SCAF_572_region	15612	19630	1.26	0	22
SCAF_573	15605	20269	1.30	0	6
SCAF_573_region	15605	20269	1.30	0	6
SCAF_574	15575	36375	2.34	0	23
SCAF_574_region	15575	36375	2.34	0	23
SCAF_575	15573	7442	0.48	0	4
SCAF_575_region	15573	7442	0.48	0	4
SCAF_576	15571	38141	2.45	0	20
SCAF_576_region	15571	38141	2.45	0	20
SCAF_577	15544	4325	0.28	0	4
SCAF_577_region	15544	4325	0.28	0	4
SCAF_578	15521	755	0.05	0	2
SCAF_578_region	15521	755	0.05	0	2
SCAF_579	15497	12087	0.78	0	37
SCAF_579_region	15497	12087	0.78	0	37
SCAF_580	15481	14727	0.95	0	6
SCAF_580_region	15481	14727	0.95	0	6
SCAF_581	15458	114255	7.39	0	115
SCAF_581_region	15458	114255	7.39	0	115
SCAF_582	15439	41224	2.67	0	83
SCAF_582_region	15439	41224	2.67	0	83
SCAF_583	15421	42769	2.77	0	46
SCAF_583_region	15421	42769	2.77	0	46
SCAF_584	15337	15920	1.04	0	19
SCAF_584_region	15337	15920	1.04	0	19
SCAF_585	15336	15399	1.00	0	19
SCAF_585_region	15336	15399	1.00	0	19
SCAF_586	15301	54837	3.58	0	22
SCAF_586_region	15301	54837	3.58	0	22
SCAF_587	15300	972092	63.54	0	2325
SCAF_587_region	15300	972092	63.54	0	2325
SCAF_588	15298	14401	0.94	0	8
SCAF_588_region	15298	14401	0.94	0	8
SCAF_589	15238	41655	2.73	0	21
SCAF_589_region	15238	41655	2.73	0	21
SCAF_590	15205	132984	8.75	0	24
SCAF_590_region	15205	132984	8.75	0	24
SCAF_591	15162	96291	6.35	0	23
SCAF_591_region	15162	96291	6.35	0	23
SCAF_592	15154	5317	0.35	0	7
SCAF_592_region	15154	5317	0.35	0	7
SCAF_593	15087	3206	0.21	0	6
SCAF_593_region	15087	3206	0.21	0	6
SCAF_594	15082	185155	12.28	0	65
SCAF_594_region	15082	185155	12.28	0	65
SCAF_595	15055	128466	8.53	0	23
SCAF_595_region	15055	128466	8.53	0	23
SCAF_596	15045	791	0.05	0	2
SCAF_596_region	15045	791	0.05	0	2
SCAF_597	15030	1658	0.11	0	5
SCAF_597_region	15030	1658	0.11	0	5
SCAF_598	15027	18562	1.24	0	19
SCAF_598_region	15027	18562	1.24	0	19
SCAF_599	15000	123728	8.25	0	23
SCAF_599_region	15000	123728	8.25	0	23
SCAF_600	14995	22604	1.51	0	24
SCAF_600_region	14995	22604	1.51	0	24
SCAF_601	14985	54602	3.64	0	84
SCAF_601_region	14985	54602	3.64	0	84
SCAF_602	14930	18738	1.26	0	7
SCAF_602_region	14930	18738	1.26	0	7
SCAF_603	14898	15480	1.04	0	6
SCAF_603_region	14898	15480	1.04	0	6
SCAF_604	14863	19996	1.35	0	12
SCAF_604_region	14863	19996	1.35	0	12
SCAF_605	14840	7305	0.49	0	4
SCAF_605_region	14840	7305	0.49	0	4
SCAF_606	14808	1030	0.07	0	2
SCAF_606_region	14808	1030	0.07	0	2
SCAF_607	14807	155982	10.53	0	56
SCAF_607_region	14807	155982	10.53	0	56
SCAF_608	14785	26819	1.81	0	15
SCAF_608_region	14785	26819	1.81	0	15
SCAF_609	14742	157891	10.71	0	187
SCAF_609_region	14742	157891	10.71	0	187
SCAF_610	14738	17800	1.21	0	12
SCAF_610_region	14738	17800	1.21	0	12
SCAF_611	14737	90214	6.12	0	23
SCAF_611_region	14737	90214	6.12	0	23
SCAF_612	14712	1003259	68.19	0	214
SCAF_612_region	14712	1003259	68.19	0	214
SCAF_613	14708	72377	4.92	0	41
SCAF_613_region	14708	72377	4.92	0	41
SCAF_614	14694	28182	1.92	0	41
SCAF_614_region	14694	28182	1.92	0	41
SCAF_615	14684	6086	0.41	0	26
SCAF_615_region	14684	6086	0.41	0	26
SCAF_616	14676	716	0.05	0	1
SCAF_616_region	14676	716	0.05	0	1
SCAF_617	14662	36156	2.47	0	32
SCAF_617_region	14662	36156	2.47	0	32
SCAF_618	14658	23198	1.58	0	7
SCAF_618_region	14658	23198	1.58	0	7
SCAF_619	14650	56637	3.87	0	153
SCAF_619_region	14650	56637	3.87	0	153
SCAF_620	14639	22159	1.51	0	22
SCAF_620_region	14639	22159	1.51	0	22
SCAF_621	14614	51292	3.51	0	188
SCAF_621_region	14614	51292	3.51	0	188
SCAF_622	14596	20891	1.43	0	33
SCAF_622_region	14596	20891	1.43	0	33
SCAF_623	14590	49323	3.38	0	19
SCAF_623_region	14590	49323	3.38	0	19
SCAF_624	14581	1063	0.07	0	5
SCAF_624_region	14581	1063	0.07	0	5
SCAF_625	14547	36384	2.50	0	43
SCAF_625_region	14547	36384	2.50	0	43
SCAF_626	14527	22099	1.52	0	19
SCAF_626_region	14527	22099	1.52	0	19
SCAF_627	14523	9197	0.63	0	6
SCAF_627_region	14523	9197	0.63	0	6
SCAF_628	14498	42821	2.95	0	26
SCAF_628_region	14498	42821	2.95	0	26
SCAF_629	14453	13123	0.91	0	6
SCAF_629_region	14453	13123	0.91	0	6
SCAF_630	14414	14690	1.02	0	17
SCAF_630_region	14414	14690	1.02	0	17
SCAF_631	14395	7259	0.50	0	7
SCAF_631_region	14395	7259	0.50	0	7
SCAF_632	14385	1493	0.10	0	7
SCAF_632_region	14385	1493	0.10	0	7
SCAF_633	14371	13267	0.92	0	17
SCAF_633_region	14371	13267	0.92	0	17
SCAF_634	14371	13565	0.94	0	15
SCAF_634_region	14371	13565	0.94	0	15
SCAF_635	14280	49872	3.49	0	76
SCAF_635_region	14280	49872	3.49	0	76
SCAF_636	14276	10020	0.70	0	11
SCAF_636_region	14276	10020	0.70	0	11
SCAF_637	14236	68348	4.80	0	21
SCAF_637_region	14236	68348	4.80	0	21
SCAF_638	14229	21281	1.50	0	7
SCAF_638_region	14229	21281	1.50	0	7
SCAF_639	14202	813	0.06	0	4
SCAF_639_region	14202	813	0.06	0	4
SCAF_640	14111	25872	1.83	0	27
SCAF_640_region	14111	25872	1.83	0	27
SCAF_641	14088	27461	1.95	0	10
SCAF_641_region	14088	27461	1.95	0	10
SCAF_642	14005	21547	1.54	0	8
SCAF_642_region	14005	21547	1.54	0	8
SCAF_643	13977	1011144	72.34	0	273
SCAF_643_region	13977	1011144	72.34	0	273
SCAF_644	13890	10860	0.78	0	8
SCAF_644_region	13890	10860	0.78	0	8
SCAF_645	13875	21010	1.51	0	6
SCAF_645_region	13875	21010	1.51	0	6
SCAF_646	13874	93564	6.74	0	33
SCAF_646_region	13874	93564	6.74	0	33
SCAF_647	13848	17248	1.25	0	10
SCAF_647_region	13848	17248	1.25	0	10
SCAF_648	13847	5085	0.37	0	10
SCAF_648_region	13847	5085	0.37	0	10
SCAF_649	13838	19705	1.42	0	22
SCAF_649_region	13838	19705	1.42	0	22
SCAF_650	13812	12291	0.89	0	8
SCAF_650_region	13812	12291	0.89	0	8
SCAF_651	13758	102595	7.46	0	26
SCAF_651_region	13758	102595	7.46	0	26
SCAF_652	13727	11179	0.81	0	12
SCAF_652_region	13727	11179	0.81	0	12
SCAF_653	13703	10231	0.75	0	11
SCAF_653_region	13703	10231	0.75	0	11
SCAF_654	13701	1579	0.12	0	4
SCAF_654_region	13701	1579	0.12	0	4
SCAF_655	13677	9485	0.69	0	5
SCAF_655_region	13677	9485	0.69	0	5
SCAF_656	13622	27717	2.03	0	9
SCAF_656_region	13622	27717	2.03	0	9
SCAF_657	13584	6771	0.50	0	14
SCAF_657_region	13584	6771	0.50	0	14
SCAF_658	13583	22658	1.67	0	6
SCAF_658_region	13583	22658	1.67	0	6
SCAF_659	13535	19632	1.45	0	9
SCAF_659_region	13535	19632	1.45	0	9
SCAF_660	13535	956	0.07	0	2
SCAF_660_region	13535	956	0.07	0	2
SCAF_661	13499	17321	1.28	0	13
SCAF_661_region	13499	17321	1.28	0	13
SCAF_662	13464	7809	0.58	0	5
SCAF_662_region	13464	7809	0.58	0	5
SCAF_663	13438	88899	6.62	0	42
SCAF_663_region	13438	88899	6.62	0	42
SCAF_664	13385	1086367	81.16	0	300
SCAF_664_region	13385	1086367	81.16	0	300
SCAF_665	13357	523	0.04	0	2
SCAF_665_region	13357	523	0.04	0	2
SCAF_666	13330	15661	1.17	0	10
SCAF_666_region	13330	15661	1.17	0	10
SCAF_667	13327	87751	6.58	0	134
SCAF_667_region	13327	87751	6.58	0	134
SCAF_668	13319	14375	1.08	0	22
SCAF_668_region	13319	14375	1.08	0	22
SCAF_669	13303	9655	0.73	0	10
SCAF_669_region	13303	9655	0.73	0	10
SCAF_670	13293	23504	1.77	0	7
SCAF_670_region	13293	23504	1.77	0	7
SCAF_671	13288	103481	7.79	0	25
SCAF_671_region	13288	103481	7.79	0	25
SCAF_672	13266	1355	0.10	0	9
SCAF_672_region	13266	1355	0.10	0	9
SCAF_673	13189	15836	1.20	0	235
SCAF_673_region	13189	15836	1.20	0	235
SCAF_674	13149	66520	5.06	0	28
SCAF_674_region	13149	66520	5.06	0	28
SCAF_675	13128	81270	6.19	0	47
SCAF_675_region	13128	81270	6.19	0	47
SCAF_676	13120	52453	4.00	0	19
SCAF_676_region	13120	52453	4.00	0	19
SCAF_677	13080	37434	2.86	0	270
SCAF_677_region	13080	37434	2.86	0	270
SCAF_678	13050	9736	0.75	0	7
SCAF_678_region	13050	9736	0.75	0	7
SCAF_679	13043	9844	0.75	0	16
SCAF_679_region	13043	9844	0.75	0	16
SCAF_680	13008	22244	1.71	0	16
SCAF_680_region	13008	22244	1.71	0	16
SCAF_681	13001	6631	0.51	0	11
SCAF_681_region	13001	6631	0.51	0	11
SCAF_682	12997	95806	7.37	0	48
SCAF_682_region	12997	95806	7.37	0	48
SCAF_683	12986	6219	0.48	0	24
SCAF_683_region	12986	6219	0.48	0	24
SCAF_684	12871	10672	0.83	0	11
SCAF_684_region	12871	10672	0.83	0	11
SCAF_685	12842	3063	0.24	0	9
SCAF_685_region	12842	3063	0.24	0	9
SCAF_686	12830	16446	1.28	0	28
SCAF_686_region	12830	16446	1.28	0	28
SCAF_687	12781	12479	0.98	0	19
SCAF_687_region	12781	12479	0.98	0	19
SCAF_688	12768	192927	15.11	0	89
SCAF_688_region	12768	192927	15.11	0	89
SCAF_689	12768	16441	1.29	0	9
SCAF_689_region	12768	16441	1.29	0	9
SCAF_690	12764	10098	0.79	0	11
SCAF_690_region	12764	10098	0.79	0	11
SCAF_691	12677	14137	1.12	0	4
SCAF_691_region	12677	14137	1.12	0	4
SCAF_692	12675	716	0.06	0	2
SCAF_692_region	12675	716	0.06	0	2
SCAF_693	12651	10784	0.85	0	6
SCAF_693_region	12651	10784	0.85	0	6
SCAF_694	12646	9818	0.78	0	9
SCAF_694_region	12646	9818	0.78	0	9
SCAF_695	12643	88726	7.02	0	21
SCAF_695_region	12643	88726	7.02	0	21
SCAF_696	12633	8144	0.64	0	6
SCAF_696_region	12633	8144	0.64	0	6
SCAF_697	12625	17244	1.37	0	24
SCAF_697_region	12625	17244	1.37	0	24
SCAF_698	12617	151454	12.00	0	87
SCAF_698_region	12617	151454	12.00	0	87
SCAF_699	12540	10110	0.81	0	19
SCAF_699_region	12540	10110	0.81	0	19
SCAF_700	12515	250	0.02	0	6
SCAF_700_region	12515	250	0.02	0	6
SCAF_701	12482	1047	0.08	0	6
SCAF_701_region	12482	1047	0.08	0	6
SCAF_702	12461	42574	3.42	0	76
SCAF_702_region	12461	42574	3.42	0	76
SCAF_703	12456	22208	1.78	0	24
SCAF_703_region	12456	22208	1.78	0	24
SCAF_704	12456	7907	0.63	0	14
SCAF_704_region	12456	7907	0.63	0	14
SCAF_705	12358	3611	0.29	0	6
SCAF_705_region	12358	3611	0.29	0	6
SCAF_706	12350	116988	9.47	0	26
SCAF_706_region	12350	116988	9.47	0	26
SCAF_707	12343	12801	1.04	0	5
SCAF_707_region	12343	12801	1.04	0	5
SCAF_708	12333	1220	0.10	0	4
SCAF_708_region	12333	1220	0.10	0	4
SCAF_709	12319	1193277	96.86	0	374
SCAF_709_region	12319	1193277	96.86	0	374
SCAF_710	12288	8088	0.66	0	8
SCAF_710_region	12288	8088	0.66	0	8
SCAF_711	12252	127313	10.39	0	23
SCAF_711_region	12252	127313	10.39	0	23
SCAF_712	12218	206332	16.89	0	665
SCAF_712_region	12218	206332	16.89	0	665
SCAF_713	12177	131614	10.81	0	24
SCAF_713_region	12177	131614	10.81	0	24
SCAF_714	12167	12462	1.02	0	25
SCAF_714_region	12167	12462	1.02	0	25
SCAF_715	12163	2158	0.18	0	8
SCAF_715_region	12163	2158	0.18	0	8
SCAF_716	12143	9871	0.81	0	8
SCAF_716_region	12143	9871	0.81	0	8
SCAF_717	12102	10026	0.83	0	20
SCAF_717_region	12102	10026	0.83	0	20
SCAF_718	12099	3189	0.26	0	7
SCAF_718_region	12099	3189	0.26	0	7
SCAF_719	12095	12802	1.06	0	8
SCAF_719_region	12095	12802	1.06	0	8
SCAF_720	12085	14139	1.17	0	12
SCAF_720_region	12085	14139	1.17	0	12
SCAF_721	12078	9114	0.75	0	10
SCAF_721_region	12078	9114	0.75	0	10
SCAF_722	12066	10776	0.89	0	21
SCAF_722_region	12066	10776	0.89	0	21
SCAF_723	12015	18409	1.53	0	7
SCAF_723_region	12015	18409	1.53	0	7
SCAF_724	12004	22597	1.88	0	12
SCAF_724_region	12004	22597	1.88	0	12
SCAF_725	11949	20667	1.73	0	17
SCAF_725_region	11949	20667	1.73	0	17
SCAF_726	11911	3155	0.26	0	3
SCAF_726_region	11911	3155	0.26	0	3
SCAF_727	11900	2853	0.24	0	18
SCAF_727_region	11900	2853	0.24	0	18
SCAF_728	11869	68063	5.73	0	57
SCAF_728_region	11869	68063	5.73	0	57
SCAF_729	11788	113285	9.61	0	21
SCAF_729_region	11788	113285	9.61	0	21
SCAF_730	11785	146057	12.39	0	50
SCAF_730_region	11785	146057	12.39	0	50
SCAF_731	11750	1297	0.11	0	5
SCAF_731_region	11750	1297	0.11	0	5
SCAF_732	11699	6485	0.55	0	8
SCAF_732_region	11699	6485	0.55	0	8
SCAF_733	11674	169	0.01	0	1
SCAF_733_region	11674	169	0.01	0	1
SCAF_734	11658	16442	1.41	0	18
SCAF_734_region	11658	16442	1.41	0	18
SCAF_735	11648	101455	8.71	0	24
SCAF_735_region	11648	101455	8.71	0	24
SCAF_736	11642	15439	1.33	0	7
SCAF_736_region	11642	15439	1.33	0	7
SCAF_737	11612	706	0.06	0	1
SCAF_737_region	11612	706	0.06	0	1
SCAF_738	11595	1387	0.12	0	5
SCAF_738_region	11595	1387	0.12	0	5
SCAF_739	11525	8776	0.76	0	13
SCAF_739_region	11525	8776	0.76	0	13
SCAF_740	11505	13648	1.19	0	6
SCAF_740_region	11505	13648	1.19	0	6
SCAF_741	11492	741	0.06	0	2
SCAF_741_region	11492	741	0.06	0	2
SCAF_742	11467	2624578	228.88	0	778
SCAF_742_region	11467	2624578	228.88	0	778
SCAF_743	11404	851	0.07	0	2
SCAF_743_region	11404	851	0.07	0	2
SCAF_744	11377	15708	1.38	0	6
SCAF_744_region	11377	15708	1.38	0	6
SCAF_745	11364	3208	0.28	0	4
SCAF_745_region	11364	3208	0.28	0	4
SCAF_746	11318	4475	0.40	0	3
SCAF_746_region	11318	4475	0.40	0	3
SCAF_747	11311	52661	4.66	0	92
SCAF_747_region	11311	52661	4.66	0	92
SCAF_748	11306	24865	2.20	0	38
SCAF_748_region	11306	24865	2.20	0	38
SCAF_749	11299	28808	2.55	0	16
SCAF_749_region	11299	28808	2.55	0	16
SCAF_750	11284	24192	2.14	0	21
SCAF_750_region	11284	24192	2.14	0	21
SCAF_751	11276	10316	0.91	0	6
SCAF_751_region	11276	10316	0.91	0	6
SCAF_752	11267	11045	0.98	0	6
SCAF_752_region	11267	11045	0.98	0	6
SCAF_753	11254	5346	0.48	0	8
SCAF_753_region	11254	5346	0.48	0	8
SCAF_754	11236	35667	3.17	0	19
SCAF_754_region	11236	35667	3.17	0	19
SCAF_755	11231	606	0.05	0	13
SCAF_755_region	11231	606	0.05	0	13
SCAF_756	11200	52247	4.66	0	24
SCAF_756_region	11200	52247	4.66	0	24
SCAF_757	11195	19276	1.72	0	8
SCAF_757_region	11195	19276	1.72	0	8
SCAF_758	11126	5810	0.52	0	4
SCAF_758_region	11126	5810	0.52	0	4
SCAF_759	11118	15125	1.36	0	6
SCAF_759_region	11118	15125	1.36	0	6
SCAF_760	11100	5999	0.54	0	7
SCAF_760_region	11100	5999	0.54	0	7
SCAF_761	11097	11614	1.05	0	5
SCAF_761_region	11097	11614	1.05	0	5
SCAF_762	11029	8534	0.77	0	21
SCAF_762_region	11029	8534	0.77	0	21
SCAF_763	11019	18063	1.64	0	15
SCAF_763_region	11019	18063	1.64	0	15
SCAF_764	10979	37306	3.40	0	121
SCAF_764_region	10979	37306	3.40	0	121
SCAF_765	10957	211	0.02	0	1
SCAF_765_region	10957	211	0.02	0	1
SCAF_766	10940	12556	1.15	0	16
SCAF_766_region	10940	12556	1.15	0	16
SCAF_767	10913	28092	2.57	0	18
SCAF_767_region	10913	28092	2.57	0	18
SCAF_768	10886	31246	2.87	0	12
SCAF_768_region	10886	31246	2.87	0	12
SCAF_769	10867	1560	0.14	0	2
SCAF_769_region	10867	1560	0.14	0	2
SCAF_770	10816	16270	1.50	0	31
SCAF_770_region	10816	16270	1.50	0	31
SCAF_771	10810	1666	0.15	0	6
SCAF_771_region	10810	1666	0.15	0	6
SCAF_772	10709	8962	0.84	0	5
SCAF_772_region	10709	8962	0.84	0	5
SCAF_773	10688	175470	16.42	0	286
SCAF_773_region	10688	175470	16.42	0	286
SCAF_774	10648	65130	6.12	0	51
SCAF_774_region	10648	65130	6.12	0	51
SCAF_775	10642	272	0.03	0	3
SCAF_775_region	10642	272	0.03	0	3
SCAF_776	10612	5834	0.55	0	8
SCAF_776_region	10612	5834	0.55	0	8
SCAF_777	10608	61780	5.82	0	30
SCAF_777_region	10608	61780	5.82	0	30
SCAF_778	10604	2067	0.19	0	4
SCAF_778_region	10604	2067	0.19	0	4
SCAF_779	10578	1230	0.12	0	4
SCAF_779_region	10578	1230	0.12	0	4
SCAF_780	10571	578	0.05	0	2
SCAF_780_region	10571	578	0.05	0	2
SCAF_781	10511	8453	0.80	0	5
SCAF_781_region	10511	8453	0.80	0	5
SCAF_782	10492	1117	0.11	0	3
SCAF_782_region	10492	1117	0.11	0	3
SCAF_783	10421	13989	1.34	0	6
SCAF_783_region	10421	13989	1.34	0	6
SCAF_784	10379	58281	5.62	0	19
SCAF_784_region	10379	58281	5.62	0	19
SCAF_785	10337	8466	0.82	0	11
SCAF_785_region	10337	8466	0.82	0	11
SCAF_786	10326	25970	2.52	0	16
SCAF_786_region	10326	25970	2.52	0	16
SCAF_787	10326	5983	0.58	0	7
SCAF_787_region	10326	5983	0.58	0	7
SCAF_788	10316	2107	0.20	0	6
SCAF_788_region	10316	2107	0.20	0	6
SCAF_789	10256	218	0.02	0	5
SCAF_789_region	10256	218	0.02	0	5
SCAF_790	10228	21457	2.10	0	21
SCAF_790_region	10228	21457	2.10	0	21
SCAF_791	10185	9619	0.94	0	6
SCAF_791_region	10185	9619	0.94	0	6
SCAF_792	10184	35846	3.52	0	22
SCAF_792_region	10184	35846	3.52	0	22
SCAF_793	10160	10723	1.06	0	8
SCAF_793_region	10160	10723	1.06	0	8
SCAF_794	10147	1739	0.17	0	3
SCAF_794_region	10147	1739	0.17	0	3
SCAF_795	10110	22552	2.23	0	20
SCAF_795_region	10110	22552	2.23	0	20
SCAF_796	10045	994	0.10	0	2
SCAF_796_region	10045	994	0.10	0	2
SCAF_797	10015	14964	1.49	0	30
SCAF_797_region	10015	14964	1.49	0	30
SCAF_798	10012	19615	1.96	0	11
SCAF_798_region	10012	19615	1.96	0	11
SCAF_799	9978	22382	2.24	0	15
SCAF_799_region	9978	22382	2.24	0	15
SCAF_800	9947	32522	3.27	0	85
SCAF_800_region	9947	32522	3.27	0	85
SCAF_801	9941	9519	0.96	0	6
SCAF_801_region	9941	9519	0.96	0	6
SCAF_802	9910	717	0.07	0	2
SCAF_802_region	9910	717	0.07	0	2
SCAF_803	9879	2743	0.28	0	2
SCAF_803_region	9879	2743	0.28	0	2
SCAF_804	9861	47882	4.86	0	31
SCAF_804_region	9861	47882	4.86	0	31
SCAF_805	9859	1075	0.11	0	2
SCAF_805_region	9859	1075	0.11	0	2
SCAF_806	9855	8123	0.82	0	7
SCAF_806_region	9855	8123	0.82	0	7
SCAF_807	9792	451	0.05	0	1
SCAF_807_region	9792	451	0.05	0	1
SCAF_808	9784	4635	0.47	0	9
SCAF_808_region	9784	4635	0.47	0	9
SCAF_809	9773	60739	6.21	0	21
SCAF_809_region	9773	60739	6.21	0	21
SCAF_810	9756	2126	0.22	0	6
SCAF_810_region	9756	2126	0.22	0	6
SCAF_811	9753	7119	0.73	0	14
SCAF_811_region	9753	7119	0.73	0	14
SCAF_812	9719	6728	0.69	0	25
SCAF_812_region	9719	6728	0.69	0	25
SCAF_813	9715	1121	0.12	0	2
SCAF_813_region	9715	1121	0.12	0	2
SCAF_814	9708	15735	1.62	0	8
SCAF_814_region	9708	15735	1.62	0	8
SCAF_815	9700	9215	0.95	0	5
SCAF_815_region	9700	9215	0.95	0	5
SCAF_816	9673	14849	1.54	0	18
SCAF_816_region	9673	14849	1.54	0	18
SCAF_817	9638	6190	0.64	0	10
SCAF_817_region	9638	6190	0.64	0	10
SCAF_818	9601	10226	1.07	0	5
SCAF_818_region	9601	10226	1.07	0	5
SCAF_819	9601	3307	0.34	0	4
SCAF_819_region	9601	3307	0.34	0	4
SCAF_820	9550	48693	5.10	0	57
SCAF_820_region	9550	48693	5.10	0	57
SCAF_821	9533	12315	1.29	0	6
SCAF_821_region	9533	12315	1.29	0	6
SCAF_822	9498	9702	1.02	0	5
SCAF_822_region	9498	9702	1.02	0	5
SCAF_823	9466	677321	71.55	0	287
SCAF_823_region	9466	677321	71.55	0	287
SCAF_824	9457	4040	0.43	0	27
SCAF_824_region	9457	4040	0.43	0	27
SCAF_825	9446	15052	1.59	0	13
SCAF_825_region	9446	15052	1.59	0	13
SCAF_826	9385	30955	3.30	0	15
SCAF_826_region	9385	30955	3.30	0	15
SCAF_827	9376	45852	4.89	0	63
SCAF_827_region	9376	45852	4.89	0	63
SCAF_828	9365	11841	1.26	0	9
SCAF_828_region	9365	11841	1.26	0	9
SCAF_829	9320	9346	1.00	0	31
SCAF_829_region	9320	9346	1.00	0	31
SCAF_830	9303	6197	0.67	0	9
SCAF_830_region	9303	6197	0.67	0	9
SCAF_831	9295	9746	1.05	0	14
SCAF_831_region	9295	9746	1.05	0	14
SCAF_832	9282	34254	3.69	0	21
SCAF_832_region	9282	34254	3.69	0	21
SCAF_833	9263	545	0.06	0	2
SCAF_833_region	9263	545	0.06	0	2
SCAF_834	9159	181863	19.86	0	704
SCAF_834_region	9159	181863	19.86	0	704
SCAF_835	9159	24421	2.67	0	9
SCAF_835_region	9159	24421	2.67	0	9
SCAF_836	9157	24118	2.63	0	20
SCAF_836_region	9157	24118	2.63	0	20
SCAF_837	9095	491	0.05	0	4
SCAF_837_region	9095	491	0.05	0	4
SCAF_838	9078	33280	3.67	0	54
SCAF_838_region	9078	33280	3.67	0	54
SCAF_839	9057	95059	10.50	0	128
SCAF_839_region	9057	95059	10.50	0	128
SCAF_840	9014	9189	1.02	0	6
SCAF_840_region	9014	9189	1.02	0	6
SCAF_841	8986	10586	1.18	0	7
SCAF_841_region	8986	10586	1.18	0	7
SCAF_842	8986	1046	0.12	0	5
SCAF_842_region	8986	1046	0.12	0	5
SCAF_843	8952	2248	0.25	0	83
SCAF_843_region	8952	2248	0.25	0	83
SCAF_844	8935	5519	0.62	0	19
SCAF_844_region	8935	5519	0.62	0	19
SCAF_845	8927	75963	8.51	0	59
SCAF_845_region	8927	75963	8.51	0	59
SCAF_846	8908	117257	13.16	0	256
SCAF_846_region	8908	117257	13.16	0	256
SCAF_847	8868	7552	0.85	0	4
SCAF_847_region	8868	7552	0.85	0	4
SCAF_848	8867	1174	0.13	0	2
SCAF_848_region	8867	1174	0.13	0	2
SCAF_849	8825	107029	12.13	0	33
SCAF_849_region	8825	107029	12.13	0	33
SCAF_850	8771	7369	0.84	0	6
SCAF_850_region	8771	7369	0.84	0	6
SCAF_851	8703	9881	1.14	0	9
SCAF_851_region	8703	9881	1.14	0	9
SCAF_852	8695	194	0.02	0	3
SCAF_852_region	8695	194	0.02	0	3
SCAF_853	8662	144	0.02	0	3
SCAF_853_region	8662	144	0.02	0	3
SCAF_854	8634	2415	0.28	0	3
SCAF_854_region	8634	2415	0.28	0	3
SCAF_855	8630	708	0.08	0	2
SCAF_855_region	8630	708	0.08	0	2
SCAF_856	8617	1202680	139.57	0	393
SCAF_856_region	8617	1202680	139.57	0	393
SCAF_857	8469	19474	2.30	0	16
SCAF_857_region	8469	19474	2.30	0	16
SCAF_858	8431	5778	0.69	0	6
SCAF_858_region	8431	5778	0.69	0	6
SCAF_859	8397	1146	0.14	0	2
SCAF_859_region	8397	1146	0.14	0	2
SCAF_860	8390	10370	1.24	0	9
SCAF_860_region	8390	10370	1.24	0	9
SCAF_861	8357	946	0.11	0	3
SCAF_861_region	8357	946	0.11	0	3
SCAF_862	8342	350368	42.00	0	1512
SCAF_862_region	8342	350368	42.00	0	1512
SCAF_863	8337	891	0.11	0	4
SCAF_863_region	8337	891	0.11	0	4
SCAF_864	8258	26799	3.25	0	19
SCAF_864_region	8258	26799	3.25	0	19
SCAF_865	8103	9593	1.18	0	11
SCAF_865_region	8103	9593	1.18	0	11
SCAF_866	8034	2330	0.29	0	4
SCAF_866_region	8034	2330	0.29	0	4
SCAF_867	8027	44787	5.58	0	49
SCAF_867_region	8027	44787	5.58	0	49
SCAF_868	8017	23888	2.98	0	34
SCAF_868_region	8017	23888	2.98	0	34
SCAF_869	8015	15062	1.88	0	71
SCAF_869_region	8015	15062	1.88	0	71
SCAF_870	8015	1686	0.21	0	2
SCAF_870_region	8015	1686	0.21	0	2
SCAF_871	8000	853	0.11	0	2
SCAF_871_region	8000	853	0.11	0	2
SCAF_872	7790	7870	1.01	0	5
SCAF_872_region	7790	7870	1.01	0	5
SCAF_873	7773	1565	0.20	0	3
SCAF_873_region	7773	1565	0.20	0	3
SCAF_874	7763	29028	3.74	0	30
SCAF_874_region	7763	29028	3.74	0	30
SCAF_875	7721	7438	0.96	0	5
SCAF_875_region	7721	7438	0.96	0	5
SCAF_876	7701	33875	4.40	0	14
SCAF_876_region	7701	33875	4.40	0	14
SCAF_877	7680	649	0.08	0	2
SCAF_877_region	7680	649	0.08	0	2
SCAF_878	7622	4972	0.65	0	6
SCAF_878_region	7622	4972	0.65	0	6
SCAF_879	7582	3840	0.51	0	3
SCAF_879_region	7582	3840	0.51	0	3
SCAF_880	7559	34427	4.55	0	29
SCAF_880_region	7559	34427	4.55	0	29
SCAF_881	7416	62294	8.40	0	176
SCAF_881_region	7416	62294	8.40	0	176
SCAF_882	7394	39068	5.28	0	29
SCAF_882_region	7394	39068	5.28	0	29
SCAF_883	7363	6323	0.86	0	4
SCAF_883_region	7363	6323	0.86	0	4
SCAF_884	7338	9193	1.25	0	5
SCAF_884_region	7338	9193	1.25	0	5
SCAF_885	7324	570	0.08	0	1
SCAF_885_region	7324	570	0.08	0	1
SCAF_886	7276	13496	1.85	0	29
SCAF_886_region	7276	13496	1.85	0	29
SCAF_887	7242	2594	0.36	0	4
SCAF_887_region	7242	2594	0.36	0	4
SCAF_888	7231	6012	0.83	0	4
SCAF_888_region	7231	6012	0.83	0	4
SCAF_889	7198	537	0.07	0	1
SCAF_889_region	7198	537	0.07	0	1
SCAF_890	7142	5248	0.73	0	15
SCAF_890_region	7142	5248	0.73	0	15
SCAF_891	7028	19421	2.76	0	20
SCAF_891_region	7028	19421	2.76	0	20
SCAF_892	7025	7009	1.00	0	16
SCAF_892_region	7025	7009	1.00	0	16
SCAF_893	7015	5961	0.85	0	5
SCAF_893_region	7015	5961	0.85	0	5
SCAF_894	6958	9721	1.40	0	6
SCAF_894_region	6958	9721	1.40	0	6
SCAF_895	6948	13921	2.00	0	13
SCAF_895_region	6948	13921	2.00	0	13
SCAF_896	6829	490960	71.89	0	253
SCAF_896_region	6829	490960	71.89	0	253
SCAF_897	6804	3569	0.52	0	4
SCAF_897_region	6804	3569	0.52	0	4
SCAF_898	6754	1109637	164.29	0	1258
SCAF_898_region	6754	1109637	164.29	0	1258
SCAF_899	6732	10378	1.54	0	8
SCAF_899_region	6732	10378	1.54	0	8
SCAF_900	6698	47067	7.03	0	85
SCAF_900_region	6698	47067	7.03	0	85
SCAF_901	6642	2125	0.32	0	3
SCAF_901_region	6642	2125	0.32	0	3
SCAF_902	6588	24816	3.77	0	13
SCAF_902_region	6588	24816	3.77	0	13
SCAF_903	6549	58278	8.90	0	31
SCAF_903_region	6549	58278	8.90	0	31
SCAF_904	6496	9453	1.46	0	17
SCAF_904_region	6496	9453	1.46	0	17
SCAF_905	6483	554	0.09	0	1
SCAF_905_region	6483	554	0.09	0	1
SCAF_906	6367	718	0.11	0	1
SCAF_906_region	6367	718	0.11	0	1
SCAF_907	6367	14970	2.35	0	28
SCAF_907_region	6367	14970	2.35	0	28
SCAF_908	6228	37131	5.96	0	82
SCAF_908_region	6228	37131	5.96	0	82
SCAF_909	6173	51405	8.33	0	66
SCAF_909_region	6173	51405	8.33	0	66
SCAF_910	6170	926	0.15	0	3
SCAF_910_region	6170	926	0.15	0	3
SCAF_911	6077	124277	20.45	0	70
SCAF_911_region	6077	124277	20.45	0	70
SCAF_912	6073	16212	2.67	0	22
SCAF_912_region	6073	16212	2.67	0	22
SCAF_913	6059	394988	65.19	0	476
SCAF_913_region	6059	394988	65.19	0	476
SCAF_914	6001	7960	1.33	0	4
SCAF_914_region	6001	7960	1.33	0	4
SCAF_915	5869	54123	9.22	0	261
SCAF_915_region	5869	54123	9.22	0	261
SCAF_916	5803	1569	0.27	0	2
SCAF_916_region	5803	1569	0.27	0	2
SCAF_917	5661	14822	2.62	0	9
SCAF_917_region	5661	14822	2.62	0	9
SCAF_918	5277	7576	1.44	0	8
SCAF_918_region	5277	7576	1.44	0	8
total	51514314	1778812641	34.53	0	162258
total_region	51514314	1778812641	34.53	0	162258
