chrom	length	bases	mean	min	max
SCAF_1	5574741	688094246	123.43	0	6306
SCAF_1_region	5574741	688094246	123.43	0	6306
SCAF_2	4079479	519741909	127.40	0	8524
SCAF_2_region	4079479	519741909	127.40	0	8524
SCAF_3	3666439	443336792	120.92	0	4837
SCAF_3_region	3666439	443336792	120.92	0	4837
SCAF_4	2601389	376399574	144.69	0	5386
SCAF_4_region	2601389	376399574	144.69	0	5386
SCAF_5	2032088	258314026	127.12	0	3730
SCAF_5_region	2032088	258314026	127.12	0	3730
SCAF_6	1976889	290129167	146.76	0	4887
SCAF_6_region	1976889	290129167	146.76	0	4887
SCAF_7	1932263	256763747	132.88	0	3691
SCAF_7_region	1932263	256763747	132.88	0	3691
SCAF_8	1669080	203299999	121.80	0	4002
SCAF_8_region	1669080	203299999	121.80	0	4002
SCAF_9	1646134	216157145	131.31	0	3799
SCAF_9_region	1646134	216157145	131.31	0	3799
SCAF_10	1570817	203728609	129.70	0	2286
SCAF_10_region	1570817	203728609	129.70	0	2286
SCAF_11	1437752	200585107	139.51	0	1959
SCAF_11_region	1437752	200585107	139.51	0	1959
SCAF_12	978195	136554265	139.60	0	215826
SCAF_12_region	978195	136554265	139.60	0	215826
SCAF_13	598471	8617127	14.40	0	2148
SCAF_13_region	598471	8617127	14.40	0	2148
SCAF_14	247525	135901152	549.04	0	7843
SCAF_14_region	247525	135901152	549.04	0	7843
SCAF_15	224905	2113947	9.40	0	56
SCAF_15_region	224905	2113947	9.40	0	56
SCAF_16	181804	4320156	23.76	0	5081
SCAF_16_region	181804	4320156	23.76	0	5081
SCAF_17	176395	1948356	11.05	0	108
SCAF_17_region	176395	1948356	11.05	0	108
SCAF_18	160122	661372	4.13	0	91
SCAF_18_region	160122	661372	4.13	0	91
SCAF_19	139354	407405	2.92	0	57
SCAF_19_region	139354	407405	2.92	0	57
SCAF_20	131876	1409644	10.69	0	56
SCAF_20_region	131876	1409644	10.69	0	56
SCAF_21	130124	1486501	11.42	0	184
SCAF_21_region	130124	1486501	11.42	0	184
SCAF_22	121580	1513936	12.45	0	55
SCAF_22_region	121580	1513936	12.45	0	55
SCAF_23	117381	1149575	9.79	0	54
SCAF_23_region	117381	1149575	9.79	0	54
SCAF_24	115879	1224464	10.57	0	53
SCAF_24_region	115879	1224464	10.57	0	53
SCAF_25	115495	1050463	9.10	0	57
SCAF_25_region	115495	1050463	9.10	0	57
SCAF_26	113072	1275747	11.28	0	66
SCAF_26_region	113072	1275747	11.28	0	66
SCAF_27	110609	11152705	100.83	0	5926
SCAF_27_region	110609	11152705	100.83	0	5926
SCAF_28	109542	272443	2.49	0	110
SCAF_28_region	109542	272443	2.49	0	110
SCAF_29	108319	10155533	93.76	0	702
SCAF_29_region	108319	10155533	93.76	0	702
SCAF_30	107902	711952	6.60	0	588
SCAF_30_region	107902	711952	6.60	0	588
SCAF_31	106626	485472	4.55	0	510
SCAF_31_region	106626	485472	4.55	0	510
SCAF_32	102192	953589	9.33	0	580
SCAF_32_region	102192	953589	9.33	0	580
SCAF_33	98221	1331376	13.55	0	40
SCAF_33_region	98221	1331376	13.55	0	40
SCAF_34	97882	1463483	14.95	0	44
SCAF_34_region	97882	1463483	14.95	0	44
SCAF_35	95705	428302	4.48	0	35
SCAF_35_region	95705	428302	4.48	0	35
SCAF_36	94431	812887	8.61	0	49
SCAF_36_region	94431	812887	8.61	0	49
SCAF_37	92851	243778	2.63	0	44
SCAF_37_region	92851	243778	2.63	0	44
SCAF_38	89142	1041105	11.68	0	205
SCAF_38_region	89142	1041105	11.68	0	205
SCAF_39	88257	725629	8.22	0	38
SCAF_39_region	88257	725629	8.22	0	38
SCAF_40	85354	1067854	12.51	0	142
SCAF_40_region	85354	1067854	12.51	0	142
SCAF_41	82239	962841	11.71	0	60
SCAF_41_region	82239	962841	11.71	0	60
SCAF_42	77162	890795	11.54	0	47
SCAF_42_region	77162	890795	11.54	0	47
SCAF_43	76714	991526	12.92	0	53
SCAF_43_region	76714	991526	12.92	0	53
SCAF_44	76272	196421	2.58	0	304
SCAF_44_region	76272	196421	2.58	0	304
SCAF_45	73110	93927	1.28	0	43
SCAF_45_region	73110	93927	1.28	0	43
SCAF_46	72118	1139732	15.80	0	43
SCAF_46_region	72118	1139732	15.80	0	43
SCAF_47	70166	745379	10.62	0	39
SCAF_47_region	70166	745379	10.62	0	39
SCAF_48	69627	1094659	15.72	0	41
SCAF_48_region	69627	1094659	15.72	0	41
SCAF_49	69624	350584	5.04	0	213
SCAF_49_region	69624	350584	5.04	0	213
SCAF_50	68258	954402	13.98	0	48
SCAF_50_region	68258	954402	13.98	0	48
SCAF_51	66966	299728	4.48	0	74
SCAF_51_region	66966	299728	4.48	0	74
SCAF_52	66855	342499	5.12	0	34
SCAF_52_region	66855	342499	5.12	0	34
SCAF_53	65552	300539	4.58	0	121
SCAF_53_region	65552	300539	4.58	0	121
SCAF_54	65267	223252	3.42	0	57
SCAF_54_region	65267	223252	3.42	0	57
SCAF_55	65114	562916	8.65	0	35
SCAF_55_region	65114	562916	8.65	0	35
SCAF_56	62812	158926	2.53	0	77
SCAF_56_region	62812	158926	2.53	0	77
SCAF_57	62187	43837	0.70	0	21
SCAF_57_region	62187	43837	0.70	0	21
SCAF_58	61544	115066	1.87	0	220
SCAF_58_region	61544	115066	1.87	0	220
SCAF_59	61533	160679	2.61	0	48
SCAF_59_region	61533	160679	2.61	0	48
SCAF_60	61411	637207	10.38	0	1084
SCAF_60_region	61411	637207	10.38	0	1084
SCAF_61	61115	975270	15.96	0	48
SCAF_61_region	61115	975270	15.96	0	48
SCAF_62	59972	195938	3.27	0	234
SCAF_62_region	59972	195938	3.27	0	234
SCAF_63	59743	75141	1.26	0	133
SCAF_63_region	59743	75141	1.26	0	133
SCAF_64	58841	124360	2.11	0	298
SCAF_64_region	58841	124360	2.11	0	298
SCAF_65	58838	181202	3.08	0	28
SCAF_65_region	58838	181202	3.08	0	28
SCAF_66	58483	30053	0.51	0	103
SCAF_66_region	58483	30053	0.51	0	103
SCAF_67	57162	244523	4.28	0	40
SCAF_67_region	57162	244523	4.28	0	40
SCAF_68	56404	565420	10.02	0	218
SCAF_68_region	56404	565420	10.02	0	218
SCAF_69	55942	13221	0.24	0	17
SCAF_69_region	55942	13221	0.24	0	17
SCAF_70	55722	862335	15.48	0	36
SCAF_70_region	55722	862335	15.48	0	36
SCAF_71	55604	782762	14.08	0	40
SCAF_71_region	55604	782762	14.08	0	40
SCAF_72	54709	21837	0.40	0	19
SCAF_72_region	54709	21837	0.40	0	19
SCAF_73	52157	17002	0.33	0	20
SCAF_73_region	52157	17002	0.33	0	20
SCAF_74	52077	714156	13.71	0	39
SCAF_74_region	52077	714156	13.71	0	39
SCAF_75	51185	302743	5.91	0	65
SCAF_75_region	51185	302743	5.91	0	65
SCAF_76	50428	3119509	61.86	0	1000
SCAF_76_region	50428	3119509	61.86	0	1000
SCAF_77	50384	27062	0.54	0	27
SCAF_77_region	50384	27062	0.54	0	27
SCAF_78	49366	784258	15.89	0	54
SCAF_78_region	49366	784258	15.89	0	54
SCAF_79	49160	64734	1.32	0	61
SCAF_79_region	49160	64734	1.32	0	61
SCAF_80	48966	674947	13.78	0	40
SCAF_80_region	48966	674947	13.78	0	40
SCAF_81	48848	16232	0.33	0	20
SCAF_81_region	48848	16232	0.33	0	20
SCAF_82	48542	238094	4.90	0	54
SCAF_82_region	48542	238094	4.90	0	54
SCAF_83	48542	30123	0.62	0	35
SCAF_83_region	48542	30123	0.62	0	35
SCAF_84	47775	71545	1.50	0	48
SCAF_84_region	47775	71545	1.50	0	48
SCAF_85	47318	771067	16.30	0	74
SCAF_85_region	47318	771067	16.30	0	74
SCAF_86	46994	624988	13.30	0	42
SCAF_86_region	46994	624988	13.30	0	42
SCAF_87	46805	505351	10.80	0	33
SCAF_87_region	46805	505351	10.80	0	33
SCAF_88	46738	22512	0.48	0	18
SCAF_88_region	46738	22512	0.48	0	18
SCAF_89	46547	473899	10.18	0	37
SCAF_89_region	46547	473899	10.18	0	37
SCAF_90	46221	74747	1.62	0	75
SCAF_90_region	46221	74747	1.62	0	75
SCAF_91	44916	731634	16.29	0	40
SCAF_91_region	44916	731634	16.29	0	40
SCAF_92	44616	11397171	255.45	0	4306
SCAF_92_region	44616	11397171	255.45	0	4306
SCAF_93	44136	44859	1.02	0	19
SCAF_93_region	44136	44859	1.02	0	19
SCAF_94	43913	30352	0.69	0	39
SCAF_94_region	43913	30352	0.69	0	39
SCAF_95	43808	29572	0.68	0	13
SCAF_95_region	43808	29572	0.68	0	13
SCAF_96	43342	70343	1.62	0	26
SCAF_96_region	43342	70343	1.62	0	26
SCAF_97	43038	9380264	217.95	0	4679
SCAF_97_region	43038	9380264	217.95	0	4679
SCAF_98	42896	10000	0.23	0	7
SCAF_98_region	42896	10000	0.23	0	7
SCAF_99	42178	272128	6.45	0	33
SCAF_99_region	42178	272128	6.45	0	33
SCAF_100	41993	22306	0.53	0	22
SCAF_100_region	41993	22306	0.53	0	22
SCAF_101	41585	440953	10.60	0	36
SCAF_101_region	41585	440953	10.60	0	36
SCAF_102	41267	11265480	272.99	0	730
SCAF_102_region	41267	11265480	272.99	0	730
SCAF_103	41164	4780	0.12	0	12
SCAF_103_region	41164	4780	0.12	0	12
SCAF_104	40984	7058	0.17	0	17
SCAF_104_region	40984	7058	0.17	0	17
SCAF_105	40971	164433	4.01	0	39
SCAF_105_region	40971	164433	4.01	0	39
SCAF_106	40689	482907	11.87	0	60
SCAF_106_region	40689	482907	11.87	0	60
SCAF_107	40038	202661	5.06	0	91
SCAF_107_region	40038	202661	5.06	0	91
SCAF_108	39998	73004	1.83	0	58
SCAF_108_region	39998	73004	1.83	0	58
SCAF_109	39904	14175	0.36	0	19
SCAF_109_region	39904	14175	0.36	0	19
SCAF_110	39605	210496	5.31	0	43
SCAF_110_region	39605	210496	5.31	0	43
SCAF_111	39279	15370	0.39	0	56
SCAF_111_region	39279	15370	0.39	0	56
SCAF_112	39164	11141243	284.48	0	769
SCAF_112_region	39164	11141243	284.48	0	769
SCAF_113	39049	17807	0.46	0	21
SCAF_113_region	39049	17807	0.46	0	21
SCAF_114	38983	69887	1.79	0	28
SCAF_114_region	38983	69887	1.79	0	28
SCAF_115	38824	947650	24.41	0	1896
SCAF_115_region	38824	947650	24.41	0	1896
SCAF_116	37823	24852	0.66	0	25
SCAF_116_region	37823	24852	0.66	0	25
SCAF_117	37728	9392142	248.94	0	2942
SCAF_117_region	37728	9392142	248.94	0	2942
SCAF_118	37705	466926	12.38	0	31
SCAF_118_region	37705	466926	12.38	0	31
SCAF_119	37514	378856	10.10	0	73
SCAF_119_region	37514	378856	10.10	0	73
SCAF_120	37456	5561133	148.47	0	842
SCAF_120_region	37456	5561133	148.47	0	842
SCAF_121	37441	5367116	143.35	0	1834
SCAF_121_region	37441	5367116	143.35	0	1834
SCAF_122	37347	188673	5.05	0	302
SCAF_122_region	37347	188673	5.05	0	302
SCAF_123	37222	41993	1.13	0	30
SCAF_123_region	37222	41993	1.13	0	30
SCAF_124	36961	138170	3.74	0	322
SCAF_124_region	36961	138170	3.74	0	322
SCAF_125	36710	5217	0.14	0	8
SCAF_125_region	36710	5217	0.14	0	8
SCAF_126	36614	16759	0.46	0	70
SCAF_126_region	36614	16759	0.46	0	70
SCAF_127	36584	437970	11.97	0	41
SCAF_127_region	36584	437970	11.97	0	41
SCAF_128	36068	640403	17.76	0	39
SCAF_128_region	36068	640403	17.76	0	39
SCAF_129	35972	526081	14.62	0	34
SCAF_129_region	35972	526081	14.62	0	34
SCAF_130	35925	446914	12.44	0	33
SCAF_130_region	35925	446914	12.44	0	33
SCAF_131	35704	1238	0.03	0	17
SCAF_131_region	35704	1238	0.03	0	17
SCAF_132	35264	345165	9.79	0	30
SCAF_132_region	35264	345165	9.79	0	30
SCAF_133	35121	7890698	224.67	0	3446
SCAF_133_region	35121	7890698	224.67	0	3446
SCAF_134	35117	136099	3.88	0	30
SCAF_134_region	35117	136099	3.88	0	30
SCAF_135	34903	10098	0.29	0	20
SCAF_135_region	34903	10098	0.29	0	20
SCAF_136	34900	6313200	180.89	0	892
SCAF_136_region	34900	6313200	180.89	0	892
SCAF_137	34765	4040	0.12	0	10
SCAF_137_region	34765	4040	0.12	0	10
SCAF_138	34687	54032	1.56	0	185
SCAF_138_region	34687	54032	1.56	0	185
SCAF_139	34615	366811	10.60	0	37
SCAF_139_region	34615	366811	10.60	0	37
SCAF_140	34599	6898801	199.39	0	2162
SCAF_140_region	34599	6898801	199.39	0	2162
SCAF_141	34497	3132215	90.80	0	3176
SCAF_141_region	34497	3132215	90.80	0	3176
SCAF_142	34440	6621879	192.27	0	868
SCAF_142_region	34440	6621879	192.27	0	868
SCAF_143	34384	35364	1.03	0	23
SCAF_143_region	34384	35364	1.03	0	23
SCAF_144	34330	13868	0.40	0	14
SCAF_144_region	34330	13868	0.40	0	14
SCAF_145	34087	246915	7.24	0	32
SCAF_145_region	34087	246915	7.24	0	32
SCAF_146	33692	451841	13.41	0	36
SCAF_146_region	33692	451841	13.41	0	36
SCAF_147	33483	6234862	186.21	0	1480
SCAF_147_region	33483	6234862	186.21	0	1480
SCAF_148	33469	66080	1.97	0	42
SCAF_148_region	33469	66080	1.97	0	42
SCAF_149	33420	3865597	115.67	0	810
SCAF_149_region	33420	3865597	115.67	0	810
SCAF_150	33347	53540	1.61	0	38
SCAF_150_region	33347	53540	1.61	0	38
SCAF_151	33283	32672	0.98	0	21
SCAF_151_region	33283	32672	0.98	0	21
SCAF_152	33266	26893	0.81	0	26
SCAF_152_region	33266	26893	0.81	0	26
SCAF_153	33237	6991	0.21	0	13
SCAF_153_region	33237	6991	0.21	0	13
SCAF_154	33139	19016	0.57	0	25
SCAF_154_region	33139	19016	0.57	0	25
SCAF_155	33127	10021915	302.53	0	2888
SCAF_155_region	33127	10021915	302.53	0	2888
SCAF_156	32748	56414	1.72	0	131
SCAF_156_region	32748	56414	1.72	0	131
SCAF_157	32666	127330	3.90	0	193
SCAF_157_region	32666	127330	3.90	0	193
SCAF_158	32618	10300	0.32	0	15
SCAF_158_region	32618	10300	0.32	0	15
SCAF_159	32358	1559	0.05	0	8
SCAF_159_region	32358	1559	0.05	0	8
SCAF_160	32136	13840	0.43	0	30
SCAF_160_region	32136	13840	0.43	0	30
SCAF_161	32035	4233	0.13	0	10
SCAF_161_region	32035	4233	0.13	0	10
SCAF_162	31954	124384	3.89	0	81
SCAF_162_region	31954	124384	3.89	0	81
SCAF_163	31782	18685	0.59	0	34
SCAF_163_region	31782	18685	0.59	0	34
SCAF_164	31669	17796	0.56	0	66
SCAF_164_region	31669	17796	0.56	0	66
SCAF_165	31629	500606	15.83	0	40
SCAF_165_region	31629	500606	15.83	0	40
SCAF_166	31581	3215	0.10	0	10
SCAF_166_region	31581	3215	0.10	0	10
SCAF_167	31556	78571	2.49	0	27
SCAF_167_region	31556	78571	2.49	0	27
SCAF_168	31421	4781	0.15	0	14
SCAF_168_region	31421	4781	0.15	0	14
SCAF_169	31314	34234	1.09	0	19
SCAF_169_region	31314	34234	1.09	0	19
SCAF_170	31127	1553	0.05	0	4
SCAF_170_region	31127	1553	0.05	0	4
SCAF_171	31061	5962215	191.95	0	1015
SCAF_171_region	31061	5962215	191.95	0	1015
SCAF_172	31059	1737	0.06	0	21
SCAF_172_region	31059	1737	0.06	0	21
SCAF_173	30866	43753	1.42	0	27
SCAF_173_region	30866	43753	1.42	0	27
SCAF_174	30739	7534942	245.13	0	3268
SCAF_174_region	30739	7534942	245.13	0	3268
SCAF_175	30330	18852	0.62	0	26
SCAF_175_region	30330	18852	0.62	0	26
SCAF_176	30301	364091	12.02	0	2323
SCAF_176_region	30301	364091	12.02	0	2323
SCAF_177	30226	126738	4.19	0	164
SCAF_177_region	30226	126738	4.19	0	164
SCAF_178	30187	24153	0.80	0	20
SCAF_178_region	30187	24153	0.80	0	20
SCAF_179	30183	6662	0.22	0	8
SCAF_179_region	30183	6662	0.22	0	8
SCAF_180	30131	223246	7.41	0	194
SCAF_180_region	30131	223246	7.41	0	194
SCAF_181	30071	56397	1.88	0	35
SCAF_181_region	30071	56397	1.88	0	35
SCAF_182	30032	351332	11.70	0	49
SCAF_182_region	30032	351332	11.70	0	49
SCAF_183	30005	12338	0.41	0	14
SCAF_183_region	30005	12338	0.41	0	14
SCAF_184	29541	53431	1.81	0	218
SCAF_184_region	29541	53431	1.81	0	218
SCAF_185	29415	50904	1.73	0	53
SCAF_185_region	29415	50904	1.73	0	53
SCAF_186	29375	4057	0.14	0	15
SCAF_186_region	29375	4057	0.14	0	15
SCAF_187	29360	31176	1.06	0	54
SCAF_187_region	29360	31176	1.06	0	54
SCAF_188	29327	398961	13.60	0	37
SCAF_188_region	29327	398961	13.60	0	37
SCAF_189	29236	19613	0.67	0	31
SCAF_189_region	29236	19613	0.67	0	31
SCAF_190	29216	42599	1.46	0	89
SCAF_190_region	29216	42599	1.46	0	89
SCAF_191	29200	9083	0.31	0	12
SCAF_191_region	29200	9083	0.31	0	12
SCAF_192	29083	7137249	245.41	0	737
SCAF_192_region	29083	7137249	245.41	0	737
SCAF_193	29081	34870	1.20	0	33
SCAF_193_region	29081	34870	1.20	0	33
SCAF_194	28863	3937144	136.41	0	763
SCAF_194_region	28863	3937144	136.41	0	763
SCAF_195	28688	9189	0.32	0	13
SCAF_195_region	28688	9189	0.32	0	13
SCAF_196	28688	93909	3.27	0	220
SCAF_196_region	28688	93909	3.27	0	220
SCAF_197	28670	20933	0.73	0	22
SCAF_197_region	28670	20933	0.73	0	22
SCAF_198	28585	283637	9.92	0	33
SCAF_198_region	28585	283637	9.92	0	33
SCAF_199	28585	21141	0.74	0	185
SCAF_199_region	28585	21141	0.74	0	185
SCAF_200	28563	6692	0.23	0	13
SCAF_200_region	28563	6692	0.23	0	13
SCAF_201	28551	6833	0.24	0	16
SCAF_201_region	28551	6833	0.24	0	16
SCAF_202	28219	9840	0.35	0	18
SCAF_202_region	28219	9840	0.35	0	18
SCAF_203	28217	79067	2.80	0	166
SCAF_203_region	28217	79067	2.80	0	166
SCAF_204	28187	62578	2.22	0	457
SCAF_204_region	28187	62578	2.22	0	457
SCAF_205	28138	26369	0.94	0	24
SCAF_205_region	28138	26369	0.94	0	24
SCAF_206	28111	3310	0.12	0	5
SCAF_206_region	28111	3310	0.12	0	5
SCAF_207	27959	386748	13.83	0	38
SCAF_207_region	27959	386748	13.83	0	38
SCAF_208	27935	5016611	179.58	0	2647
SCAF_208_region	27935	5016611	179.58	0	2647
SCAF_209	27830	5350	0.19	0	4
SCAF_209_region	27830	5350	0.19	0	4
SCAF_210	27781	20868	0.75	0	23
SCAF_210_region	27781	20868	0.75	0	23
SCAF_211	27774	445151	16.03	0	40
SCAF_211_region	27774	445151	16.03	0	40
SCAF_212	27772	70891	2.55	0	31
SCAF_212_region	27772	70891	2.55	0	31
SCAF_213	27728	24957	0.90	0	32
SCAF_213_region	27728	24957	0.90	0	32
SCAF_214	27690	7139	0.26	0	11
SCAF_214_region	27690	7139	0.26	0	11
SCAF_215	27659	6032873	218.12	0	886
SCAF_215_region	27659	6032873	218.12	0	886
SCAF_216	27637	46538	1.68	0	41
SCAF_216_region	27637	46538	1.68	0	41
SCAF_217	27634	3431	0.12	0	12
SCAF_217_region	27634	3431	0.12	0	12
SCAF_218	27594	387196	14.03	0	58
SCAF_218_region	27594	387196	14.03	0	58
SCAF_219	27563	881	0.03	0	4
SCAF_219_region	27563	881	0.03	0	4
SCAF_220	27545	394518	14.32	0	41
SCAF_220_region	27545	394518	14.32	0	41
SCAF_221	27530	5633	0.20	0	13
SCAF_221_region	27530	5633	0.20	0	13
SCAF_222	27515	2503	0.09	0	11
SCAF_222_region	27515	2503	0.09	0	11
SCAF_223	27476	15226	0.55	0	14
SCAF_223_region	27476	15226	0.55	0	14
SCAF_224	27450	1434	0.05	0	11
SCAF_224_region	27450	1434	0.05	0	11
SCAF_225	27344	6044	0.22	0	6
SCAF_225_region	27344	6044	0.22	0	6
SCAF_226	27270	517571	18.98	0	491
SCAF_226_region	27270	517571	18.98	0	491
SCAF_227	27232	55257	2.03	0	31
SCAF_227_region	27232	55257	2.03	0	31
SCAF_228	27189	175579	6.46	0	114
SCAF_228_region	27189	175579	6.46	0	114
SCAF_229	27037	36521	1.35	0	32
SCAF_229_region	27037	36521	1.35	0	32
SCAF_230	26948	243607	9.04	0	35
SCAF_230_region	26948	243607	9.04	0	35
SCAF_231	26899	5514	0.20	0	18
SCAF_231_region	26899	5514	0.20	0	18
SCAF_232	26856	3475	0.13	0	15
SCAF_232_region	26856	3475	0.13	0	15
SCAF_233	26767	28601	1.07	0	26
SCAF_233_region	26767	28601	1.07	0	26
SCAF_234	26700	4789120	179.37	0	781
SCAF_234_region	26700	4789120	179.37	0	781
SCAF_235	26660	8323472	312.21	0	1798
SCAF_235_region	26660	8323472	312.21	0	1798
SCAF_236	26499	52272	1.97	0	25
SCAF_236_region	26499	52272	1.97	0	25
SCAF_237	26482	145585	5.50	0	21
SCAF_237_region	26482	145585	5.50	0	21
SCAF_238	26369	15053	0.57	0	28
SCAF_238_region	26369	15053	0.57	0	28
SCAF_239	26171	6799	0.26	0	20
SCAF_239_region	26171	6799	0.26	0	20
SCAF_240	26148	22133	0.85	0	32
SCAF_240_region	26148	22133	0.85	0	32
SCAF_241	26131	239412	9.16	0	33
SCAF_241_region	26131	239412	9.16	0	33
SCAF_242	26114	9582	0.37	0	16
SCAF_242_region	26114	9582	0.37	0	16
SCAF_243	26085	3162	0.12	0	13
SCAF_243_region	26085	3162	0.12	0	13
SCAF_244	26060	2664	0.10	0	4
SCAF_244_region	26060	2664	0.10	0	4
SCAF_245	25968	7966	0.31	0	117
SCAF_245_region	25968	7966	0.31	0	117
SCAF_246	25946	5432920	209.39	0	3907
SCAF_246_region	25946	5432920	209.39	0	3907
SCAF_247	25940	413177	15.93	0	46
SCAF_247_region	25940	413177	15.93	0	46
SCAF_248	25895	3025	0.12	0	8
SCAF_248_region	25895	3025	0.12	0	8
SCAF_249	25885	8404	0.32	0	9
SCAF_249_region	25885	8404	0.32	0	9
SCAF_250	25884	295085	11.40	0	50
SCAF_250_region	25884	295085	11.40	0	50
SCAF_251	25874	21927	0.85	0	23
SCAF_251_region	25874	21927	0.85	0	23
SCAF_252	25864	638	0.02	0	3
SCAF_252_region	25864	638	0.02	0	3
SCAF_253	25825	2664	0.10	0	11
SCAF_253_region	25825	2664	0.10	0	11
SCAF_254	25798	61854	2.40	0	77
SCAF_254_region	25798	61854	2.40	0	77
SCAF_255	25728	5492	0.21	0	7
SCAF_255_region	25728	5492	0.21	0	7
SCAF_256	25725	6137	0.24	0	14
SCAF_256_region	25725	6137	0.24	0	14
SCAF_257	25720	214318	8.33	0	32
SCAF_257_region	25720	214318	8.33	0	32
SCAF_258	25700	58227	2.27	0	250
SCAF_258_region	25700	58227	2.27	0	250
SCAF_259	25645	38810	1.51	0	73
SCAF_259_region	25645	38810	1.51	0	73
SCAF_260	25595	234774	9.17	0	41
SCAF_260_region	25595	234774	9.17	0	41
SCAF_261	25593	7274	0.28	0	16
SCAF_261_region	25593	7274	0.28	0	16
SCAF_262	25592	3185	0.12	0	4
SCAF_262_region	25592	3185	0.12	0	4
SCAF_263	25481	17599	0.69	0	19
SCAF_263_region	25481	17599	0.69	0	19
SCAF_264	25444	398876	15.68	0	50
SCAF_264_region	25444	398876	15.68	0	50
SCAF_265	25436	8114	0.32	0	12
SCAF_265_region	25436	8114	0.32	0	12
SCAF_266	25377	92236	3.63	0	20
SCAF_266_region	25377	92236	3.63	0	20
SCAF_267	25340	356952	14.09	0	35
SCAF_267_region	25340	356952	14.09	0	35
SCAF_268	25329	43288	1.71	0	28
SCAF_268_region	25329	43288	1.71	0	28
SCAF_269	25264	8638	0.34	0	18
SCAF_269_region	25264	8638	0.34	0	18
SCAF_270	25225	8257	0.33	0	15
SCAF_270_region	25225	8257	0.33	0	15
SCAF_271	25206	18767	0.74	0	33
SCAF_271_region	25206	18767	0.74	0	33
SCAF_272	25161	17110	0.68	0	29
SCAF_272_region	25161	17110	0.68	0	29
SCAF_273	25090	17723	0.71	0	20
SCAF_273_region	25090	17723	0.71	0	20
SCAF_274	24834	4328	0.17	0	14
SCAF_274_region	24834	4328	0.17	0	14
SCAF_275	24832	3080946	124.07	0	1137
SCAF_275_region	24832	3080946	124.07	0	1137
SCAF_276	24811	46508	1.87	0	59
SCAF_276_region	24811	46508	1.87	0	59
SCAF_277	24713	51656	2.09	0	32
SCAF_277_region	24713	51656	2.09	0	32
SCAF_278	24673	12962	0.53	0	23
SCAF_278_region	24673	12962	0.53	0	23
SCAF_279	24542	3510	0.14	0	9
SCAF_279_region	24542	3510	0.14	0	9
SCAF_280	24528	25861	1.05	0	25
SCAF_280_region	24528	25861	1.05	0	25
SCAF_281	24435	2079	0.09	0	16
SCAF_281_region	24435	2079	0.09	0	16
SCAF_282	24359	7553	0.31	0	18
SCAF_282_region	24359	7553	0.31	0	18
SCAF_283	24173	250393	10.36	0	30
SCAF_283_region	24173	250393	10.36	0	30
SCAF_284	24152	3746460	155.12	0	711
SCAF_284_region	24152	3746460	155.12	0	711
SCAF_285	24110	733	0.03	0	14
SCAF_285_region	24110	733	0.03	0	14
SCAF_286	24066	141098	5.86	0	375
SCAF_286_region	24066	141098	5.86	0	375
SCAF_287	23981	4991	0.21	0	15
SCAF_287_region	23981	4991	0.21	0	15
SCAF_288	23980	2950	0.12	0	6
SCAF_288_region	23980	2950	0.12	0	6
SCAF_289	23950	50169	2.09	0	32
SCAF_289_region	23950	50169	2.09	0	32
SCAF_290	23945	48917	2.04	0	30
SCAF_290_region	23945	48917	2.04	0	30
SCAF_291	23886	1516	0.06	0	2
SCAF_291_region	23886	1516	0.06	0	2
SCAF_292	23860	70571	2.96	0	48
SCAF_292_region	23860	70571	2.96	0	48
SCAF_293	23814	4011	0.17	0	17
SCAF_293_region	23814	4011	0.17	0	17
SCAF_294	23796	26233	1.10	0	28
SCAF_294_region	23796	26233	1.10	0	28
SCAF_295	23767	6988	0.29	0	18
SCAF_295_region	23767	6988	0.29	0	18
SCAF_296	23762	594418	25.02	0	4635
SCAF_296_region	23762	594418	25.02	0	4635
SCAF_297	23695	103679	4.38	0	33
SCAF_297_region	23695	103679	4.38	0	33
SCAF_298	23666	4890	0.21	0	22
SCAF_298_region	23666	4890	0.21	0	22
SCAF_299	23648	197710	8.36	0	876
SCAF_299_region	23648	197710	8.36	0	876
SCAF_300	23643	5473512	231.51	0	1585
SCAF_300_region	23643	5473512	231.51	0	1585
SCAF_301	23638	4683	0.20	0	15
SCAF_301_region	23638	4683	0.20	0	15
SCAF_302	23633	20616	0.87	0	26
SCAF_302_region	23633	20616	0.87	0	26
SCAF_303	23629	3903	0.17	0	8
SCAF_303_region	23629	3903	0.17	0	8
SCAF_304	23571	100724	4.27	0	65
SCAF_304_region	23571	100724	4.27	0	65
SCAF_305	23555	139044	5.90	0	29
SCAF_305_region	23555	139044	5.90	0	29
SCAF_306	23322	32175	1.38	0	26
SCAF_306_region	23322	32175	1.38	0	26
SCAF_307	23295	19918	0.86	0	21
SCAF_307_region	23295	19918	0.86	0	21
SCAF_308	23075	4027148	174.52	0	3109
SCAF_308_region	23075	4027148	174.52	0	3109
SCAF_309	23057	5864	0.25	0	19
SCAF_309_region	23057	5864	0.25	0	19
SCAF_310	23011	10000	0.43	0	12
SCAF_310_region	23011	10000	0.43	0	12
SCAF_311	22999	2834	0.12	0	22
SCAF_311_region	22999	2834	0.12	0	22
SCAF_312	22896	10176	0.44	0	17
SCAF_312_region	22896	10176	0.44	0	17
SCAF_313	22877	1925	0.08	0	3
SCAF_313_region	22877	1925	0.08	0	3
SCAF_314	22871	6344082	277.39	0	4359
SCAF_314_region	22871	6344082	277.39	0	4359
SCAF_315	22844	36014	1.58	0	247
SCAF_315_region	22844	36014	1.58	0	247
SCAF_316	22844	2310	0.10	0	14
SCAF_316_region	22844	2310	0.10	0	14
SCAF_317	22833	4102	0.18	0	31
SCAF_317_region	22833	4102	0.18	0	31
SCAF_318	22713	14253	0.63	0	14
SCAF_318_region	22713	14253	0.63	0	14
SCAF_319	22685	8094	0.36	0	15
SCAF_319_region	22685	8094	0.36	0	15
SCAF_320	22653	7194	0.32	0	20
SCAF_320_region	22653	7194	0.32	0	20
SCAF_321	22554	2769	0.12	0	22
SCAF_321_region	22554	2769	0.12	0	22
SCAF_322	22539	3105	0.14	0	9
SCAF_322_region	22539	3105	0.14	0	9
SCAF_323	22525	21745	0.97	0	46
SCAF_323_region	22525	21745	0.97	0	46
SCAF_324	22489	280997	12.49	0	34
SCAF_324_region	22489	280997	12.49	0	34
SCAF_325	22468	67962	3.02	0	40
SCAF_325_region	22468	67962	3.02	0	40
SCAF_326	22392	5807732	259.37	0	3989
SCAF_326_region	22392	5807732	259.37	0	3989
SCAF_327	22337	14797	0.66	0	17
SCAF_327_region	22337	14797	0.66	0	17
SCAF_328	22280	6013241	269.89	0	1046
SCAF_328_region	22280	6013241	269.89	0	1046
SCAF_329	22245	7385	0.33	0	27
SCAF_329_region	22245	7385	0.33	0	27
SCAF_330	22040	12449	0.56	0	15
SCAF_330_region	22040	12449	0.56	0	15
SCAF_331	22029	1062	0.05	0	3
SCAF_331_region	22029	1062	0.05	0	3
SCAF_332	21923	1456	0.07	0	3
SCAF_332_region	21923	1456	0.07	0	3
SCAF_333	21867	13781	0.63	0	18
SCAF_333_region	21867	13781	0.63	0	18
SCAF_334	21813	4009	0.18	0	14
SCAF_334_region	21813	4009	0.18	0	14
SCAF_335	21800	188207	8.63	0	41
SCAF_335_region	21800	188207	8.63	0	41
SCAF_336	21691	2532	0.12	0	8
SCAF_336_region	21691	2532	0.12	0	8
SCAF_337	21675	10328	0.48	0	23
SCAF_337_region	21675	10328	0.48	0	23
SCAF_338	21621	18761	0.87	0	20
SCAF_338_region	21621	18761	0.87	0	20
SCAF_339	21529	18814	0.87	0	65
SCAF_339_region	21529	18814	0.87	0	65
SCAF_340	21472	36171	1.68	0	29
SCAF_340_region	21472	36171	1.68	0	29
SCAF_341	21449	2144	0.10	0	10
SCAF_341_region	21449	2144	0.10	0	10
SCAF_342	21444	138358	6.45	0	318
SCAF_342_region	21444	138358	6.45	0	318
SCAF_343	21365	4210	0.20	0	9
SCAF_343_region	21365	4210	0.20	0	9
SCAF_344	21355	156694	7.34	0	25
SCAF_344_region	21355	156694	7.34	0	25
SCAF_345	21334	3636	0.17	0	16
SCAF_345_region	21334	3636	0.17	0	16
SCAF_346	21294	4183969	196.49	0	719
SCAF_346_region	21294	4183969	196.49	0	719
SCAF_347	21288	1800	0.08	0	13
SCAF_347_region	21288	1800	0.08	0	13
SCAF_348	21209	21262	1.00	0	23
SCAF_348_region	21209	21262	1.00	0	23
SCAF_349	21199	1302	0.06	0	15
SCAF_349_region	21199	1302	0.06	0	15
SCAF_350	21189	13163	0.62	0	53
SCAF_350_region	21189	13163	0.62	0	53
SCAF_351	21106	224410	10.63	0	37
SCAF_351_region	21106	224410	10.63	0	37
SCAF_352	21098	41935	1.99	0	47
SCAF_352_region	21098	41935	1.99	0	47
SCAF_353	21078	35661	1.69	0	54
SCAF_353_region	21078	35661	1.69	0	54
SCAF_354	20991	12705	0.61	0	25
SCAF_354_region	20991	12705	0.61	0	25
SCAF_355	20981	6264	0.30	0	13
SCAF_355_region	20981	6264	0.30	0	13
SCAF_356	20980	4917	0.23	0	17
SCAF_356_region	20980	4917	0.23	0	17
SCAF_357	20976	12512	0.60	0	59
SCAF_357_region	20976	12512	0.60	0	59
SCAF_358	20871	4698	0.23	0	18
SCAF_358_region	20871	4698	0.23	0	18
SCAF_359	20831	3167	0.15	0	7
SCAF_359_region	20831	3167	0.15	0	7
SCAF_360	20777	10812	0.52	0	61
SCAF_360_region	20777	10812	0.52	0	61
SCAF_361	20737	42150	2.03	0	23
SCAF_361_region	20737	42150	2.03	0	23
SCAF_362	20702	289798	14.00	0	48
SCAF_362_region	20702	289798	14.00	0	48
SCAF_363	20586	1919	0.09	0	16
SCAF_363_region	20586	1919	0.09	0	16
SCAF_364	20574	12018	0.58	0	15
SCAF_364_region	20574	12018	0.58	0	15
SCAF_365	20553	5658	0.28	0	17
SCAF_365_region	20553	5658	0.28	0	17
SCAF_366	20522	12515	0.61	0	58
SCAF_366_region	20522	12515	0.61	0	58
SCAF_367	20517	19065	0.93	0	24
SCAF_367_region	20517	19065	0.93	0	24
SCAF_368	20452	139511	6.82	0	26
SCAF_368_region	20452	139511	6.82	0	26
SCAF_369	20438	172686	8.45	0	41
SCAF_369_region	20438	172686	8.45	0	41
SCAF_370	20350	17925	0.88	0	19
SCAF_370_region	20350	17925	0.88	0	19
SCAF_371	20349	18502	0.91	0	47
SCAF_371_region	20349	18502	0.91	0	47
SCAF_372	20285	36031	1.78	0	16
SCAF_372_region	20285	36031	1.78	0	16
SCAF_373	20282	10285	0.51	0	97
SCAF_373_region	20282	10285	0.51	0	97
SCAF_374	20282	4084544	201.39	0	874
SCAF_374_region	20282	4084544	201.39	0	874
SCAF_375	20179	116196	5.76	0	146
SCAF_375_region	20179	116196	5.76	0	146
SCAF_376	20174	5575	0.28	0	8
SCAF_376_region	20174	5575	0.28	0	8
SCAF_377	20160	4768	0.24	0	16
SCAF_377_region	20160	4768	0.24	0	16
SCAF_378	20157	2846353	141.21	0	676
SCAF_378_region	20157	2846353	141.21	0	676
SCAF_379	20150	126643	6.29	0	24
SCAF_379_region	20150	126643	6.29	0	24
SCAF_380	20140	23441	1.16	0	91
SCAF_380_region	20140	23441	1.16	0	91
SCAF_381	20082	5197	0.26	0	27
SCAF_381_region	20082	5197	0.26	0	27
SCAF_382	20068	2894	0.14	0	15
SCAF_382_region	20068	2894	0.14	0	15
SCAF_383	20052	6261	0.31	0	8
SCAF_383_region	20052	6261	0.31	0	8
SCAF_384	20039	185481	9.26	0	47
SCAF_384_region	20039	185481	9.26	0	47
SCAF_385	20036	173088	8.64	0	34
SCAF_385_region	20036	173088	8.64	0	34
SCAF_386	20004	4933	0.25	0	6
SCAF_386_region	20004	4933	0.25	0	6
SCAF_387	19967	34555	1.73	0	39
SCAF_387_region	19967	34555	1.73	0	39
SCAF_388	19953	142701	7.15	0	44
SCAF_388_region	19953	142701	7.15	0	44
SCAF_389	19874	6952	0.35	0	13
SCAF_389_region	19874	6952	0.35	0	13
SCAF_390	19870	2630068	132.36	0	1150
SCAF_390_region	19870	2630068	132.36	0	1150
SCAF_391	19819	11814	0.60	0	25
SCAF_391_region	19819	11814	0.60	0	25
SCAF_392	19814	11526	0.58	0	17
SCAF_392_region	19814	11526	0.58	0	17
SCAF_393	19805	8390	0.42	0	14
SCAF_393_region	19805	8390	0.42	0	14
SCAF_394	19796	3047	0.15	0	11
SCAF_394_region	19796	3047	0.15	0	11
SCAF_395	19788	10071489	508.97	0	3018
SCAF_395_region	19788	10071489	508.97	0	3018
SCAF_396	19769	84554	4.28	0	35
SCAF_396_region	19769	84554	4.28	0	35
SCAF_397	19737	78819	3.99	0	25
SCAF_397_region	19737	78819	3.99	0	25
SCAF_398	19694	127580	6.48	0	36
SCAF_398_region	19694	127580	6.48	0	36
SCAF_399	19627	2396	0.12	0	13
SCAF_399_region	19627	2396	0.12	0	13
SCAF_400	19559	66874	3.42	0	51
SCAF_400_region	19559	66874	3.42	0	51
SCAF_401	19529	12508	0.64	0	10
SCAF_401_region	19529	12508	0.64	0	10
SCAF_402	19485	7930	0.41	0	15
SCAF_402_region	19485	7930	0.41	0	15
SCAF_403	19440	40676	2.09	0	61
SCAF_403_region	19440	40676	2.09	0	61
SCAF_404	19429	17325	0.89	0	22
SCAF_404_region	19429	17325	0.89	0	22
SCAF_405	19412	8123	0.42	0	17
SCAF_405_region	19412	8123	0.42	0	17
SCAF_406	19412	12508	0.64	0	25
SCAF_406_region	19412	12508	0.64	0	25
SCAF_407	19392	10609	0.55	0	16
SCAF_407_region	19392	10609	0.55	0	16
SCAF_408	19383	468	0.02	0	3
SCAF_408_region	19383	468	0.02	0	3
SCAF_409	19350	7080	0.37	0	10
SCAF_409_region	19350	7080	0.37	0	10
SCAF_410	19334	2497	0.13	0	16
SCAF_410_region	19334	2497	0.13	0	16
SCAF_411	19319	1080	0.06	0	13
SCAF_411_region	19319	1080	0.06	0	13
SCAF_412	19298	210343	10.90	0	34
SCAF_412_region	19298	210343	10.90	0	34
SCAF_413	19281	239866	12.44	0	33
SCAF_413_region	19281	239866	12.44	0	33
SCAF_414	19250	25403	1.32	0	16
SCAF_414_region	19250	25403	1.32	0	16
SCAF_415	19240	24018	1.25	0	25
SCAF_415_region	19240	24018	1.25	0	25
SCAF_416	19198	23981	1.25	0	22
SCAF_416_region	19198	23981	1.25	0	22
SCAF_417	19156	3708	0.19	0	20
SCAF_417_region	19156	3708	0.19	0	20
SCAF_418	19069	3009809	157.84	0	577
SCAF_418_region	19069	3009809	157.84	0	577
SCAF_419	19061	54475	2.86	0	21
SCAF_419_region	19061	54475	2.86	0	21
SCAF_420	19040	5915	0.31	0	10
SCAF_420_region	19040	5915	0.31	0	10
SCAF_421	19012	3922	0.21	0	7
SCAF_421_region	19012	3922	0.21	0	7
SCAF_422	18950	125628	6.63	0	36
SCAF_422_region	18950	125628	6.63	0	36
SCAF_423	18945	13614	0.72	0	13
SCAF_423_region	18945	13614	0.72	0	13
SCAF_424	18943	26095	1.38	0	62
SCAF_424_region	18943	26095	1.38	0	62
SCAF_425	18932	88501	4.67	0	38
SCAF_425_region	18932	88501	4.67	0	38
SCAF_426	18882	7102	0.38	0	15
SCAF_426_region	18882	7102	0.38	0	15
SCAF_427	18874	123796	6.56	0	244
SCAF_427_region	18874	123796	6.56	0	244
SCAF_428	18866	1563857	82.89	0	691
SCAF_428_region	18866	1563857	82.89	0	691
SCAF_429	18866	14385	0.76	0	13
SCAF_429_region	18866	14385	0.76	0	13
SCAF_430	18815	1148	0.06	0	2
SCAF_430_region	18815	1148	0.06	0	2
SCAF_431	18805	206078	10.96	0	29
SCAF_431_region	18805	206078	10.96	0	29
SCAF_432	18790	168723	8.98	0	53
SCAF_432_region	18790	168723	8.98	0	53
SCAF_433	18773	5384	0.29	0	15
SCAF_433_region	18773	5384	0.29	0	15
SCAF_434	18766	18610	0.99	0	41
SCAF_434_region	18766	18610	0.99	0	41
SCAF_435	18753	152871	8.15	0	108
SCAF_435_region	18753	152871	8.15	0	108
SCAF_436	18746	65936	3.52	0	33
SCAF_436_region	18746	65936	3.52	0	33
SCAF_437	18721	37166	1.99	0	25
SCAF_437_region	18721	37166	1.99	0	25
SCAF_438	18669	2652	0.14	0	9
SCAF_438_region	18669	2652	0.14	0	9
SCAF_439	18588	115878	6.23	0	165
SCAF_439_region	18588	115878	6.23	0	165
SCAF_440	18561	26307	1.42	0	292
SCAF_440_region	18561	26307	1.42	0	292
SCAF_441	18530	30954	1.67	0	31
SCAF_441_region	18530	30954	1.67	0	31
SCAF_442	18489	7492	0.41	0	10
SCAF_442_region	18489	7492	0.41	0	10
SCAF_443	18479	17868	0.97	0	30
SCAF_443_region	18479	17868	0.97	0	30
SCAF_444	18424	58364	3.17	0	23
SCAF_444_region	18424	58364	3.17	0	23
SCAF_445	18396	4040	0.22	0	7
SCAF_445_region	18396	4040	0.22	0	7
SCAF_446	18392	166255	9.04	0	29
SCAF_446_region	18392	166255	9.04	0	29
SCAF_447	18255	6806	0.37	0	8
SCAF_447_region	18255	6806	0.37	0	8
SCAF_448	18252	143289	7.85	0	29
SCAF_448_region	18252	143289	7.85	0	29
SCAF_449	18248	3382	0.19	0	3
SCAF_449_region	18248	3382	0.19	0	3
SCAF_450	18208	8957	0.49	0	17
SCAF_450_region	18208	8957	0.49	0	17
SCAF_451	18202	223337	12.27	0	191
SCAF_451_region	18202	223337	12.27	0	191
SCAF_452	18192	2265	0.12	0	16
SCAF_452_region	18192	2265	0.12	0	16
SCAF_453	18150	6929	0.38	0	10
SCAF_453_region	18150	6929	0.38	0	10
SCAF_454	18134	4343	0.24	0	11
SCAF_454_region	18134	4343	0.24	0	11
SCAF_455	18114	419	0.02	0	5
SCAF_455_region	18114	419	0.02	0	5
SCAF_456	18112	8481	0.47	0	14
SCAF_456_region	18112	8481	0.47	0	14
SCAF_457	18054	216445	11.99	0	31
SCAF_457_region	18054	216445	11.99	0	31
SCAF_458	18006	2737	0.15	0	15
SCAF_458_region	18006	2737	0.15	0	15
SCAF_459	18000	1725	0.10	0	5
SCAF_459_region	18000	1725	0.10	0	5
SCAF_460	17967	43306	2.41	0	30
SCAF_460_region	17967	43306	2.41	0	30
SCAF_461	17943	2774	0.15	0	5
SCAF_461_region	17943	2774	0.15	0	5
SCAF_462	17929	5709	0.32	0	99
SCAF_462_region	17929	5709	0.32	0	99
SCAF_463	17921	854	0.05	0	3
SCAF_463_region	17921	854	0.05	0	3
SCAF_464	17913	5014	0.28	0	13
SCAF_464_region	17913	5014	0.28	0	13
SCAF_465	17912	1774	0.10	0	8
SCAF_465_region	17912	1774	0.10	0	8
SCAF_466	17886	59190	3.31	0	26
SCAF_466_region	17886	59190	3.31	0	26
SCAF_467	17859	1026	0.06	0	9
SCAF_467_region	17859	1026	0.06	0	9
SCAF_468	17837	10970	0.62	0	42
SCAF_468_region	17837	10970	0.62	0	42
SCAF_469	17802	933	0.05	0	14
SCAF_469_region	17802	933	0.05	0	14
SCAF_470	17776	15883	0.89	0	29
SCAF_470_region	17776	15883	0.89	0	29
SCAF_471	17682	4942	0.28	0	8
SCAF_471_region	17682	4942	0.28	0	8
SCAF_472	17646	56880	3.22	0	25
SCAF_472_region	17646	56880	3.22	0	25
SCAF_473	17646	93441	5.30	0	25
SCAF_473_region	17646	93441	5.30	0	25
SCAF_474	17642	3320382	188.21	0	729
SCAF_474_region	17642	3320382	188.21	0	729
SCAF_475	17613	10311	0.59	0	123
SCAF_475_region	17613	10311	0.59	0	123
SCAF_476	17602	27770	1.58	0	213
SCAF_476_region	17602	27770	1.58	0	213
SCAF_477	17571	1369	0.08	0	15
SCAF_477_region	17571	1369	0.08	0	15
SCAF_478	17535	5686	0.32	0	16
SCAF_478_region	17535	5686	0.32	0	16
SCAF_479	17528	48563	2.77	0	16
SCAF_479_region	17528	48563	2.77	0	16
SCAF_480	17503	1860	0.11	0	7
SCAF_480_region	17503	1860	0.11	0	7
SCAF_481	17502	9418	0.54	0	18
SCAF_481_region	17502	9418	0.54	0	18
SCAF_482	17480	9784	0.56	0	15
SCAF_482_region	17480	9784	0.56	0	15
SCAF_483	17476	8306	0.48	0	13
SCAF_483_region	17476	8306	0.48	0	13
SCAF_484	17457	296930	17.01	0	624
SCAF_484_region	17457	296930	17.01	0	624
SCAF_485	17386	12216	0.70	0	24
SCAF_485_region	17386	12216	0.70	0	24
SCAF_486	17362	2825	0.16	0	4
SCAF_486_region	17362	2825	0.16	0	4
SCAF_487	17332	3891	0.22	0	20
SCAF_487_region	17332	3891	0.22	0	20
SCAF_488	17327	2177	0.13	0	4
SCAF_488_region	17327	2177	0.13	0	4
SCAF_489	17303	2917	0.17	0	10
SCAF_489_region	17303	2917	0.17	0	10
SCAF_490	17273	28618	1.66	0	24
SCAF_490_region	17273	28618	1.66	0	24
SCAF_491	17245	93414	5.42	0	186
SCAF_491_region	17245	93414	5.42	0	186
SCAF_492	17239	25373	1.47	0	21
SCAF_492_region	17239	25373	1.47	0	21
SCAF_493	17219	4701	0.27	0	6
SCAF_493_region	17219	4701	0.27	0	6
SCAF_494	17218	1751	0.10	0	4
SCAF_494_region	17218	1751	0.10	0	4
SCAF_495	17211	21737	1.26	0	17
SCAF_495_region	17211	21737	1.26	0	17
SCAF_496	17198	27548	1.60	0	131
SCAF_496_region	17198	27548	1.60	0	131
SCAF_497	17190	1116	0.06	0	9
SCAF_497_region	17190	1116	0.06	0	9
SCAF_498	17162	49878	2.91	0	24
SCAF_498_region	17162	49878	2.91	0	24
SCAF_499	17147	1740	0.10	0	5
SCAF_499_region	17147	1740	0.10	0	5
SCAF_500	17144	3478	0.20	0	11
SCAF_500_region	17144	3478	0.20	0	11
SCAF_501	17142	3999	0.23	0	8
SCAF_501_region	17142	3999	0.23	0	8
SCAF_502	17124	57744	3.37	0	44
SCAF_502_region	17124	57744	3.37	0	44
SCAF_503	17118	53590	3.13	0	40
SCAF_503_region	17118	53590	3.13	0	40
SCAF_504	17076	25063	1.47	0	37
SCAF_504_region	17076	25063	1.47	0	37
SCAF_505	17047	2228711	130.74	0	536
SCAF_505_region	17047	2228711	130.74	0	536
SCAF_506	17043	9383	0.55	0	108
SCAF_506_region	17043	9383	0.55	0	108
SCAF_507	17035	42497	2.49	0	44
SCAF_507_region	17035	42497	2.49	0	44
SCAF_508	17021	43825	2.57	0	58
SCAF_508_region	17021	43825	2.57	0	58
SCAF_509	16971	3544	0.21	0	14
SCAF_509_region	16971	3544	0.21	0	14
SCAF_510	16897	217890	12.90	0	32
SCAF_510_region	16897	217890	12.90	0	32
SCAF_511	16849	2038	0.12	0	5
SCAF_511_region	16849	2038	0.12	0	5
SCAF_512	16807	4324	0.26	0	15
SCAF_512_region	16807	4324	0.26	0	15
SCAF_513	16787	957	0.06	0	12
SCAF_513_region	16787	957	0.06	0	12
SCAF_514	16784	2937	0.17	0	18
SCAF_514_region	16784	2937	0.17	0	18
SCAF_515	16776	3486	0.21	0	15
SCAF_515_region	16776	3486	0.21	0	15
SCAF_516	16745	1102	0.07	0	9
SCAF_516_region	16745	1102	0.07	0	9
SCAF_517	16741	2281	0.14	0	6
SCAF_517_region	16741	2281	0.14	0	6
SCAF_518	16733	145217	8.68	0	28
SCAF_518_region	16733	145217	8.68	0	28
SCAF_519	16710	25832	1.55	0	38
SCAF_519_region	16710	25832	1.55	0	38
SCAF_520	16702	3204401	191.86	0	3368
SCAF_520_region	16702	3204401	191.86	0	3368
SCAF_521	16701	1332	0.08	0	4
SCAF_521_region	16701	1332	0.08	0	4
SCAF_522	16645	9664	0.58	0	23
SCAF_522_region	16645	9664	0.58	0	23
SCAF_523	16623	3310	0.20	0	6
SCAF_523_region	16623	3310	0.20	0	6
SCAF_524	16568	3423	0.21	0	11
SCAF_524_region	16568	3423	0.21	0	11
SCAF_525	16548	4863	0.29	0	10
SCAF_525_region	16548	4863	0.29	0	10
SCAF_526	16541	8388	0.51	0	13
SCAF_526_region	16541	8388	0.51	0	13
SCAF_527	16518	2183569	132.19	0	798
SCAF_527_region	16518	2183569	132.19	0	798
SCAF_528	16510	28270	1.71	0	37
SCAF_528_region	16510	28270	1.71	0	37
SCAF_529	16492	30630	1.86	0	21
SCAF_529_region	16492	30630	1.86	0	21
SCAF_530	16462	57700	3.51	0	25
SCAF_530_region	16462	57700	3.51	0	25
SCAF_531	16461	681	0.04	0	6
SCAF_531_region	16461	681	0.04	0	6
SCAF_532	16447	36426	2.21	0	24
SCAF_532_region	16447	36426	2.21	0	24
SCAF_533	16383	50121	3.06	0	25
SCAF_533_region	16383	50121	3.06	0	25
SCAF_534	16345	20809	1.27	0	29
SCAF_534_region	16345	20809	1.27	0	29
SCAF_535	16343	4796	0.29	0	10
SCAF_535_region	16343	4796	0.29	0	10
SCAF_536	16333	2986	0.18	0	9
SCAF_536_region	16333	2986	0.18	0	9
SCAF_537	16287	166288	10.21	0	36
SCAF_537_region	16287	166288	10.21	0	36
SCAF_538	16266	29586	1.82	0	22
SCAF_538_region	16266	29586	1.82	0	22
SCAF_539	16246	635	0.04	0	2
SCAF_539_region	16246	635	0.04	0	2
SCAF_540	16245	8682	0.53	0	16
SCAF_540_region	16245	8682	0.53	0	16
SCAF_541	16215	8133	0.50	0	10
SCAF_541_region	16215	8133	0.50	0	10
SCAF_542	16208	26419	1.63	0	19
SCAF_542_region	16208	26419	1.63	0	19
SCAF_543	16160	16631	1.03	0	23
SCAF_543_region	16160	16631	1.03	0	23
SCAF_544	16140	1058	0.07	0	7
SCAF_544_region	16140	1058	0.07	0	7
SCAF_545	16102	4929	0.31	0	15
SCAF_545_region	16102	4929	0.31	0	15
SCAF_546	16083	7839	0.49	0	15
SCAF_546_region	16083	7839	0.49	0	15
SCAF_547	16037	5379	0.34	0	16
SCAF_547_region	16037	5379	0.34	0	16
SCAF_548	16034	28010	1.75	0	23
SCAF_548_region	16034	28010	1.75	0	23
SCAF_549	16030	51678	3.22	0	33
SCAF_549_region	16030	51678	3.22	0	33
SCAF_550	16027	1230	0.08	0	6
SCAF_550_region	16027	1230	0.08	0	6
SCAF_551	15990	174874	10.94	0	38
SCAF_551_region	15990	174874	10.94	0	38
SCAF_552	15913	308103	19.36	0	44
SCAF_552_region	15913	308103	19.36	0	44
SCAF_553	15906	10579	0.67	0	22
SCAF_553_region	15906	10579	0.67	0	22
SCAF_554	15898	3198	0.20	0	20
SCAF_554_region	15898	3198	0.20	0	20
SCAF_555	15891	2710	0.17	0	13
SCAF_555_region	15891	2710	0.17	0	13
SCAF_556	15885	3224	0.20	0	8
SCAF_556_region	15885	3224	0.20	0	8
SCAF_557	15855	4145	0.26	0	12
SCAF_557_region	15855	4145	0.26	0	12
SCAF_558	15839	15580	0.98	0	27
SCAF_558_region	15839	15580	0.98	0	27
SCAF_559	15827	5459	0.34	0	9
SCAF_559_region	15827	5459	0.34	0	9
SCAF_560	15823	28492	1.80	0	60
SCAF_560_region	15823	28492	1.80	0	60
SCAF_561	15791	3603	0.23	0	16
SCAF_561_region	15791	3603	0.23	0	16
SCAF_562	15777	3359647	212.95	0	680
SCAF_562_region	15777	3359647	212.95	0	680
SCAF_563	15776	33700	2.14	0	29
SCAF_563_region	15776	33700	2.14	0	29
SCAF_564	15761	7844	0.50	0	18
SCAF_564_region	15761	7844	0.50	0	18
SCAF_565	15717	3540	0.23	0	13
SCAF_565_region	15717	3540	0.23	0	13
SCAF_566	15706	1624	0.10	0	10
SCAF_566_region	15706	1624	0.10	0	10
SCAF_567	15696	5555	0.35	0	6
SCAF_567_region	15696	5555	0.35	0	6
SCAF_568	15657	2911	0.19	0	2
SCAF_568_region	15657	2911	0.19	0	2
SCAF_569	15650	8638	0.55	0	21
SCAF_569_region	15650	8638	0.55	0	21
SCAF_570	15646	1681	0.11	0	20
SCAF_570_region	15646	1681	0.11	0	20
SCAF_571	15619	412	0.03	0	5
SCAF_571_region	15619	412	0.03	0	5
SCAF_572	15612	15314	0.98	0	18
SCAF_572_region	15612	15314	0.98	0	18
SCAF_573	15605	4472	0.29	0	12
SCAF_573_region	15605	4472	0.29	0	12
SCAF_574	15575	8963	0.58	0	29
SCAF_574_region	15575	8963	0.58	0	29
SCAF_575	15573	1282	0.08	0	4
SCAF_575_region	15573	1282	0.08	0	4
SCAF_576	15571	47750	3.07	0	48
SCAF_576_region	15571	47750	3.07	0	48
SCAF_577	15544	2788	0.18	0	17
SCAF_577_region	15544	2788	0.18	0	17
SCAF_578	15521	175	0.01	0	2
SCAF_578_region	15521	175	0.01	0	2
SCAF_579	15497	12742	0.82	0	57
SCAF_579_region	15497	12742	0.82	0	57
SCAF_580	15481	2688	0.17	0	13
SCAF_580_region	15481	2688	0.17	0	13
SCAF_581	15458	66687	4.31	0	37
SCAF_581_region	15458	66687	4.31	0	37
SCAF_582	15439	39025	2.53	0	29
SCAF_582_region	15439	39025	2.53	0	29
SCAF_583	15421	46173	2.99	0	22
SCAF_583_region	15421	46173	2.99	0	22
SCAF_584	15337	15998	1.04	0	37
SCAF_584_region	15337	15998	1.04	0	37
SCAF_585	15336	13266	0.87	0	19
SCAF_585_region	15336	13266	0.87	0	19
SCAF_586	15301	76110	4.97	0	32
SCAF_586_region	15301	76110	4.97	0	32
SCAF_587	15300	3307777	216.19	0	7530
SCAF_587_region	15300	3307777	216.19	0	7530
SCAF_588	15298	2627	0.17	0	15
SCAF_588_region	15298	2627	0.17	0	15
SCAF_589	15238	46684	3.06	0	30
SCAF_589_region	15238	46684	3.06	0	30
SCAF_590	15205	199271	13.11	0	38
SCAF_590_region	15205	199271	13.11	0	38
SCAF_591	15162	125996	8.31	0	26
SCAF_591_region	15162	125996	8.31	0	26
SCAF_592	15154	6509	0.43	0	9
SCAF_592_region	15154	6509	0.43	0	9
SCAF_593	15087	31586	2.09	0	33
SCAF_593_region	15087	31586	2.09	0	33
SCAF_594	15082	145843	9.67	0	90
SCAF_594_region	15082	145843	9.67	0	90
SCAF_595	15055	205348	13.64	0	31
SCAF_595_region	15055	205348	13.64	0	31
SCAF_596	15045	3308	0.22	0	13
SCAF_596_region	15045	3308	0.22	0	13
SCAF_597	15030	14136	0.94	0	21
SCAF_597_region	15030	14136	0.94	0	21
SCAF_598	15027	7984	0.53	0	29
SCAF_598_region	15027	7984	0.53	0	29
SCAF_599	15000	160459	10.70	0	26
SCAF_599_region	15000	160459	10.70	0	26
SCAF_600	14995	9276	0.62	0	16
SCAF_600_region	14995	9276	0.62	0	16
SCAF_601	14985	18590	1.24	0	21
SCAF_601_region	14985	18590	1.24	0	21
SCAF_602	14930	2637	0.18	0	4
SCAF_602_region	14930	2637	0.18	0	4
SCAF_603	14898	961	0.06	0	4
SCAF_603_region	14898	961	0.06	0	4
SCAF_604	14863	1987	0.13	0	2
SCAF_604_region	14863	1987	0.13	0	2
SCAF_605	14840	3252	0.22	0	13
SCAF_605_region	14840	3252	0.22	0	13
SCAF_606	14808	685	0.05	0	10
SCAF_606_region	14808	685	0.05	0	10
SCAF_607	14807	117990	7.97	0	49
SCAF_607_region	14807	117990	7.97	0	49
SCAF_608	14785	26639	1.80	0	24
SCAF_608_region	14785	26639	1.80	0	24
SCAF_609	14742	569194	38.61	0	831
SCAF_609_region	14742	569194	38.61	0	831
SCAF_610	14738	22901	1.55	0	12
SCAF_610_region	14738	22901	1.55	0	12
SCAF_611	14737	110145	7.47	0	27
SCAF_611_region	14737	110145	7.47	0	27
SCAF_612	14712	2244259	152.55	0	487
SCAF_612_region	14712	2244259	152.55	0	487
SCAF_613	14708	47674	3.24	0	70
SCAF_613_region	14708	47674	3.24	0	70
SCAF_614	14694	1525	0.10	0	16
SCAF_614_region	14694	1525	0.10	0	16
SCAF_615	14684	12154	0.83	0	35
SCAF_615_region	14684	12154	0.83	0	35
SCAF_616	14676	439	0.03	0	2
SCAF_616_region	14676	439	0.03	0	2
SCAF_617	14662	17228	1.18	0	18
SCAF_617_region	14662	17228	1.18	0	18
SCAF_618	14658	1217	0.08	0	3
SCAF_618_region	14658	1217	0.08	0	3
SCAF_619	14650	48884	3.34	0	195
SCAF_619_region	14650	48884	3.34	0	195
SCAF_620	14639	11414	0.78	0	22
SCAF_620_region	14639	11414	0.78	0	22
SCAF_621	14614	105996	7.25	0	612
SCAF_621_region	14614	105996	7.25	0	612
SCAF_622	14596	26066	1.79	0	30
SCAF_622_region	14596	26066	1.79	0	30
SCAF_623	14590	23972	1.64	0	18
SCAF_623_region	14590	23972	1.64	0	18
SCAF_624	14581	1144	0.08	0	7
SCAF_624_region	14581	1144	0.08	0	7
SCAF_625	14547	6131	0.42	0	12
SCAF_625_region	14547	6131	0.42	0	12
SCAF_626	14527	16571	1.14	0	27
SCAF_626_region	14527	16571	1.14	0	27
SCAF_627	14523	1755	0.12	0	7
SCAF_627_region	14523	1755	0.12	0	7
SCAF_628	14498	28229	1.95	0	17
SCAF_628_region	14498	28229	1.95	0	17
SCAF_629	14453	4705	0.33	0	13
SCAF_629_region	14453	4705	0.33	0	13
SCAF_630	14414	7699	0.53	0	8
SCAF_630_region	14414	7699	0.53	0	8
SCAF_631	14395	1242	0.09	0	2
SCAF_631_region	14395	1242	0.09	0	2
SCAF_632	14385	9044	0.63	0	16
SCAF_632_region	14385	9044	0.63	0	16
SCAF_633	14371	2528	0.18	0	5
SCAF_633_region	14371	2528	0.18	0	5
SCAF_634	14371	7270	0.51	0	13
SCAF_634_region	14371	7270	0.51	0	13
SCAF_635	14280	65704	4.60	0	46
SCAF_635_region	14280	65704	4.60	0	46
SCAF_636	14276	28927	2.03	0	24
SCAF_636_region	14276	28927	2.03	0	24
SCAF_637	14236	77372	5.43	0	28
SCAF_637_region	14236	77372	5.43	0	28
SCAF_638	14229	2898	0.20	0	6
SCAF_638_region	14229	2898	0.20	0	6
SCAF_639	14202	240	0.02	0	2
SCAF_639_region	14202	240	0.02	0	2
SCAF_640	14111	25481	1.81	0	19
SCAF_640_region	14111	25481	1.81	0	19
SCAF_641	14088	6412	0.46	0	8
SCAF_641_region	14088	6412	0.46	0	8
SCAF_642	14005	2530	0.18	0	5
SCAF_642_region	14005	2530	0.18	0	5
SCAF_643	13977	1230964	88.07	0	501
SCAF_643_region	13977	1230964	88.07	0	501
SCAF_644	13890	1145	0.08	0	3
SCAF_644_region	13890	1145	0.08	0	3
SCAF_645	13875	3841	0.28	0	9
SCAF_645_region	13875	3841	0.28	0	9
SCAF_646	13874	104725	7.55	0	88
SCAF_646_region	13874	104725	7.55	0	88
SCAF_647	13848	3143	0.23	0	13
SCAF_647_region	13848	3143	0.23	0	13
SCAF_648	13847	7472	0.54	0	56
SCAF_648_region	13847	7472	0.54	0	56
SCAF_649	13838	34884	2.52	0	34
SCAF_649_region	13838	34884	2.52	0	34
SCAF_650	13812	3406	0.25	0	5
SCAF_650_region	13812	3406	0.25	0	5
SCAF_651	13758	168429	12.24	0	35
SCAF_651_region	13758	168429	12.24	0	35
SCAF_652	13727	4404	0.32	0	10
SCAF_652_region	13727	4404	0.32	0	10
SCAF_653	13703	4305	0.31	0	6
SCAF_653_region	13703	4305	0.31	0	6
SCAF_654	13701	293	0.02	0	2
SCAF_654_region	13701	293	0.02	0	2
SCAF_655	13677	4010	0.29	0	21
SCAF_655_region	13677	4010	0.29	0	21
SCAF_656	13622	3446	0.25	0	19
SCAF_656_region	13622	3446	0.25	0	19
SCAF_657	13584	6090	0.45	0	23
SCAF_657_region	13584	6090	0.45	0	23
SCAF_658	13583	2901	0.21	0	18
SCAF_658_region	13583	2901	0.21	0	18
SCAF_659	13535	2357	0.17	0	4
SCAF_659_region	13535	2357	0.17	0	4
SCAF_660	13535	1906	0.14	0	10
SCAF_660_region	13535	1906	0.14	0	10
SCAF_661	13499	5197	0.38	0	11
SCAF_661_region	13499	5197	0.38	0	11
SCAF_662	13464	1641	0.12	0	5
SCAF_662_region	13464	1641	0.12	0	5
SCAF_663	13438	93785	6.98	0	37
SCAF_663_region	13438	93785	6.98	0	37
SCAF_664	13385	2371979	177.21	0	647
SCAF_664_region	13385	2371979	177.21	0	647
SCAF_665	13357	836	0.06	0	9
SCAF_665_region	13357	836	0.06	0	9
SCAF_666	13330	1329	0.10	0	2
SCAF_666_region	13330	1329	0.10	0	2
SCAF_667	13327	29309	2.20	0	59
SCAF_667_region	13327	29309	2.20	0	59
SCAF_668	13319	5001	0.38	0	13
SCAF_668_region	13319	5001	0.38	0	13
SCAF_669	13303	9671	0.73	0	23
SCAF_669_region	13303	9671	0.73	0	23
SCAF_670	13293	2077	0.16	0	6
SCAF_670_region	13293	2077	0.16	0	6
SCAF_671	13288	89961	6.77	0	30
SCAF_671_region	13288	89961	6.77	0	30
SCAF_672	13266	9407	0.71	0	20
SCAF_672_region	13266	9407	0.71	0	20
SCAF_673	13189	31398	2.38	0	161
SCAF_673_region	13189	31398	2.38	0	161
SCAF_674	13149	42710	3.25	0	29
SCAF_674_region	13149	42710	3.25	0	29
SCAF_675	13128	70060	5.34	0	89
SCAF_675_region	13128	70060	5.34	0	89
SCAF_676	13120	71434	5.44	0	24
SCAF_676_region	13120	71434	5.44	0	24
SCAF_677	13080	33928	2.59	0	265
SCAF_677_region	13080	33928	2.59	0	265
SCAF_678	13050	946	0.07	0	16
SCAF_678_region	13050	946	0.07	0	16
SCAF_679	13043	5276	0.40	0	20
SCAF_679_region	13043	5276	0.40	0	20
SCAF_680	13008	29038	2.23	0	22
SCAF_680_region	13008	29038	2.23	0	22
SCAF_681	13001	4181	0.32	0	17
SCAF_681_region	13001	4181	0.32	0	17
SCAF_682	12997	111346	8.57	0	25
SCAF_682_region	12997	111346	8.57	0	25
SCAF_683	12986	2371	0.18	0	11
SCAF_683_region	12986	2371	0.18	0	11
SCAF_684	12871	4622	0.36	0	15
SCAF_684_region	12871	4622	0.36	0	15
SCAF_685	12842	1775	0.14	0	9
SCAF_685_region	12842	1775	0.14	0	9
SCAF_686	12830	2378	0.19	0	9
SCAF_686_region	12830	2378	0.19	0	9
SCAF_687	12781	2398	0.19	0	11
SCAF_687_region	12781	2398	0.19	0	11
SCAF_688	12768	99537	7.80	0	60
SCAF_688_region	12768	99537	7.80	0	60
SCAF_689	12768	1941	0.15	0	3
SCAF_689_region	12768	1941	0.15	0	3
SCAF_690	12764	6218	0.49	0	10
SCAF_690_region	12764	6218	0.49	0	10
SCAF_691	12677	1747	0.14	0	12
SCAF_691_region	12677	1747	0.14	0	12
SCAF_692	12675	866	0.07	0	20
SCAF_692_region	12675	866	0.07	0	20
SCAF_693	12651	3165	0.25	0	12
SCAF_693_region	12651	3165	0.25	0	12
SCAF_694	12646	3279	0.26	0	11
SCAF_694_region	12646	3279	0.26	0	11
SCAF_695	12643	132819	10.51	0	32
SCAF_695_region	12643	132819	10.51	0	32
SCAF_696	12633	4366	0.35	0	6
SCAF_696_region	12633	4366	0.35	0	6
SCAF_697	12625	2530	0.20	0	16
SCAF_697_region	12625	2530	0.20	0	16
SCAF_698	12617	38614	3.06	0	26
SCAF_698_region	12617	38614	3.06	0	26
SCAF_699	12540	4640	0.37	0	21
SCAF_699_region	12540	4640	0.37	0	21
SCAF_700	12515	308	0.02	0	5
SCAF_700_region	12515	308	0.02	0	5
SCAF_701	12482	669	0.05	0	2
SCAF_701_region	12482	669	0.05	0	2
SCAF_702	12461	46869	3.76	0	123
SCAF_702_region	12461	46869	3.76	0	123
SCAF_703	12456	33841	2.72	0	40
SCAF_703_region	12456	33841	2.72	0	40
SCAF_704	12456	6635	0.53	0	19
SCAF_704_region	12456	6635	0.53	0	19
SCAF_705	12358	37209	3.01	0	27
SCAF_705_region	12358	37209	3.01	0	27
SCAF_706	12350	165384	13.39	0	38
SCAF_706_region	12350	165384	13.39	0	38
SCAF_707	12343	1187	0.10	0	12
SCAF_707_region	12343	1187	0.10	0	12
SCAF_708	12333	444	0.04	0	8
SCAF_708_region	12333	444	0.04	0	8
SCAF_709	12319	2216164	179.90	0	684
SCAF_709_region	12319	2216164	179.90	0	684
SCAF_710	12288	3322	0.27	0	19
SCAF_710_region	12288	3322	0.27	0	19
SCAF_711	12252	186305	15.21	0	39
SCAF_711_region	12252	186305	15.21	0	39
SCAF_712	12218	232837	19.06	0	436
SCAF_712_region	12218	232837	19.06	0	436
SCAF_713	12177	194046	15.94	0	34
SCAF_713_region	12177	194046	15.94	0	34
SCAF_714	12167	2154	0.18	0	9
SCAF_714_region	12167	2154	0.18	0	9
SCAF_715	12163	525	0.04	0	10
SCAF_715_region	12163	525	0.04	0	10
SCAF_716	12143	1243	0.10	0	11
SCAF_716_region	12143	1243	0.10	0	11
SCAF_717	12102	4548	0.38	0	8
SCAF_717_region	12102	4548	0.38	0	8
SCAF_718	12099	5046	0.42	0	10
SCAF_718_region	12099	5046	0.42	0	10
SCAF_719	12095	4317	0.36	0	11
SCAF_719_region	12095	4317	0.36	0	11
SCAF_720	12085	10335	0.86	0	26
SCAF_720_region	12085	10335	0.86	0	26
SCAF_721	12078	3731	0.31	0	8
SCAF_721_region	12078	3731	0.31	0	8
SCAF_722	12066	119169	9.88	0	121
SCAF_722_region	12066	119169	9.88	0	121
SCAF_723	12015	3379	0.28	0	14
SCAF_723_region	12015	3379	0.28	0	14
SCAF_724	12004	44293	3.69	0	117
SCAF_724_region	12004	44293	3.69	0	117
SCAF_725	11949	24292	2.03	0	41
SCAF_725_region	11949	24292	2.03	0	41
SCAF_726	11911	872	0.07	0	6
SCAF_726_region	11911	872	0.07	0	6
SCAF_727	11900	492	0.04	0	1
SCAF_727_region	11900	492	0.04	0	1
SCAF_728	11869	94311	7.95	0	114
SCAF_728_region	11869	94311	7.95	0	114
SCAF_729	11788	164506	13.96	0	34
SCAF_729_region	11788	164506	13.96	0	34
SCAF_730	11785	101170	8.58	0	33
SCAF_730_region	11785	101170	8.58	0	33
SCAF_731	11750	14334	1.22	0	19
SCAF_731_region	11750	14334	1.22	0	19
SCAF_732	11699	2619	0.22	0	13
SCAF_732_region	11699	2619	0.22	0	13
SCAF_733	11674	302	0.03	0	1
SCAF_733_region	11674	302	0.03	0	1
SCAF_734	11658	13446	1.15	0	21
SCAF_734_region	11658	13446	1.15	0	21
SCAF_735	11648	120397	10.34	0	34
SCAF_735_region	11648	120397	10.34	0	34
SCAF_736	11642	3492	0.30	0	19
SCAF_736_region	11642	3492	0.30	0	19
SCAF_737	11612	288	0.02	0	2
SCAF_737_region	11612	288	0.02	0	2
SCAF_738	11595	252	0.02	0	1
SCAF_738_region	11595	252	0.02	0	1
SCAF_739	11525	9713	0.84	0	50
SCAF_739_region	11525	9713	0.84	0	50
SCAF_740	11505	1922	0.17	0	9
SCAF_740_region	11505	1922	0.17	0	9
SCAF_741	11492	4916	0.43	0	16
SCAF_741_region	11492	4916	0.43	0	16
SCAF_742	11467	5087102	443.63	0	1783
SCAF_742_region	11467	5087102	443.63	0	1783
SCAF_743	11404	312	0.03	0	2
SCAF_743_region	11404	312	0.03	0	2
SCAF_744	11377	970	0.09	0	3
SCAF_744_region	11377	970	0.09	0	3
SCAF_745	11364	4251	0.37	0	19
SCAF_745_region	11364	4251	0.37	0	19
SCAF_746	11318	1676	0.15	0	2
SCAF_746_region	11318	1676	0.15	0	2
SCAF_747	11311	53798	4.76	0	165
SCAF_747_region	11311	53798	4.76	0	165
SCAF_748	11306	26975	2.39	0	51
SCAF_748_region	11306	26975	2.39	0	51
SCAF_749	11299	37646	3.33	0	27
SCAF_749_region	11299	37646	3.33	0	27
SCAF_750	11284	3419	0.30	0	11
SCAF_750_region	11284	3419	0.30	0	11
SCAF_751	11276	4541	0.40	0	15
SCAF_751_region	11276	4541	0.40	0	15
SCAF_752	11267	1104	0.10	0	4
SCAF_752_region	11267	1104	0.10	0	4
SCAF_753	11254	3799	0.34	0	7
SCAF_753_region	11254	3799	0.34	0	7
SCAF_754	11236	61107	5.44	0	42
SCAF_754_region	11236	61107	5.44	0	42
SCAF_755	11231	801	0.07	0	12
SCAF_755_region	11231	801	0.07	0	12
SCAF_756	11200	71129	6.35	0	28
SCAF_756_region	11200	71129	6.35	0	28
SCAF_757	11195	933	0.08	0	2
SCAF_757_region	11195	933	0.08	0	2
SCAF_758	11126	1472	0.13	0	13
SCAF_758_region	11126	1472	0.13	0	13
SCAF_759	11118	931	0.08	0	2
SCAF_759_region	11118	931	0.08	0	2
SCAF_760	11100	30816	2.78	0	28
SCAF_760_region	11100	30816	2.78	0	28
SCAF_761	11097	1931	0.17	0	4
SCAF_761_region	11097	1931	0.17	0	4
SCAF_762	11029	2309	0.21	0	14
SCAF_762_region	11029	2309	0.21	0	14
SCAF_763	11019	34222	3.11	0	19
SCAF_763_region	11019	34222	3.11	0	19
SCAF_764	10979	13483	1.23	0	91
SCAF_764_region	10979	13483	1.23	0	91
SCAF_765	10957	76	0.01	0	1
SCAF_765_region	10957	76	0.01	0	1
SCAF_766	10940	10981	1.00	0	21
SCAF_766_region	10940	10981	1.00	0	21
SCAF_767	10913	20362	1.87	0	18
SCAF_767_region	10913	20362	1.87	0	18
SCAF_768	10886	39341	3.61	0	18
SCAF_768_region	10886	39341	3.61	0	18
SCAF_769	10867	1812	0.17	0	9
SCAF_769_region	10867	1812	0.17	0	9
SCAF_770	10816	5414	0.50	0	15
SCAF_770_region	10816	5414	0.50	0	15
SCAF_771	10810	254	0.02	0	2
SCAF_771_region	10810	254	0.02	0	2
SCAF_772	10709	2009	0.19	0	7
SCAF_772_region	10709	2009	0.19	0	7
SCAF_773	10688	107520	10.06	0	149
SCAF_773_region	10688	107520	10.06	0	149
SCAF_774	10648	36217	3.40	0	36
SCAF_774_region	10648	36217	3.40	0	36
SCAF_775	10642	288	0.03	0	2
SCAF_775_region	10642	288	0.03	0	2
SCAF_776	10612	2059	0.19	0	13
SCAF_776_region	10612	2059	0.19	0	13
SCAF_777	10608	90089	8.49	0	27
SCAF_777_region	10608	90089	8.49	0	27
SCAF_778	10604	527	0.05	0	4
SCAF_778_region	10604	527	0.05	0	4
SCAF_779	10578	739	0.07	0	2
SCAF_779_region	10578	739	0.07	0	2
SCAF_780	10571	1501	0.14	0	7
SCAF_780_region	10571	1501	0.14	0	7
SCAF_781	10511	1039	0.10	0	4
SCAF_781_region	10511	1039	0.10	0	4
SCAF_782	10492	605	0.06	0	9
SCAF_782_region	10492	605	0.06	0	9
SCAF_783	10421	1670	0.16	0	2
SCAF_783_region	10421	1670	0.16	0	2
SCAF_784	10379	77848	7.50	0	26
SCAF_784_region	10379	77848	7.50	0	26
SCAF_785	10337	6624	0.64	0	8
SCAF_785_region	10337	6624	0.64	0	8
SCAF_786	10326	32529	3.15	0	29
SCAF_786_region	10326	32529	3.15	0	29
SCAF_787	10326	1298	0.13	0	5
SCAF_787_region	10326	1298	0.13	0	5
SCAF_788	10316	5392	0.52	0	16
SCAF_788_region	10316	5392	0.52	0	16
SCAF_789	10256	300	0.03	0	2
SCAF_789_region	10256	300	0.03	0	2
SCAF_790	10228	6766	0.66	0	20
SCAF_790_region	10228	6766	0.66	0	20
SCAF_791	10185	1008	0.10	0	4
SCAF_791_region	10185	1008	0.10	0	4
SCAF_792	10184	40505	3.98	0	32
SCAF_792_region	10184	40505	3.98	0	32
SCAF_793	10160	24129	2.37	0	14
SCAF_793_region	10160	24129	2.37	0	14
SCAF_794	10147	273	0.03	0	2
SCAF_794_region	10147	273	0.03	0	2
SCAF_795	10110	12054	1.19	0	33
SCAF_795_region	10110	12054	1.19	0	33
SCAF_796	10045	254	0.03	0	2
SCAF_796_region	10045	254	0.03	0	2
SCAF_797	10015	14120	1.41	0	41
SCAF_797_region	10015	14120	1.41	0	41
SCAF_798	10012	4759	0.48	0	9
SCAF_798_region	10012	4759	0.48	0	9
SCAF_799	9978	31265	3.13	0	17
SCAF_799_region	9978	31265	3.13	0	17
SCAF_800	9947	39356	3.96	0	131
SCAF_800_region	9947	39356	3.96	0	131
SCAF_801	9941	1033	0.10	0	2
SCAF_801_region	9941	1033	0.10	0	2
SCAF_802	9910	255	0.03	0	4
SCAF_802_region	9910	255	0.03	0	4
SCAF_803	9879	1016	0.10	0	4
SCAF_803_region	9879	1016	0.10	0	4
SCAF_804	9861	31718	3.22	0	24
SCAF_804_region	9861	31718	3.22	0	24
SCAF_805	9859	277	0.03	0	5
SCAF_805_region	9859	277	0.03	0	5
SCAF_806	9855	888	0.09	0	8
SCAF_806_region	9855	888	0.09	0	8
SCAF_807	9792	5179	0.53	0	13
SCAF_807_region	9792	5179	0.53	0	13
SCAF_808	9784	3002	0.31	0	10
SCAF_808_region	9784	3002	0.31	0	10
SCAF_809	9773	22653	2.32	0	17
SCAF_809_region	9773	22653	2.32	0	17
SCAF_810	9756	3743	0.38	0	12
SCAF_810_region	9756	3743	0.38	0	12
SCAF_811	9753	6405	0.66	0	46
SCAF_811_region	9753	6405	0.66	0	46
SCAF_812	9719	1963	0.20	0	8
SCAF_812_region	9719	1963	0.20	0	8
SCAF_813	9715	1748	0.18	0	6
SCAF_813_region	9715	1748	0.18	0	6
SCAF_814	9708	9641	0.99	0	20
SCAF_814_region	9708	9641	0.99	0	20
SCAF_815	9700	2532	0.26	0	6
SCAF_815_region	9700	2532	0.26	0	6
SCAF_816	9673	8719	0.90	0	16
SCAF_816_region	9673	8719	0.90	0	16
SCAF_817	9638	1701	0.18	0	5
SCAF_817_region	9638	1701	0.18	0	5
SCAF_818	9601	13843	1.44	0	17
SCAF_818_region	9601	13843	1.44	0	17
SCAF_819	9601	1174	0.12	0	20
SCAF_819_region	9601	1174	0.12	0	20
SCAF_820	9550	106225	11.12	0	123
SCAF_820_region	9550	106225	11.12	0	123
SCAF_821	9533	3918	0.41	0	5
SCAF_821_region	9533	3918	0.41	0	5
SCAF_822	9498	3696	0.39	0	19
SCAF_822_region	9498	3696	0.39	0	19
SCAF_823	9466	1675269	176.98	0	883
SCAF_823_region	9466	1675269	176.98	0	883
SCAF_824	9457	667	0.07	0	14
SCAF_824_region	9457	667	0.07	0	14
SCAF_825	9446	22498	2.38	0	28
SCAF_825_region	9446	22498	2.38	0	28
SCAF_826	9385	65222	6.95	0	23
SCAF_826_region	9385	65222	6.95	0	23
SCAF_827	9376	19493	2.08	0	19
SCAF_827_region	9376	19493	2.08	0	19
SCAF_828	9365	736	0.08	0	2
SCAF_828_region	9365	736	0.08	0	2
SCAF_829	9320	11575	1.24	0	19
SCAF_829_region	9320	11575	1.24	0	19
SCAF_830	9303	1120	0.12	0	7
SCAF_830_region	9303	1120	0.12	0	7
SCAF_831	9295	9018	0.97	0	21
SCAF_831_region	9295	9018	0.97	0	21
SCAF_832	9282	39281	4.23	0	33
SCAF_832_region	9282	39281	4.23	0	33
SCAF_833	9263	559	0.06	0	4
SCAF_833_region	9263	559	0.06	0	4
SCAF_834	9159	207055	22.61	0	1407
SCAF_834_region	9159	207055	22.61	0	1407
SCAF_835	9159	1421	0.16	0	5
SCAF_835_region	9159	1421	0.16	0	5
SCAF_836	9157	27412	2.99	0	30
SCAF_836_region	9157	27412	2.99	0	30
SCAF_837	9095	115	0.01	0	1
SCAF_837_region	9095	115	0.01	0	1
SCAF_838	9078	27527	3.03	0	64
SCAF_838_region	9078	27527	3.03	0	64
SCAF_839	9057	49282	5.44	0	41
SCAF_839_region	9057	49282	5.44	0	41
SCAF_840	9014	2669	0.30	0	5
SCAF_840_region	9014	2669	0.30	0	5
SCAF_841	8986	52843	5.88	0	23
SCAF_841_region	8986	52843	5.88	0	23
SCAF_842	8986	2013	0.22	0	17
SCAF_842_region	8986	2013	0.22	0	17
SCAF_843	8952	177	0.02	0	2
SCAF_843_region	8952	177	0.02	0	2
SCAF_844	8935	3914	0.44	0	120
SCAF_844_region	8935	3914	0.44	0	120
SCAF_845	8927	99717	11.17	0	82
SCAF_845_region	8927	99717	11.17	0	82
SCAF_846	8908	68089	7.64	0	128
SCAF_846_region	8908	68089	7.64	0	128
SCAF_847	8868	4086	0.46	0	8
SCAF_847_region	8868	4086	0.46	0	8
SCAF_848	8867	1464	0.17	0	7
SCAF_848_region	8867	1464	0.17	0	7
SCAF_849	8825	21857	2.48	0	25
SCAF_849_region	8825	21857	2.48	0	25
SCAF_850	8771	1667	0.19	0	7
SCAF_850_region	8771	1667	0.19	0	7
SCAF_851	8703	2177	0.25	0	17
SCAF_851_region	8703	2177	0.25	0	17
SCAF_852	8695	1245	0.14	0	8
SCAF_852_region	8695	1245	0.14	0	8
SCAF_853	8662	158	0.02	0	1
SCAF_853_region	8662	158	0.02	0	1
SCAF_854	8634	343	0.04	0	3
SCAF_854_region	8634	343	0.04	0	3
SCAF_855	8630	372	0.04	0	2
SCAF_855_region	8630	372	0.04	0	2
SCAF_856	8617	2248176	260.90	0	983
SCAF_856_region	8617	2248176	260.90	0	983
SCAF_857	8469	23473	2.77	0	24
SCAF_857_region	8469	23473	2.77	0	24
SCAF_858	8431	499	0.06	0	2
SCAF_858_region	8431	499	0.06	0	2
SCAF_859	8397	478	0.06	0	3
SCAF_859_region	8397	478	0.06	0	3
SCAF_860	8390	2284	0.27	0	13
SCAF_860_region	8390	2284	0.27	0	13
SCAF_861	8357	587	0.07	0	7
SCAF_861_region	8357	587	0.07	0	7
SCAF_862	8342	1524972	182.81	0	2767
SCAF_862_region	8342	1524972	182.81	0	2767
SCAF_863	8337	1213	0.15	0	11
SCAF_863_region	8337	1213	0.15	0	11
SCAF_864	8258	17293	2.09	0	20
SCAF_864_region	8258	17293	2.09	0	20
SCAF_865	8103	2025	0.25	0	11
SCAF_865_region	8103	2025	0.25	0	11
SCAF_866	8034	1146	0.14	0	6
SCAF_866_region	8034	1146	0.14	0	6
SCAF_867	8027	32523	4.05	0	76
SCAF_867_region	8027	32523	4.05	0	76
SCAF_868	8017	17159	2.14	0	25
SCAF_868_region	8017	17159	2.14	0	25
SCAF_869	8015	18596	2.32	0	66
SCAF_869_region	8015	18596	2.32	0	66
SCAF_870	8015	450	0.06	0	2
SCAF_870_region	8015	450	0.06	0	2
SCAF_871	8000	675	0.08	0	7
SCAF_871_region	8000	675	0.08	0	7
SCAF_872	7790	1915	0.25	0	6
SCAF_872_region	7790	1915	0.25	0	6
SCAF_873	7773	406	0.05	0	2
SCAF_873_region	7773	406	0.05	0	2
SCAF_874	7763	36339	4.68	0	20
SCAF_874_region	7763	36339	4.68	0	20
SCAF_875	7721	79	0.01	0	1
SCAF_875_region	7721	79	0.01	0	1
SCAF_876	7701	47185	6.13	0	22
SCAF_876_region	7701	47185	6.13	0	22
SCAF_877	7680	361	0.05	0	3
SCAF_877_region	7680	361	0.05	0	3
SCAF_878	7622	3049	0.40	0	10
SCAF_878_region	7622	3049	0.40	0	10
SCAF_879	7582	1729	0.23	0	9
SCAF_879_region	7582	1729	0.23	0	9
SCAF_880	7559	22304	2.95	0	22
SCAF_880_region	7559	22304	2.95	0	22
SCAF_881	7416	72425	9.77	0	176
SCAF_881_region	7416	72425	9.77	0	176
SCAF_882	7394	65963	8.92	0	39
SCAF_882_region	7394	65963	8.92	0	39
SCAF_883	7363	1181	0.16	0	3
SCAF_883_region	7363	1181	0.16	0	3
SCAF_884	7338	2117	0.29	0	4
SCAF_884_region	7338	2117	0.29	0	4
SCAF_885	7324	174	0.02	0	3
SCAF_885_region	7324	174	0.02	0	3
SCAF_886	7276	2000	0.27	0	8
SCAF_886_region	7276	2000	0.27	0	8
SCAF_887	7242	762	0.11	0	3
SCAF_887_region	7242	762	0.11	0	3
SCAF_888	7231	1154	0.16	0	4
SCAF_888_region	7231	1154	0.16	0	4
SCAF_889	7198	176	0.02	0	1
SCAF_889_region	7198	176	0.02	0	1
SCAF_890	7142	512	0.07	0	2
SCAF_890_region	7142	512	0.07	0	2
SCAF_891	7028	18488	2.63	0	33
SCAF_891_region	7028	18488	2.63	0	33
SCAF_892	7025	8566	1.22	0	16
SCAF_892_region	7025	8566	1.22	0	16
SCAF_893	7015	3200	0.46	0	7
SCAF_893_region	7015	3200	0.46	0	7
SCAF_894	6958	1492	0.21	0	2
SCAF_894_region	6958	1492	0.21	0	2
SCAF_895	6948	9093	1.31	0	21
SCAF_895_region	6948	9093	1.31	0	21
SCAF_896	6829	1224656	179.33	0	531
SCAF_896_region	6829	1224656	179.33	0	531
SCAF_897	6804	760	0.11	0	3
SCAF_897_region	6804	760	0.11	0	3
SCAF_898	6754	796108	117.87	0	1807
SCAF_898_region	6754	796108	117.87	0	1807
SCAF_899	6732	1780	0.26	0	15
SCAF_899_region	6732	1780	0.26	0	15
SCAF_900	6698	26015	3.88	0	72
SCAF_900_region	6698	26015	3.88	0	72
SCAF_901	6642	449	0.07	0	2
SCAF_901_region	6642	449	0.07	0	2
SCAF_902	6588	37214	5.65	0	24
SCAF_902_region	6588	37214	5.65	0	24
SCAF_903	6549	78459	11.98	0	31
SCAF_903_region	6549	78459	11.98	0	31
SCAF_904	6496	10134	1.56	0	20
SCAF_904_region	6496	10134	1.56	0	20
SCAF_905	6483	95	0.01	0	1
SCAF_905_region	6483	95	0.01	0	1
SCAF_906	6367	280	0.04	0	1
SCAF_906_region	6367	280	0.04	0	1
SCAF_907	6367	9895	1.55	0	17
SCAF_907_region	6367	9895	1.55	0	17
SCAF_908	6228	879237	141.17	0	664
SCAF_908_region	6228	879237	141.17	0	664
SCAF_909	6173	17324	2.81	0	40
SCAF_909_region	6173	17324	2.81	0	40
SCAF_910	6170	765	0.12	0	20
SCAF_910_region	6170	765	0.12	0	20
SCAF_911	6077	3177	0.52	0	21
SCAF_911_region	6077	3177	0.52	0	21
SCAF_912	6073	54891	9.04	0	42
SCAF_912_region	6073	54891	9.04	0	42
SCAF_913	6059	426160	70.34	0	774
SCAF_913_region	6059	426160	70.34	0	774
SCAF_914	6001	868	0.14	0	3
SCAF_914_region	6001	868	0.14	0	3
SCAF_915	5869	285022	48.56	0	689
SCAF_915_region	5869	285022	48.56	0	689
SCAF_916	5803	1369	0.24	0	5
SCAF_916_region	5803	1369	0.24	0	5
SCAF_917	5661	29816	5.27	0	26
SCAF_917_region	5661	29816	5.27	0	26
SCAF_918	5277	18448	3.50	0	26
SCAF_918_region	5277	18448	3.50	0	26
total	51514314	4319206481	83.84	0	215826
total_region	51514314	4319206481	83.84	0	215826
