chrom	length	bases	mean	min	max
SCAF_1	5574741	838471589	150.41	0	8769
SCAF_1_region	5574741	838471589	150.41	0	8769
SCAF_2	4079479	635082745	155.68	0	5101
SCAF_2_region	4079479	635082745	155.68	0	5101
SCAF_3	3666439	557524544	152.06	0	15141
SCAF_3_region	3666439	557524544	152.06	0	15141
SCAF_4	2601389	460310886	176.95	0	9309
SCAF_4_region	2601389	460310886	176.95	0	9309
SCAF_5	2032088	315222886	155.12	0	9894
SCAF_5_region	2032088	315222886	155.12	0	9894
SCAF_6	1976889	336692008	170.31	0	8814
SCAF_6_region	1976889	336692008	170.31	0	8814
SCAF_7	1932263	293919791	152.11	0	10324
SCAF_7_region	1932263	293919791	152.11	0	10324
SCAF_8	1669080	243402680	145.83	0	7427
SCAF_8_region	1669080	243402680	145.83	0	7427
SCAF_9	1646134	259708963	157.77	0	15178
SCAF_9_region	1646134	259708963	157.77	0	15178
SCAF_10	1570817	240990267	153.42	0	5036
SCAF_10_region	1570817	240990267	153.42	0	5036
SCAF_11	1437752	240035338	166.95	0	7354
SCAF_11_region	1437752	240035338	166.95	0	7354
SCAF_12	978195	175859271	179.78	0	513041
SCAF_12_region	978195	175859271	179.78	0	513041
SCAF_13	598471	50112107	83.73	0	13906
SCAF_13_region	598471	50112107	83.73	0	13906
SCAF_14	247525	196582183	794.19	0	10047
SCAF_14_region	247525	196582183	794.19	0	10047
SCAF_15	224905	1495397	6.65	0	84
SCAF_15_region	224905	1495397	6.65	0	84
SCAF_16	181804	6526520	35.90	0	8670
SCAF_16_region	181804	6526520	35.90	0	8670
SCAF_17	176395	1006752	5.71	0	28
SCAF_17_region	176395	1006752	5.71	0	28
SCAF_18	160122	611804	3.82	0	35
SCAF_18_region	160122	611804	3.82	0	35
SCAF_19	139354	170452	1.22	0	33
SCAF_19_region	139354	170452	1.22	0	33
SCAF_20	131876	835656	6.34	0	90
SCAF_20_region	131876	835656	6.34	0	90
SCAF_21	130124	1496978	11.50	0	1081
SCAF_21_region	130124	1496978	11.50	0	1081
SCAF_22	121580	979486	8.06	0	29
SCAF_22_region	121580	979486	8.06	0	29
SCAF_23	117381	765841	6.52	0	119
SCAF_23_region	117381	765841	6.52	0	119
SCAF_24	115879	771312	6.66	0	116
SCAF_24_region	115879	771312	6.66	0	116
SCAF_25	115495	718472	6.22	0	150
SCAF_25_region	115495	718472	6.22	0	150
SCAF_26	113072	749930	6.63	0	24
SCAF_26_region	113072	749930	6.63	0	24
SCAF_27	110609	7288249	65.89	0	3429
SCAF_27_region	110609	7288249	65.89	0	3429
SCAF_28	109542	376352	3.44	0	39
SCAF_28_region	109542	376352	3.44	0	39
SCAF_29	108319	13594681	125.51	0	2281
SCAF_29_region	108319	13594681	125.51	0	2281
SCAF_30	107902	1543908	14.31	0	922
SCAF_30_region	107902	1543908	14.31	0	922
SCAF_31	106626	2372689	22.25	0	1585
SCAF_31_region	106626	2372689	22.25	0	1585
SCAF_32	102192	1517786	14.85	0	1002
SCAF_32_region	102192	1517786	14.85	0	1002
SCAF_33	98221	812384	8.27	0	25
SCAF_33_region	98221	812384	8.27	0	25
SCAF_34	97882	865824	8.85	0	31
SCAF_34_region	97882	865824	8.85	0	31
SCAF_35	95705	14693037	153.52	0	13982
SCAF_35_region	95705	14693037	153.52	0	13982
SCAF_36	94431	502656	5.32	0	24
SCAF_36_region	94431	502656	5.32	0	24
SCAF_37	92851	278277	3.00	0	36
SCAF_37_region	92851	278277	3.00	0	36
SCAF_38	89142	1239128	13.90	0	1113
SCAF_38_region	89142	1239128	13.90	0	1113
SCAF_39	88257	449649	5.09	0	25
SCAF_39_region	88257	449649	5.09	0	25
SCAF_40	85354	1274858	14.94	0	1622
SCAF_40_region	85354	1274858	14.94	0	1622
SCAF_41	82239	577451	7.02	0	45
SCAF_41_region	82239	577451	7.02	0	45
SCAF_42	77162	521127	6.75	0	27
SCAF_42_region	77162	521127	6.75	0	27
SCAF_43	76714	599541	7.82	0	29
SCAF_43_region	76714	599541	7.82	0	29
SCAF_44	76272	348195	4.57	0	559
SCAF_44_region	76272	348195	4.57	0	559
SCAF_45	73110	56893	0.78	0	198
SCAF_45_region	73110	56893	0.78	0	198
SCAF_46	72118	725227	10.06	0	29
SCAF_46_region	72118	725227	10.06	0	29
SCAF_47	70166	443576	6.32	0	25
SCAF_47_region	70166	443576	6.32	0	25
SCAF_48	69627	667689	9.59	0	75
SCAF_48_region	69627	667689	9.59	0	75
SCAF_49	69624	621848	8.93	0	484
SCAF_49_region	69624	621848	8.93	0	484
SCAF_50	68258	581106	8.51	0	28
SCAF_50_region	68258	581106	8.51	0	28
SCAF_51	66966	217768	3.25	0	37
SCAF_51_region	66966	217768	3.25	0	37
SCAF_52	66855	229250	3.43	0	41
SCAF_52_region	66855	229250	3.43	0	41
SCAF_53	65552	185737	2.83	0	33
SCAF_53_region	65552	185737	2.83	0	33
SCAF_54	65267	185517	2.84	0	59
SCAF_54_region	65267	185517	2.84	0	59
SCAF_55	65114	254229	3.90	0	25
SCAF_55_region	65114	254229	3.90	0	25
SCAF_56	62812	78829	1.25	0	143
SCAF_56_region	62812	78829	1.25	0	143
SCAF_57	62187	54266	0.87	0	23
SCAF_57_region	62187	54266	0.87	0	23
SCAF_58	61544	691001	11.23	0	1230
SCAF_58_region	61544	691001	11.23	0	1230
SCAF_59	61533	141734	2.30	0	28
SCAF_59_region	61533	141734	2.30	0	28
SCAF_60	61411	3472913	56.55	0	4706
SCAF_60_region	61411	3472913	56.55	0	4706
SCAF_61	61115	618676	10.12	0	34
SCAF_61_region	61115	618676	10.12	0	34
SCAF_62	59972	23370	0.39	0	147
SCAF_62_region	59972	23370	0.39	0	147
SCAF_63	59743	950797	15.91	0	718
SCAF_63_region	59743	950797	15.91	0	718
SCAF_64	58841	301760	5.13	0	716
SCAF_64_region	58841	301760	5.13	0	716
SCAF_65	58838	127466	2.17	0	21
SCAF_65_region	58838	127466	2.17	0	21
SCAF_66	58483	55972	0.96	0	208
SCAF_66_region	58483	55972	0.96	0	208
SCAF_67	57162	136467	2.39	0	57
SCAF_67_region	57162	136467	2.39	0	57
SCAF_68	56404	751869	13.33	0	283
SCAF_68_region	56404	751869	13.33	0	283
SCAF_69	55942	88336	1.58	0	30
SCAF_69_region	55942	88336	1.58	0	30
SCAF_70	55722	541060	9.71	0	36
SCAF_70_region	55722	541060	9.71	0	36
SCAF_71	55604	527431	9.49	0	30
SCAF_71_region	55604	527431	9.49	0	30
SCAF_72	54709	19557	0.36	0	5
SCAF_72_region	54709	19557	0.36	0	5
SCAF_73	52157	16182	0.31	0	10
SCAF_73_region	52157	16182	0.31	0	10
SCAF_74	52077	430591	8.27	0	24
SCAF_74_region	52077	430591	8.27	0	24
SCAF_75	51185	441045	8.62	0	37
SCAF_75_region	51185	441045	8.62	0	37
SCAF_76	50428	6774284	134.34	0	2418
SCAF_76_region	50428	6774284	134.34	0	2418
SCAF_77	50384	23521	0.47	0	24
SCAF_77_region	50384	23521	0.47	0	24
SCAF_78	49366	471164	9.54	0	48
SCAF_78_region	49366	471164	9.54	0	48
SCAF_79	49160	47012	0.96	0	29
SCAF_79_region	49160	47012	0.96	0	29
SCAF_80	48966	434106	8.87	0	23
SCAF_80_region	48966	434106	8.87	0	23
SCAF_81	48848	20694	0.42	0	10
SCAF_81_region	48848	20694	0.42	0	10
SCAF_82	48542	118440	2.44	0	35
SCAF_82_region	48542	118440	2.44	0	35
SCAF_83	48542	26617	0.55	0	37
SCAF_83_region	48542	26617	0.55	0	37
SCAF_84	47775	84378	1.77	0	75
SCAF_84_region	47775	84378	1.77	0	75
SCAF_85	47318	469963	9.93	0	50
SCAF_85_region	47318	469963	9.93	0	50
SCAF_86	46994	385544	8.20	0	24
SCAF_86_region	46994	385544	8.20	0	24
SCAF_87	46805	356669	7.62	0	26
SCAF_87_region	46805	356669	7.62	0	26
SCAF_88	46738	147802	3.16	0	16
SCAF_88_region	46738	147802	3.16	0	16
SCAF_89	46547	307473	6.61	0	25
SCAF_89_region	46547	307473	6.61	0	25
SCAF_90	46221	16763	0.36	0	21
SCAF_90_region	46221	16763	0.36	0	21
SCAF_91	44916	437491	9.74	0	24
SCAF_91_region	44916	437491	9.74	0	24
SCAF_92	44616	16729649	374.97	0	8368
SCAF_92_region	44616	16729649	374.97	0	8368
SCAF_93	44136	41890	0.95	0	33
SCAF_93_region	44136	41890	0.95	0	33
SCAF_94	43913	114430	2.61	0	25
SCAF_94_region	43913	114430	2.61	0	25
SCAF_95	43808	26084	0.60	0	13
SCAF_95_region	43808	26084	0.60	0	13
SCAF_96	43342	54943	1.27	0	20
SCAF_96_region	43342	54943	1.27	0	20
SCAF_97	43038	14599587	339.23	0	8790
SCAF_97_region	43038	14599587	339.23	0	8790
SCAF_98	42896	15915	0.37	0	21
SCAF_98_region	42896	15915	0.37	0	21
SCAF_99	42178	158100	3.75	0	25
SCAF_99_region	42178	158100	3.75	0	25
SCAF_100	41993	19922	0.47	0	15
SCAF_100_region	41993	19922	0.47	0	15
SCAF_101	41585	286266	6.88	0	20
SCAF_101_region	41585	286266	6.88	0	20
SCAF_102	41267	14121589	342.20	0	925
SCAF_102_region	41267	14121589	342.20	0	925
SCAF_103	41164	12988	0.32	0	15
SCAF_103_region	41164	12988	0.32	0	15
SCAF_104	40984	49695	1.21	0	15
SCAF_104_region	40984	49695	1.21	0	15
SCAF_105	40971	131332	3.21	0	21
SCAF_105_region	40971	131332	3.21	0	21
SCAF_106	40689	312444	7.68	0	27
SCAF_106_region	40689	312444	7.68	0	27
SCAF_107	40038	100485	2.51	0	29
SCAF_107_region	40038	100485	2.51	0	29
SCAF_108	39998	53989	1.35	0	37
SCAF_108_region	39998	53989	1.35	0	37
SCAF_109	39904	7999	0.20	0	28
SCAF_109_region	39904	7999	0.20	0	28
SCAF_110	39605	243372	6.14	0	31
SCAF_110_region	39605	243372	6.14	0	31
SCAF_111	39279	104255	2.65	0	238
SCAF_111_region	39279	104255	2.65	0	238
SCAF_112	39164	13897198	354.85	0	1030
SCAF_112_region	39164	13897198	354.85	0	1030
SCAF_113	39049	104931	2.69	0	18
SCAF_113_region	39049	104931	2.69	0	18
SCAF_114	38983	47900	1.23	0	21
SCAF_114_region	38983	47900	1.23	0	21
SCAF_115	38824	2436726	62.76	0	4025
SCAF_115_region	38824	2436726	62.76	0	4025
SCAF_116	37823	8538	0.23	0	9
SCAF_116_region	37823	8538	0.23	0	9
SCAF_117	37728	15301836	405.58	0	6738
SCAF_117_region	37728	15301836	405.58	0	6738
SCAF_118	37705	288975	7.66	0	26
SCAF_118_region	37705	288975	7.66	0	26
SCAF_119	37514	206806	5.51	0	65
SCAF_119_region	37514	206806	5.51	0	65
SCAF_120	37456	8055460	215.06	0	1687
SCAF_120_region	37456	8055460	215.06	0	1687
SCAF_121	37441	7526256	201.02	0	2550
SCAF_121_region	37441	7526256	201.02	0	2550
SCAF_122	37347	371386	9.94	0	624
SCAF_122_region	37347	371386	9.94	0	624
SCAF_123	37222	16447	0.44	0	12
SCAF_123_region	37222	16447	0.44	0	12
SCAF_124	36961	268924	7.28	0	764
SCAF_124_region	36961	268924	7.28	0	764
SCAF_125	36710	53352	1.45	0	12
SCAF_125_region	36710	53352	1.45	0	12
SCAF_126	36614	9328	0.25	0	7
SCAF_126_region	36614	9328	0.25	0	7
SCAF_127	36584	246588	6.74	0	23
SCAF_127_region	36584	246588	6.74	0	23
SCAF_128	36068	387604	10.75	0	25
SCAF_128_region	36068	387604	10.75	0	25
SCAF_129	35972	320656	8.91	0	24
SCAF_129_region	35972	320656	8.91	0	24
SCAF_130	35925	279403	7.78	0	22
SCAF_130_region	35925	279403	7.78	0	22
SCAF_131	35704	835	0.02	0	6
SCAF_131_region	35704	835	0.02	0	6
SCAF_132	35264	202573	5.74	0	24
SCAF_132_region	35264	202573	5.74	0	24
SCAF_133	35121	12293290	350.03	0	6885
SCAF_133_region	35121	12293290	350.03	0	6885
SCAF_134	35117	87752	2.50	0	18
SCAF_134_region	35117	87752	2.50	0	18
SCAF_135	34903	19718	0.56	0	12
SCAF_135_region	34903	19718	0.56	0	12
SCAF_136	34900	9198751	263.57	0	1222
SCAF_136_region	34900	9198751	263.57	0	1222
SCAF_137	34765	29588	0.85	0	14
SCAF_137_region	34765	29588	0.85	0	14
SCAF_138	34687	1266342	36.51	0	2308
SCAF_138_region	34687	1266342	36.51	0	2308
SCAF_139	34615	240791	6.96	0	26
SCAF_139_region	34615	240791	6.96	0	26
SCAF_140	34599	10348669	299.10	0	2969
SCAF_140_region	34599	10348669	299.10	0	2969
SCAF_141	34497	8170279	236.84	0	12555
SCAF_141_region	34497	8170279	236.84	0	12555
SCAF_142	34440	9750529	283.12	0	1313
SCAF_142_region	34440	9750529	283.12	0	1313
SCAF_143	34384	23415	0.68	0	8
SCAF_143_region	34384	23415	0.68	0	8
SCAF_144	34330	56420	1.64	0	20
SCAF_144_region	34330	56420	1.64	0	20
SCAF_145	34087	23441	0.69	0	27
SCAF_145_region	34087	23441	0.69	0	27
SCAF_146	33692	299993	8.90	0	39
SCAF_146_region	33692	299993	8.90	0	39
SCAF_147	33483	9376377	280.03	0	2774
SCAF_147_region	33483	9376377	280.03	0	2774
SCAF_148	33469	89497	2.67	0	96
SCAF_148_region	33469	89497	2.67	0	96
SCAF_149	33420	5237862	156.73	0	1260
SCAF_149_region	33420	5237862	156.73	0	1260
SCAF_150	33347	11904	0.36	0	17
SCAF_150_region	33347	11904	0.36	0	17
SCAF_151	33283	520729	15.65	0	230
SCAF_151_region	33283	520729	15.65	0	230
SCAF_152	33266	14460	0.43	0	10
SCAF_152_region	33266	14460	0.43	0	10
SCAF_153	33237	34023	1.02	0	14
SCAF_153_region	33237	34023	1.02	0	14
SCAF_154	33139	18782	0.57	0	47
SCAF_154_region	33139	18782	0.57	0	47
SCAF_155	33127	14472166	436.87	0	2416
SCAF_155_region	33127	14472166	436.87	0	2416
SCAF_156	32748	929234	28.38	0	751
SCAF_156_region	32748	929234	28.38	0	751
SCAF_157	32666	2546846	77.97	0	3637
SCAF_157_region	32666	2546846	77.97	0	3637
SCAF_158	32618	2444	0.07	0	7
SCAF_158_region	32618	2444	0.07	0	7
SCAF_159	32358	1312	0.04	0	9
SCAF_159_region	32358	1312	0.04	0	9
SCAF_160	32136	51574	1.60	0	19
SCAF_160_region	32136	51574	1.60	0	19
SCAF_161	32035	76972	2.40	0	22
SCAF_161_region	32035	76972	2.40	0	22
SCAF_162	31954	74877	2.34	0	105
SCAF_162_region	31954	74877	2.34	0	105
SCAF_163	31782	65226	2.05	0	20
SCAF_163_region	31782	65226	2.05	0	20
SCAF_164	31669	16916	0.53	0	10
SCAF_164_region	31669	16916	0.53	0	10
SCAF_165	31629	316592	10.01	0	65
SCAF_165_region	31629	316592	10.01	0	65
SCAF_166	31581	999	0.03	0	5
SCAF_166_region	31581	999	0.03	0	5
SCAF_167	31556	57931	1.84	0	21
SCAF_167_region	31556	57931	1.84	0	21
SCAF_168	31421	77189	2.46	0	13
SCAF_168_region	31421	77189	2.46	0	13
SCAF_169	31314	23768	0.76	0	14
SCAF_169_region	31314	23768	0.76	0	14
SCAF_170	31127	6682	0.21	0	9
SCAF_170_region	31127	6682	0.21	0	9
SCAF_171	31061	8862578	285.33	0	1534
SCAF_171_region	31061	8862578	285.33	0	1534
SCAF_172	31059	1585	0.05	0	12
SCAF_172_region	31059	1585	0.05	0	12
SCAF_173	30866	27046	0.88	0	20
SCAF_173_region	30866	27046	0.88	0	20
SCAF_174	30739	11492063	373.86	0	5279
SCAF_174_region	30739	11492063	373.86	0	5279
SCAF_175	30330	40503	1.34	0	59
SCAF_175_region	30330	40503	1.34	0	59
SCAF_176	30301	21578381	712.13	0	50755
SCAF_176_region	30301	21578381	712.13	0	50755
SCAF_177	30226	112884	3.73	0	47
SCAF_177_region	30226	112884	3.73	0	47
SCAF_178	30187	12124	0.40	0	18
SCAF_178_region	30187	12124	0.40	0	18
SCAF_179	30183	66041	2.19	0	14
SCAF_179_region	30183	66041	2.19	0	14
SCAF_180	30131	89168	2.96	0	449
SCAF_180_region	30131	89168	2.96	0	449
SCAF_181	30071	22436	0.75	0	18
SCAF_181_region	30071	22436	0.75	0	18
SCAF_182	30032	173981	5.79	0	30
SCAF_182_region	30032	173981	5.79	0	30
SCAF_183	30005	13006	0.43	0	9
SCAF_183_region	30005	13006	0.43	0	9
SCAF_184	29541	225091	7.62	0	756
SCAF_184_region	29541	225091	7.62	0	756
SCAF_185	29415	59122	2.01	0	19
SCAF_185_region	29415	59122	2.01	0	19
SCAF_186	29375	52426	1.78	0	12
SCAF_186_region	29375	52426	1.78	0	12
SCAF_187	29360	55713	1.90	0	17
SCAF_187_region	29360	55713	1.90	0	17
SCAF_188	29327	254841	8.69	0	21
SCAF_188_region	29327	254841	8.69	0	21
SCAF_189	29236	39837	1.36	0	37
SCAF_189_region	29236	39837	1.36	0	37
SCAF_190	29216	734990	25.16	0	572
SCAF_190_region	29216	734990	25.16	0	572
SCAF_191	29200	17740	0.61	0	12
SCAF_191_region	29200	17740	0.61	0	12
SCAF_192	29083	8922856	306.81	0	963
SCAF_192_region	29083	8922856	306.81	0	963
SCAF_193	29081	17051	0.59	0	53
SCAF_193_region	29081	17051	0.59	0	53
SCAF_194	28863	4903839	169.90	0	861
SCAF_194_region	28863	4903839	169.90	0	861
SCAF_195	28688	13881	0.48	0	111
SCAF_195_region	28688	13881	0.48	0	111
SCAF_196	28688	536684	18.71	0	1235
SCAF_196_region	28688	536684	18.71	0	1235
SCAF_197	28670	50308	1.75	0	32
SCAF_197_region	28670	50308	1.75	0	32
SCAF_198	28585	142569	4.99	0	20
SCAF_198_region	28585	142569	4.99	0	20
SCAF_199	28585	352909	12.35	0	362
SCAF_199_region	28585	352909	12.35	0	362
SCAF_200	28563	76163	2.67	0	57
SCAF_200_region	28563	76163	2.67	0	57
SCAF_201	28551	2761	0.10	0	3
SCAF_201_region	28551	2761	0.10	0	3
SCAF_202	28219	61603	2.18	0	19
SCAF_202_region	28219	61603	2.18	0	19
SCAF_203	28217	27117	0.96	0	16
SCAF_203_region	28217	27117	0.96	0	16
SCAF_204	28187	558880	19.83	0	2615
SCAF_204_region	28187	558880	19.83	0	2615
SCAF_205	28138	10349	0.37	0	13
SCAF_205_region	28138	10349	0.37	0	13
SCAF_206	28111	43907	1.56	0	33
SCAF_206_region	28111	43907	1.56	0	33
SCAF_207	27959	221054	7.91	0	23
SCAF_207_region	27959	221054	7.91	0	23
SCAF_208	27935	7046399	252.24	0	5425
SCAF_208_region	27935	7046399	252.24	0	5425
SCAF_209	27830	56586	2.03	0	11
SCAF_209_region	27830	56586	2.03	0	11
SCAF_210	27781	5137	0.18	0	5
SCAF_210_region	27781	5137	0.18	0	5
SCAF_211	27774	290016	10.44	0	81
SCAF_211_region	27774	290016	10.44	0	81
SCAF_212	27772	38555	1.39	0	19
SCAF_212_region	27772	38555	1.39	0	19
SCAF_213	27728	21258	0.77	0	25
SCAF_213_region	27728	21258	0.77	0	25
SCAF_214	27690	73666	2.66	0	18
SCAF_214_region	27690	73666	2.66	0	18
SCAF_215	27659	8566125	309.70	0	1603
SCAF_215_region	27659	8566125	309.70	0	1603
SCAF_216	27637	29247	1.06	0	22
SCAF_216_region	27637	29247	1.06	0	22
SCAF_217	27634	10876	0.39	0	12
SCAF_217_region	27634	10876	0.39	0	12
SCAF_218	27594	222586	8.07	0	33
SCAF_218_region	27594	222586	8.07	0	33
SCAF_219	27563	850	0.03	0	6
SCAF_219_region	27563	850	0.03	0	6
SCAF_220	27545	231324	8.40	0	23
SCAF_220_region	27545	231324	8.40	0	23
SCAF_221	27530	75824	2.75	0	15
SCAF_221_region	27530	75824	2.75	0	15
SCAF_222	27515	3883	0.14	0	3
SCAF_222_region	27515	3883	0.14	0	3
SCAF_223	27476	10870	0.40	0	37
SCAF_223_region	27476	10870	0.40	0	37
SCAF_224	27450	16773	0.61	0	10
SCAF_224_region	27450	16773	0.61	0	10
SCAF_225	27344	4043	0.15	0	6
SCAF_225_region	27344	4043	0.15	0	6
SCAF_226	27270	469952	17.23	0	558
SCAF_226_region	27270	469952	17.23	0	558
SCAF_227	27232	22053	0.81	0	18
SCAF_227_region	27232	22053	0.81	0	18
SCAF_228	27189	3798707	139.71	0	1669
SCAF_228_region	27189	3798707	139.71	0	1669
SCAF_229	27037	49154	1.82	0	18
SCAF_229_region	27037	49154	1.82	0	18
SCAF_230	26948	11436	0.42	0	14
SCAF_230_region	26948	11436	0.42	0	14
SCAF_231	26899	37245	1.38	0	13
SCAF_231_region	26899	37245	1.38	0	13
SCAF_232	26856	36652	1.36	0	21
SCAF_232_region	26856	36652	1.36	0	21
SCAF_233	26767	20303	0.76	0	15
SCAF_233_region	26767	20303	0.76	0	15
SCAF_234	26700	6978972	261.38	0	1100
SCAF_234_region	26700	6978972	261.38	0	1100
SCAF_235	26660	13719301	514.60	0	3705
SCAF_235_region	26660	13719301	514.60	0	3705
SCAF_236	26499	7310	0.28	0	10
SCAF_236_region	26499	7310	0.28	0	10
SCAF_237	26482	101074	3.82	0	18
SCAF_237_region	26482	101074	3.82	0	18
SCAF_238	26369	39639	1.50	0	19
SCAF_238_region	26369	39639	1.50	0	19
SCAF_239	26171	45268	1.73	0	15
SCAF_239_region	26171	45268	1.73	0	15
SCAF_240	26148	11479	0.44	0	18
SCAF_240_region	26148	11479	0.44	0	18
SCAF_241	26131	142135	5.44	0	49
SCAF_241_region	26131	142135	5.44	0	49
SCAF_242	26114	15276	0.58	0	17
SCAF_242_region	26114	15276	0.58	0	17
SCAF_243	26085	17563	0.67	0	12
SCAF_243_region	26085	17563	0.67	0	12
SCAF_244	26060	1159	0.04	0	11
SCAF_244_region	26060	1159	0.04	0	11
SCAF_245	25968	14823	0.57	0	15
SCAF_245_region	25968	14823	0.57	0	15
SCAF_246	25946	8757580	337.53	0	7362
SCAF_246_region	25946	8757580	337.53	0	7362
SCAF_247	25940	284226	10.96	0	30
SCAF_247_region	25940	284226	10.96	0	30
SCAF_248	25895	2809	0.11	0	11
SCAF_248_region	25895	2809	0.11	0	11
SCAF_249	25885	74989	2.90	0	11
SCAF_249_region	25885	74989	2.90	0	11
SCAF_250	25884	172853	6.68	0	23
SCAF_250_region	25884	172853	6.68	0	23
SCAF_251	25874	9266	0.36	0	10
SCAF_251_region	25874	9266	0.36	0	10
SCAF_252	25864	1165	0.05	0	5
SCAF_252_region	25864	1165	0.05	0	5
SCAF_253	25825	18480	0.72	0	15
SCAF_253_region	25825	18480	0.72	0	15
SCAF_254	25798	668205	25.90	0	650
SCAF_254_region	25798	668205	25.90	0	650
SCAF_255	25728	2394	0.09	0	8
SCAF_255_region	25728	2394	0.09	0	8
SCAF_256	25725	11514	0.45	0	10
SCAF_256_region	25725	11514	0.45	0	10
SCAF_257	25720	113642	4.42	0	20
SCAF_257_region	25720	113642	4.42	0	20
SCAF_258	25700	708043	27.55	0	1543
SCAF_258_region	25700	708043	27.55	0	1543
SCAF_259	25645	35124	1.37	0	24
SCAF_259_region	25645	35124	1.37	0	24
SCAF_260	25595	140575	5.49	0	23
SCAF_260_region	25595	140575	5.49	0	23
SCAF_261	25593	28643	1.12	0	8
SCAF_261_region	25593	28643	1.12	0	8
SCAF_262	25592	34799	1.36	0	14
SCAF_262_region	25592	34799	1.36	0	14
SCAF_263	25481	15523	0.61	0	16
SCAF_263_region	25481	15523	0.61	0	16
SCAF_264	25444	219552	8.63	0	24
SCAF_264_region	25444	219552	8.63	0	24
SCAF_265	25436	8514	0.33	0	11
SCAF_265_region	25436	8514	0.33	0	11
SCAF_266	25377	48840	1.92	0	20
SCAF_266_region	25377	48840	1.92	0	20
SCAF_267	25340	242054	9.55	0	31
SCAF_267_region	25340	242054	9.55	0	31
SCAF_268	25329	30143	1.19	0	19
SCAF_268_region	25329	30143	1.19	0	19
SCAF_269	25264	11973	0.47	0	13
SCAF_269_region	25264	11973	0.47	0	13
SCAF_270	25225	10656	0.42	0	16
SCAF_270_region	25225	10656	0.42	0	16
SCAF_271	25206	307495	12.20	0	139
SCAF_271_region	25206	307495	12.20	0	139
SCAF_272	25161	19520	0.78	0	21
SCAF_272_region	25161	19520	0.78	0	21
SCAF_273	25090	6773	0.27	0	7
SCAF_273_region	25090	6773	0.27	0	7
SCAF_274	24834	7088	0.29	0	16
SCAF_274_region	24834	7088	0.29	0	16
SCAF_275	24832	45630579	1837.57	0	19095
SCAF_275_region	24832	45630579	1837.57	0	19095
SCAF_276	24811	28429	1.15	0	21
SCAF_276_region	24811	28429	1.15	0	21
SCAF_277	24713	34882	1.41	0	44
SCAF_277_region	24713	34882	1.41	0	44
SCAF_278	24673	4439	0.18	0	6
SCAF_278_region	24673	4439	0.18	0	6
SCAF_279	24542	28715	1.17	0	14
SCAF_279_region	24542	28715	1.17	0	14
SCAF_280	24528	21759	0.89	0	18
SCAF_280_region	24528	21759	0.89	0	18
SCAF_281	24435	1223	0.05	0	14
SCAF_281_region	24435	1223	0.05	0	14
SCAF_282	24359	688	0.03	0	10
SCAF_282_region	24359	688	0.03	0	10
SCAF_283	24173	162553	6.72	0	22
SCAF_283_region	24173	162553	6.72	0	22
SCAF_284	24152	5384050	222.92	0	908
SCAF_284_region	24152	5384050	222.92	0	908
SCAF_285	24110	574	0.02	0	2
SCAF_285_region	24110	574	0.02	0	2
SCAF_286	24066	490138	20.37	0	1400
SCAF_286_region	24066	490138	20.37	0	1400
SCAF_287	23981	5144	0.21	0	8
SCAF_287_region	23981	5144	0.21	0	8
SCAF_288	23980	14271	0.60	0	20
SCAF_288_region	23980	14271	0.60	0	20
SCAF_289	23950	19624	0.82	0	15
SCAF_289_region	23950	19624	0.82	0	15
SCAF_290	23945	27014	1.13	0	14
SCAF_290_region	23945	27014	1.13	0	14
SCAF_291	23886	10814	0.45	0	12
SCAF_291_region	23886	10814	0.45	0	12
SCAF_292	23860	39412	1.65	0	28
SCAF_292_region	23860	39412	1.65	0	28
SCAF_293	23814	62015	2.60	0	13
SCAF_293_region	23814	62015	2.60	0	13
SCAF_294	23796	19525	0.82	0	48
SCAF_294_region	23796	19525	0.82	0	48
SCAF_295	23767	69005	2.90	0	82
SCAF_295_region	23767	69005	2.90	0	82
SCAF_296	23762	1155070	48.61	0	10710
SCAF_296_region	23762	1155070	48.61	0	10710
SCAF_297	23695	62701	2.65	0	30
SCAF_297_region	23695	62701	2.65	0	30
SCAF_298	23666	2855	0.12	0	9
SCAF_298_region	23666	2855	0.12	0	9
SCAF_299	23648	211077	8.93	0	684
SCAF_299_region	23648	211077	8.93	0	684
SCAF_300	23643	8453994	357.57	0	5016
SCAF_300_region	23643	8453994	357.57	0	5016
SCAF_301	23638	67468	2.85	0	21
SCAF_301_region	23638	67468	2.85	0	21
SCAF_302	23633	29740	1.26	0	520
SCAF_302_region	23633	29740	1.26	0	520
SCAF_303	23629	48998	2.07	0	13
SCAF_303_region	23629	48998	2.07	0	13
SCAF_304	23571	58997	2.50	0	42
SCAF_304_region	23571	58997	2.50	0	42
SCAF_305	23555	95281	4.05	0	21
SCAF_305_region	23555	95281	4.05	0	21
SCAF_306	23322	28880	1.24	0	20
SCAF_306_region	23322	28880	1.24	0	20
SCAF_307	23295	10930	0.47	0	13
SCAF_307_region	23295	10930	0.47	0	13
SCAF_308	23075	5541809	240.17	0	3627
SCAF_308_region	23075	5541809	240.17	0	3627
SCAF_309	23057	39758	1.72	0	15
SCAF_309_region	23057	39758	1.72	0	15
SCAF_310	23011	63597	2.76	0	24
SCAF_310_region	23011	63597	2.76	0	24
SCAF_311	22999	2771	0.12	0	64
SCAF_311_region	22999	2771	0.12	0	64
SCAF_312	22896	61997	2.71	0	17
SCAF_312_region	22896	61997	2.71	0	17
SCAF_313	22877	2699	0.12	0	3
SCAF_313_region	22877	2699	0.12	0	3
SCAF_314	22871	9496081	415.20	0	6098
SCAF_314_region	22871	9496081	415.20	0	6098
SCAF_315	22844	38949	1.70	0	271
SCAF_315_region	22844	38949	1.70	0	271
SCAF_316	22844	3421	0.15	0	15
SCAF_316_region	22844	3421	0.15	0	15
SCAF_317	22833	47478	2.08	0	12
SCAF_317_region	22833	47478	2.08	0	12
SCAF_318	22713	253810	11.17	0	95
SCAF_318_region	22713	253810	11.17	0	95
SCAF_319	22685	10492	0.46	0	19
SCAF_319_region	22685	10492	0.46	0	19
SCAF_320	22653	6072	0.27	0	13
SCAF_320_region	22653	6072	0.27	0	13
SCAF_321	22554	32621	1.45	0	16
SCAF_321_region	22554	32621	1.45	0	16
SCAF_322	22539	49226	2.18	0	22
SCAF_322_region	22539	49226	2.18	0	22
SCAF_323	22525	19393	0.86	0	12
SCAF_323_region	22525	19393	0.86	0	12
SCAF_324	22489	152597	6.79	0	19
SCAF_324_region	22489	152597	6.79	0	19
SCAF_325	22468	77005	3.43	0	24
SCAF_325_region	22468	77005	3.43	0	24
SCAF_326	22392	8813232	393.59	0	5476
SCAF_326_region	22392	8813232	393.59	0	5476
SCAF_327	22337	13664	0.61	0	16
SCAF_327_region	22337	13664	0.61	0	16
SCAF_328	22280	9075233	407.33	0	1805
SCAF_328_region	22280	9075233	407.33	0	1805
SCAF_329	22245	6380	0.29	0	8
SCAF_329_region	22245	6380	0.29	0	8
SCAF_330	22040	9147	0.42	0	14
SCAF_330_region	22040	9147	0.42	0	14
SCAF_331	22029	300	0.01	0	3
SCAF_331_region	22029	300	0.01	0	3
SCAF_332	21923	17245	0.79	0	9
SCAF_332_region	21923	17245	0.79	0	9
SCAF_333	21867	53433	2.44	0	17
SCAF_333_region	21867	53433	2.44	0	17
SCAF_334	21813	38947	1.79	0	45
SCAF_334_region	21813	38947	1.79	0	45
SCAF_335	21800	110615	5.07	0	26
SCAF_335_region	21800	110615	5.07	0	26
SCAF_336	21691	5626	0.26	0	6
SCAF_336_region	21691	5626	0.26	0	6
SCAF_337	21675	8226	0.38	0	13
SCAF_337_region	21675	8226	0.38	0	13
SCAF_338	21621	298875	13.82	0	212
SCAF_338_region	21621	298875	13.82	0	212
SCAF_339	21529	305030	14.17	0	306
SCAF_339_region	21529	305030	14.17	0	306
SCAF_340	21472	26547	1.24	0	17
SCAF_340_region	21472	26547	1.24	0	17
SCAF_341	21449	25112	1.17	0	10
SCAF_341_region	21449	25112	1.17	0	10
SCAF_342	21444	252800	11.79	0	746
SCAF_342_region	21444	252800	11.79	0	746
SCAF_343	21365	2158	0.10	0	2
SCAF_343_region	21365	2158	0.10	0	2
SCAF_344	21355	92398	4.33	0	21
SCAF_344_region	21355	92398	4.33	0	21
SCAF_345	21334	45282	2.12	0	16
SCAF_345_region	21334	45282	2.12	0	16
SCAF_346	21294	6021382	282.77	0	1002
SCAF_346_region	21294	6021382	282.77	0	1002
SCAF_347	21288	4100	0.19	0	103
SCAF_347_region	21288	4100	0.19	0	103
SCAF_348	21209	15746	0.74	0	15
SCAF_348_region	21209	15746	0.74	0	15
SCAF_349	21199	933	0.04	0	10
SCAF_349_region	21199	933	0.04	0	10
SCAF_350	21189	134460	6.35	0	219
SCAF_350_region	21189	134460	6.35	0	219
SCAF_351	21106	154429	7.32	0	22
SCAF_351_region	21106	154429	7.32	0	22
SCAF_352	21098	27495	1.30	0	35
SCAF_352_region	21098	27495	1.30	0	35
SCAF_353	21078	15348	0.73	0	26
SCAF_353_region	21078	15348	0.73	0	26
SCAF_354	20991	7578	0.36	0	11
SCAF_354_region	20991	7578	0.36	0	11
SCAF_355	20981	7263	0.35	0	14
SCAF_355_region	20981	7263	0.35	0	14
SCAF_356	20980	47022	2.24	0	14
SCAF_356_region	20980	47022	2.24	0	14
SCAF_357	20976	6075	0.29	0	15
SCAF_357_region	20976	6075	0.29	0	15
SCAF_358	20871	2906	0.14	0	9
SCAF_358_region	20871	2906	0.14	0	9
SCAF_359	20831	7506	0.36	0	11
SCAF_359_region	20831	7506	0.36	0	11
SCAF_360	20777	13357	0.64	0	82
SCAF_360_region	20777	13357	0.64	0	82
SCAF_361	20737	30246	1.46	0	39
SCAF_361_region	20737	30246	1.46	0	39
SCAF_362	20702	184351	8.90	0	34
SCAF_362_region	20702	184351	8.90	0	34
SCAF_363	20586	477	0.02	0	3
SCAF_363_region	20586	477	0.02	0	3
SCAF_364	20574	25882	1.26	0	23
SCAF_364_region	20574	25882	1.26	0	23
SCAF_365	20553	5176	0.25	0	11
SCAF_365_region	20553	5176	0.25	0	11
SCAF_366	20522	1812	0.09	0	14
SCAF_366_region	20522	1812	0.09	0	14
SCAF_367	20517	9582	0.47	0	10
SCAF_367_region	20517	9582	0.47	0	10
SCAF_368	20452	89121	4.36	0	24
SCAF_368_region	20452	89121	4.36	0	24
SCAF_369	20438	135913	6.65	0	22
SCAF_369_region	20438	135913	6.65	0	22
SCAF_370	20350	333553	16.39	0	135
SCAF_370_region	20350	333553	16.39	0	135
SCAF_371	20349	334609	16.44	0	404
SCAF_371_region	20349	334609	16.44	0	404
SCAF_372	20285	28833	1.42	0	13
SCAF_372_region	20285	28833	1.42	0	13
SCAF_373	20282	226795	11.18	0	234
SCAF_373_region	20282	226795	11.18	0	234
SCAF_374	20282	5657338	278.93	0	1627
SCAF_374_region	20282	5657338	278.93	0	1627
SCAF_375	20179	552451	27.38	0	1255
SCAF_375_region	20179	552451	27.38	0	1255
SCAF_376	20174	59097	2.93	0	16
SCAF_376_region	20174	59097	2.93	0	16
SCAF_377	20160	36946	1.83	0	13
SCAF_377_region	20160	36946	1.83	0	13
SCAF_378	20157	4290000	212.83	0	1200
SCAF_378_region	20157	4290000	212.83	0	1200
SCAF_379	20150	44995	2.23	0	17
SCAF_379_region	20150	44995	2.23	0	17
SCAF_380	20140	327963	16.28	0	291
SCAF_380_region	20140	327963	16.28	0	291
SCAF_381	20082	14898	0.74	0	21
SCAF_381_region	20082	14898	0.74	0	21
SCAF_382	20068	3093	0.15	0	5
SCAF_382_region	20068	3093	0.15	0	5
SCAF_383	20052	3745	0.19	0	4
SCAF_383_region	20052	3745	0.19	0	4
SCAF_384	20039	109182	5.45	0	26
SCAF_384_region	20039	109182	5.45	0	26
SCAF_385	20036	34594	1.73	0	19
SCAF_385_region	20036	34594	1.73	0	19
SCAF_386	20004	73543	3.68	0	74
SCAF_386_region	20004	73543	3.68	0	74
SCAF_387	19967	44214	2.21	0	64
SCAF_387_region	19967	44214	2.21	0	64
SCAF_388	19953	144361	7.24	0	43
SCAF_388_region	19953	144361	7.24	0	43
SCAF_389	19874	7161	0.36	0	9
SCAF_389_region	19874	7161	0.36	0	9
SCAF_390	19870	4238597	213.32	0	1923
SCAF_390_region	19870	4238597	213.32	0	1923
SCAF_391	19819	2825	0.14	0	13
SCAF_391_region	19819	2825	0.14	0	13
SCAF_392	19814	7676	0.39	0	9
SCAF_392_region	19814	7676	0.39	0	9
SCAF_393	19805	14977	0.76	0	23
SCAF_393_region	19805	14977	0.76	0	23
SCAF_394	19796	52535	2.65	0	76
SCAF_394_region	19796	52535	2.65	0	76
SCAF_395	19788	13642802	689.45	0	4974
SCAF_395_region	19788	13642802	689.45	0	4974
SCAF_396	19769	38489	1.95	0	15
SCAF_396_region	19769	38489	1.95	0	15
SCAF_397	19737	70636	3.58	0	43
SCAF_397_region	19737	70636	3.58	0	43
SCAF_398	19694	83065	4.22	0	24
SCAF_398_region	19694	83065	4.22	0	24
SCAF_399	19627	32734	1.67	0	20
SCAF_399_region	19627	32734	1.67	0	20
SCAF_400	19559	37202	1.90	0	26
SCAF_400_region	19559	37202	1.90	0	26
SCAF_401	19529	11087	0.57	0	22
SCAF_401_region	19529	11087	0.57	0	22
SCAF_402	19485	8241	0.42	0	22
SCAF_402_region	19485	8241	0.42	0	22
SCAF_403	19440	41652	2.14	0	53
SCAF_403_region	19440	41652	2.14	0	53
SCAF_404	19429	44630	2.30	0	15
SCAF_404_region	19429	44630	2.30	0	15
SCAF_405	19412	7964	0.41	0	11
SCAF_405_region	19412	7964	0.41	0	11
SCAF_406	19412	13254	0.68	0	23
SCAF_406_region	19412	13254	0.68	0	23
SCAF_407	19392	14739	0.76	0	23
SCAF_407_region	19392	14739	0.76	0	23
SCAF_408	19383	768	0.04	0	18
SCAF_408_region	19383	768	0.04	0	18
SCAF_409	19350	5144	0.27	0	25
SCAF_409_region	19350	5144	0.27	0	25
SCAF_410	19334	19559	1.01	0	9
SCAF_410_region	19334	19559	1.01	0	9
SCAF_411	19319	446	0.02	0	2
SCAF_411_region	19319	446	0.02	0	2
SCAF_412	19298	125357	6.50	0	28
SCAF_412_region	19298	125357	6.50	0	28
SCAF_413	19281	138009	7.16	0	21
SCAF_413_region	19281	138009	7.16	0	21
SCAF_414	19250	47401	2.46	0	26
SCAF_414_region	19250	47401	2.46	0	26
SCAF_415	19240	13259	0.69	0	14
SCAF_415_region	19240	13259	0.69	0	14
SCAF_416	19198	16866	0.88	0	18
SCAF_416_region	19198	16866	0.88	0	18
SCAF_417	19156	895	0.05	0	25
SCAF_417_region	19156	895	0.05	0	25
SCAF_418	19069	4425904	232.10	0	999
SCAF_418_region	19069	4425904	232.10	0	999
SCAF_419	19061	24179	1.27	0	13
SCAF_419_region	19061	24179	1.27	0	13
SCAF_420	19040	161	0.01	0	1
SCAF_420_region	19040	161	0.01	0	1
SCAF_421	19012	38031	2.00	0	11
SCAF_421_region	19012	38031	2.00	0	11
SCAF_422	18950	79914	4.22	0	36
SCAF_422_region	18950	79914	4.22	0	36
SCAF_423	18945	16665	0.88	0	32
SCAF_423_region	18945	16665	0.88	0	32
SCAF_424	18943	5464	0.29	0	10
SCAF_424_region	18943	5464	0.29	0	10
SCAF_425	18932	49521	2.62	0	17
SCAF_425_region	18932	49521	2.62	0	17
SCAF_426	18882	12511	0.66	0	10
SCAF_426_region	18882	12511	0.66	0	10
SCAF_427	18874	20768	1.10	0	17
SCAF_427_region	18874	20768	1.10	0	17
SCAF_428	18866	1905005	100.98	0	1040
SCAF_428_region	18866	1905005	100.98	0	1040
SCAF_429	18866	13860	0.73	0	10
SCAF_429_region	18866	13860	0.73	0	10
SCAF_430	18815	8946	0.48	0	16
SCAF_430_region	18815	8946	0.48	0	16
SCAF_431	18805	140976	7.50	0	24
SCAF_431_region	18805	140976	7.50	0	24
SCAF_432	18790	81601	4.34	0	30
SCAF_432_region	18790	81601	4.34	0	30
SCAF_433	18773	3442	0.18	0	14
SCAF_433_region	18773	3442	0.18	0	14
SCAF_434	18766	35526	1.89	0	29
SCAF_434_region	18766	35526	1.89	0	29
SCAF_435	18753	49123	2.62	0	20
SCAF_435_region	18753	49123	2.62	0	20
SCAF_436	18746	41802	2.23	0	27
SCAF_436_region	18746	41802	2.23	0	27
SCAF_437	18721	20617	1.10	0	11
SCAF_437_region	18721	20617	1.10	0	11
SCAF_438	18669	4388	0.24	0	9
SCAF_438_region	18669	4388	0.24	0	9
SCAF_439	18588	130146	7.00	0	206
SCAF_439_region	18588	130146	7.00	0	206
SCAF_440	18561	224991	12.12	0	824
SCAF_440_region	18561	224991	12.12	0	824
SCAF_441	18530	28319	1.53	0	17
SCAF_441_region	18530	28319	1.53	0	17
SCAF_442	18489	3070	0.17	0	16
SCAF_442_region	18489	3070	0.17	0	16
SCAF_443	18479	9291	0.50	0	17
SCAF_443_region	18479	9291	0.50	0	17
SCAF_444	18424	35430	1.92	0	15
SCAF_444_region	18424	35430	1.92	0	15
SCAF_445	18396	50669	2.75	0	12
SCAF_445_region	18396	50669	2.75	0	12
SCAF_446	18392	84597	4.60	0	18
SCAF_446_region	18392	84597	4.60	0	18
SCAF_447	18255	8710	0.48	0	13
SCAF_447_region	18255	8710	0.48	0	13
SCAF_448	18252	87749	4.81	0	19
SCAF_448_region	18252	87749	4.81	0	19
SCAF_449	18248	29872	1.64	0	9
SCAF_449_region	18248	29872	1.64	0	9
SCAF_450	18208	30303	1.66	0	41
SCAF_450_region	18208	30303	1.66	0	41
SCAF_451	18202	264510	14.53	0	250
SCAF_451_region	18202	264510	14.53	0	250
SCAF_452	18192	4835	0.27	0	14
SCAF_452_region	18192	4835	0.27	0	14
SCAF_453	18150	4197	0.23	0	8
SCAF_453_region	18150	4197	0.23	0	8
SCAF_454	18134	1184	0.07	0	8
SCAF_454_region	18134	1184	0.07	0	8
SCAF_455	18114	1879	0.10	0	36
SCAF_455_region	18114	1879	0.10	0	36
SCAF_456	18112	5345	0.30	0	11
SCAF_456_region	18112	5345	0.30	0	11
SCAF_457	18054	146437	8.11	0	22
SCAF_457_region	18054	146437	8.11	0	22
SCAF_458	18006	41026	2.28	0	12
SCAF_458_region	18006	41026	2.28	0	12
SCAF_459	18000	1554	0.09	0	10
SCAF_459_region	18000	1554	0.09	0	10
SCAF_460	17967	85363	4.75	0	32
SCAF_460_region	17967	85363	4.75	0	32
SCAF_461	17943	2629	0.15	0	23
SCAF_461_region	17943	2629	0.15	0	23
SCAF_462	17929	12850	0.72	0	121
SCAF_462_region	17929	12850	0.72	0	121
SCAF_463	17921	711	0.04	0	6
SCAF_463_region	17921	711	0.04	0	6
SCAF_464	17913	52229	2.92	0	14
SCAF_464_region	17913	52229	2.92	0	14
SCAF_465	17912	22280	1.24	0	27
SCAF_465_region	17912	22280	1.24	0	27
SCAF_466	17886	36131	2.02	0	18
SCAF_466_region	17886	36131	2.02	0	18
SCAF_467	17859	312	0.02	0	3
SCAF_467_region	17859	312	0.02	0	3
SCAF_468	17837	10446	0.59	0	16
SCAF_468_region	17837	10446	0.59	0	16
SCAF_469	17802	568	0.03	0	1
SCAF_469_region	17802	568	0.03	0	1
SCAF_470	17776	9472	0.53	0	14
SCAF_470_region	17776	9472	0.53	0	14
SCAF_471	17682	6551	0.37	0	29
SCAF_471_region	17682	6551	0.37	0	29
SCAF_472	17646	96802	5.49	0	173
SCAF_472_region	17646	96802	5.49	0	173
SCAF_473	17646	60559	3.43	0	15
SCAF_473_region	17646	60559	3.43	0	15
SCAF_474	17642	4623904	262.10	0	898
SCAF_474_region	17642	4623904	262.10	0	898
SCAF_475	17613	18221	1.03	0	241
SCAF_475_region	17613	18221	1.03	0	241
SCAF_476	17602	279382	15.87	0	1071
SCAF_476_region	17602	279382	15.87	0	1071
SCAF_477	17571	674	0.04	0	8
SCAF_477_region	17571	674	0.04	0	8
SCAF_478	17535	11186	0.64	0	15
SCAF_478_region	17535	11186	0.64	0	15
SCAF_479	17528	1529668	87.27	0	853
SCAF_479_region	17528	1529668	87.27	0	853
SCAF_480	17503	19882	1.14	0	9
SCAF_480_region	17503	19882	1.14	0	9
SCAF_481	17502	5366	0.31	0	16
SCAF_481_region	17502	5366	0.31	0	16
SCAF_482	17480	1171	0.07	0	6
SCAF_482_region	17480	1171	0.07	0	6
SCAF_483	17476	6060	0.35	0	13
SCAF_483_region	17476	6060	0.35	0	13
SCAF_484	17457	312627	17.91	0	726
SCAF_484_region	17457	312627	17.91	0	726
SCAF_485	17386	50386	2.90	0	13
SCAF_485_region	17386	50386	2.90	0	13
SCAF_486	17362	39779	2.29	0	11
SCAF_486_region	17362	39779	2.29	0	11
SCAF_487	17332	8945	0.52	0	11
SCAF_487_region	17332	8945	0.52	0	11
SCAF_488	17327	42273	2.44	0	13
SCAF_488_region	17327	42273	2.44	0	13
SCAF_489	17303	39914	2.31	0	12
SCAF_489_region	17303	39914	2.31	0	12
SCAF_490	17273	6158	0.36	0	5
SCAF_490_region	17273	6158	0.36	0	5
SCAF_491	17245	133892	7.76	0	216
SCAF_491_region	17245	133892	7.76	0	216
SCAF_492	17239	13493	0.78	0	8
SCAF_492_region	17239	13493	0.78	0	8
SCAF_493	17219	58345	3.39	0	12
SCAF_493_region	17219	58345	3.39	0	12
SCAF_494	17218	16201	0.94	0	11
SCAF_494_region	17218	16201	0.94	0	11
SCAF_495	17211	22448	1.30	0	15
SCAF_495_region	17211	22448	1.30	0	15
SCAF_496	17198	26072	1.52	0	260
SCAF_496_region	17198	26072	1.52	0	260
SCAF_497	17190	524	0.03	0	4
SCAF_497_region	17190	524	0.03	0	4
SCAF_498	17162	41673	2.43	0	14
SCAF_498_region	17162	41673	2.43	0	14
SCAF_499	17147	13707	0.80	0	12
SCAF_499_region	17147	13707	0.80	0	12
SCAF_500	17144	6896	0.40	0	5
SCAF_500_region	17144	6896	0.40	0	5
SCAF_501	17142	4181	0.24	0	6
SCAF_501_region	17142	4181	0.24	0	6
SCAF_502	17124	7886	0.46	0	8
SCAF_502_region	17124	7886	0.46	0	8
SCAF_503	17118	5923146	346.02	0	1619
SCAF_503_region	17118	5923146	346.02	0	1619
SCAF_504	17076	53739	3.15	0	23
SCAF_504_region	17076	53739	3.15	0	23
SCAF_505	17047	3513388	206.10	0	1018
SCAF_505_region	17047	3513388	206.10	0	1018
SCAF_506	17043	171335	10.05	0	254
SCAF_506_region	17043	171335	10.05	0	254
SCAF_507	17035	23656	1.39	0	31
SCAF_507_region	17035	23656	1.39	0	31
SCAF_508	17021	21882	1.29	0	18
SCAF_508_region	17021	21882	1.29	0	18
SCAF_509	16971	40265	2.37	0	13
SCAF_509_region	16971	40265	2.37	0	13
SCAF_510	16897	121701	7.20	0	30
SCAF_510_region	16897	121701	7.20	0	30
SCAF_511	16849	14599	0.87	0	9
SCAF_511_region	16849	14599	0.87	0	9
SCAF_512	16807	3497	0.21	0	8
SCAF_512_region	16807	3497	0.21	0	8
SCAF_513	16787	1237	0.07	0	7
SCAF_513_region	16787	1237	0.07	0	7
SCAF_514	16784	34327	2.05	0	10
SCAF_514_region	16784	34327	2.05	0	10
SCAF_515	16776	31544	1.88	0	12
SCAF_515_region	16776	31544	1.88	0	12
SCAF_516	16745	1597	0.10	0	8
SCAF_516_region	16745	1597	0.10	0	8
SCAF_517	16741	12855	0.77	0	7
SCAF_517_region	16741	12855	0.77	0	7
SCAF_518	16733	89224	5.33	0	20
SCAF_518_region	16733	89224	5.33	0	20
SCAF_519	16710	7844	0.47	0	7
SCAF_519_region	16710	7844	0.47	0	7
SCAF_520	16702	4399730	263.43	0	3685
SCAF_520_region	16702	4399730	263.43	0	3685
SCAF_521	16701	25474	1.53	0	13
SCAF_521_region	16701	25474	1.53	0	13
SCAF_522	16645	5765	0.35	0	85
SCAF_522_region	16645	5765	0.35	0	85
SCAF_523	16623	27867	1.68	0	17
SCAF_523_region	16623	27867	1.68	0	17
SCAF_524	16568	2495	0.15	0	10
SCAF_524_region	16568	2495	0.15	0	10
SCAF_525	16548	7729	0.47	0	20
SCAF_525_region	16548	7729	0.47	0	20
SCAF_526	16541	6902	0.42	0	6
SCAF_526_region	16541	6902	0.42	0	6
SCAF_527	16518	3567684	215.99	0	1623
SCAF_527_region	16518	3567684	215.99	0	1623
SCAF_528	16510	13772	0.83	0	154
SCAF_528_region	16510	13772	0.83	0	154
SCAF_529	16492	24627	1.49	0	30
SCAF_529_region	16492	24627	1.49	0	30
SCAF_530	16462	27558	1.67	0	12
SCAF_530_region	16462	27558	1.67	0	12
SCAF_531	16461	402	0.02	0	6
SCAF_531_region	16461	402	0.02	0	6
SCAF_532	16447	65821	4.00	0	23
SCAF_532_region	16447	65821	4.00	0	23
SCAF_533	16383	32057	1.96	0	18
SCAF_533_region	16383	32057	1.96	0	18
SCAF_534	16345	13927	0.85	0	18
SCAF_534_region	16345	13927	0.85	0	18
SCAF_535	16343	3227	0.20	0	9
SCAF_535_region	16343	3227	0.20	0	9
SCAF_536	16333	5442	0.33	0	9
SCAF_536_region	16333	5442	0.33	0	9
SCAF_537	16287	113402	6.96	0	21
SCAF_537_region	16287	113402	6.96	0	21
SCAF_538	16266	2567	0.16	0	3
SCAF_538_region	16266	2567	0.16	0	3
SCAF_539	16246	310	0.02	0	3
SCAF_539_region	16246	310	0.02	0	3
SCAF_540	16245	4583	0.28	0	5
SCAF_540_region	16245	4583	0.28	0	5
SCAF_541	16215	8468	0.52	0	10
SCAF_541_region	16215	8468	0.52	0	10
SCAF_542	16208	6166	0.38	0	12
SCAF_542_region	16208	6166	0.38	0	12
SCAF_543	16160	10234	0.63	0	13
SCAF_543_region	16160	10234	0.63	0	13
SCAF_544	16140	691	0.04	0	12
SCAF_544_region	16140	691	0.04	0	12
SCAF_545	16102	3105	0.19	0	8
SCAF_545_region	16102	3105	0.19	0	8
SCAF_546	16083	41142	2.56	0	11
SCAF_546_region	16083	41142	2.56	0	11
SCAF_547	16037	1991	0.12	0	10
SCAF_547_region	16037	1991	0.12	0	10
SCAF_548	16034	56997	3.55	0	408
SCAF_548_region	16034	56997	3.55	0	408
SCAF_549	16030	35313	2.20	0	23
SCAF_549_region	16030	35313	2.20	0	23
SCAF_550	16027	1063	0.07	0	4
SCAF_550_region	16027	1063	0.07	0	4
SCAF_551	15990	61543	3.85	0	20
SCAF_551_region	15990	61543	3.85	0	20
SCAF_552	15913	175065	11.00	0	46
SCAF_552_region	15913	175065	11.00	0	46
SCAF_553	15906	3302	0.21	0	6
SCAF_553_region	15906	3302	0.21	0	6
SCAF_554	15898	28432	1.79	0	13
SCAF_554_region	15898	28432	1.79	0	13
SCAF_555	15891	23376	1.47	0	14
SCAF_555_region	15891	23376	1.47	0	14
SCAF_556	15885	25556	1.61	0	10
SCAF_556_region	15885	25556	1.61	0	10
SCAF_557	15855	2558	0.16	0	4
SCAF_557_region	15855	2558	0.16	0	4
SCAF_558	15839	8078	0.51	0	16
SCAF_558_region	15839	8078	0.51	0	16
SCAF_559	15827	60473	3.82	0	13
SCAF_559_region	15827	60473	3.82	0	13
SCAF_560	15823	20971	1.33	0	24
SCAF_560_region	15823	20971	1.33	0	24
SCAF_561	15791	35333	2.24	0	12
SCAF_561_region	15791	35333	2.24	0	12
SCAF_562	15777	3938520	249.64	0	713
SCAF_562_region	15777	3938520	249.64	0	713
SCAF_563	15776	36304	2.30	0	26
SCAF_563_region	15776	36304	2.30	0	26
SCAF_564	15761	15675	0.99	0	84
SCAF_564_region	15761	15675	0.99	0	84
SCAF_565	15717	22541	1.43	0	16
SCAF_565_region	15717	22541	1.43	0	16
SCAF_566	15706	958	0.06	0	6
SCAF_566_region	15706	958	0.06	0	6
SCAF_567	15696	24377	1.55	0	15
SCAF_567_region	15696	24377	1.55	0	15
SCAF_568	15657	31301	2.00	0	9
SCAF_568_region	15657	31301	2.00	0	9
SCAF_569	15650	10245	0.65	0	15
SCAF_569_region	15650	10245	0.65	0	15
SCAF_570	15646	17501	1.12	0	14
SCAF_570_region	15646	17501	1.12	0	14
SCAF_571	15619	233	0.01	0	2
SCAF_571_region	15619	233	0.01	0	2
SCAF_572	15612	12627	0.81	0	16
SCAF_572_region	15612	12627	0.81	0	16
SCAF_573	15605	2558	0.16	0	8
SCAF_573_region	15605	2558	0.16	0	8
SCAF_574	15575	7282	0.47	0	14
SCAF_574_region	15575	7282	0.47	0	14
SCAF_575	15573	2623	0.17	0	6
SCAF_575_region	15573	2623	0.17	0	6
SCAF_576	15571	33859	2.17	0	19
SCAF_576_region	15571	33859	2.17	0	19
SCAF_577	15544	4379	0.28	0	9
SCAF_577_region	15544	4379	0.28	0	9
SCAF_578	15521	369	0.02	0	9
SCAF_578_region	15521	369	0.02	0	9
SCAF_579	15497	176956	11.42	0	279
SCAF_579_region	15497	176956	11.42	0	279
SCAF_580	15481	16029	1.04	0	15
SCAF_580_region	15481	16029	1.04	0	15
SCAF_581	15458	17891	1.16	0	20
SCAF_581_region	15458	17891	1.16	0	20
SCAF_582	15439	45981	2.98	0	38
SCAF_582_region	15439	45981	2.98	0	38
SCAF_583	15421	15380	1.00	0	51
SCAF_583_region	15421	15380	1.00	0	51
SCAF_584	15337	12140	0.79	0	16
SCAF_584_region	15337	12140	0.79	0	16
SCAF_585	15336	5295	0.35	0	5
SCAF_585_region	15336	5295	0.35	0	5
SCAF_586	15301	46460	3.04	0	21
SCAF_586_region	15301	46460	3.04	0	21
SCAF_587	15300	8242914	538.75	0	18836
SCAF_587_region	15300	8242914	538.75	0	18836
SCAF_588	15298	22042	1.44	0	13
SCAF_588_region	15298	22042	1.44	0	13
SCAF_589	15238	24654	1.62	0	22
SCAF_589_region	15238	24654	1.62	0	22
SCAF_590	15205	124493	8.19	0	24
SCAF_590_region	15205	124493	8.19	0	24
SCAF_591	15162	82503	5.44	0	23
SCAF_591_region	15162	82503	5.44	0	23
SCAF_592	15154	14009	0.92	0	5
SCAF_592_region	15154	14009	0.92	0	5
SCAF_593	15087	14818	0.98	0	58
SCAF_593_region	15087	14818	0.98	0	58
SCAF_594	15082	79251	5.25	0	34
SCAF_594_region	15082	79251	5.25	0	34
SCAF_595	15055	124251	8.25	0	22
SCAF_595_region	15055	124251	8.25	0	22
SCAF_596	15045	896	0.06	0	11
SCAF_596_region	15045	896	0.06	0	11
SCAF_597	15030	11116	0.74	0	9
SCAF_597_region	15030	11116	0.74	0	9
SCAF_598	15027	12364	0.82	0	32
SCAF_598_region	15027	12364	0.82	0	32
SCAF_599	15000	93232	6.22	0	21
SCAF_599_region	15000	93232	6.22	0	21
SCAF_600	14995	5099	0.34	0	13
SCAF_600_region	14995	5099	0.34	0	13
SCAF_601	14985	111275	7.43	0	78
SCAF_601_region	14985	111275	7.43	0	78
SCAF_602	14930	34503	2.31	0	12
SCAF_602_region	14930	34503	2.31	0	12
SCAF_603	14898	18087	1.21	0	11
SCAF_603_region	14898	18087	1.21	0	11
SCAF_604	14863	13605	0.92	0	7
SCAF_604_region	14863	13605	0.92	0	7
SCAF_605	14840	2501	0.17	0	8
SCAF_605_region	14840	2501	0.17	0	8
SCAF_606	14808	1246	0.08	0	3
SCAF_606_region	14808	1246	0.08	0	3
SCAF_607	14807	84124	5.68	0	45
SCAF_607_region	14807	84124	5.68	0	45
SCAF_608	14785	17790	1.20	0	19
SCAF_608_region	14785	17790	1.20	0	19
SCAF_609	14742	459570	31.17	0	489
SCAF_609_region	14742	459570	31.17	0	489
SCAF_610	14738	12765	0.87	0	16
SCAF_610_region	14738	12765	0.87	0	16
SCAF_611	14737	76610	5.20	0	19
SCAF_611_region	14737	76610	5.20	0	19
SCAF_612	14712	3319996	225.67	0	769
SCAF_612_region	14712	3319996	225.67	0	769
SCAF_613	14708	17645	1.20	0	22
SCAF_613_region	14708	17645	1.20	0	22
SCAF_614	14694	1435	0.10	0	17
SCAF_614_region	14694	1435	0.10	0	17
SCAF_615	14684	8835	0.60	0	29
SCAF_615_region	14684	8835	0.60	0	29
SCAF_616	14676	462	0.03	0	3
SCAF_616_region	14676	462	0.03	0	3
SCAF_617	14662	15806	1.08	0	18
SCAF_617_region	14662	15806	1.08	0	18
SCAF_618	14658	19783	1.35	0	8
SCAF_618_region	14658	19783	1.35	0	8
SCAF_619	14650	172786	11.79	0	999
SCAF_619_region	14650	172786	11.79	0	999
SCAF_620	14639	4496	0.31	0	8
SCAF_620_region	14639	4496	0.31	0	8
SCAF_621	14614	41000	2.81	0	61
SCAF_621_region	14614	41000	2.81	0	61
SCAF_622	14596	14948	1.02	0	27
SCAF_622_region	14596	14948	1.02	0	27
SCAF_623	14590	37011	2.54	0	22
SCAF_623_region	14590	37011	2.54	0	22
SCAF_624	14581	446	0.03	0	2
SCAF_624_region	14581	446	0.03	0	2
SCAF_625	14547	8153	0.56	0	11
SCAF_625_region	14547	8153	0.56	0	11
SCAF_626	14527	15063	1.04	0	21
SCAF_626_region	14527	15063	1.04	0	21
SCAF_627	14523	13341	0.92	0	10
SCAF_627_region	14523	13341	0.92	0	10
SCAF_628	14498	47335	3.26	0	37
SCAF_628_region	14498	47335	3.26	0	37
SCAF_629	14453	1938	0.13	0	14
SCAF_629_region	14453	1938	0.13	0	14
SCAF_630	14414	9610	0.67	0	10
SCAF_630_region	14414	9610	0.67	0	10
SCAF_631	14395	4193	0.29	0	10
SCAF_631_region	14395	4193	0.29	0	10
SCAF_632	14385	6751	0.47	0	4
SCAF_632_region	14385	6751	0.47	0	4
SCAF_633	14371	3989	0.28	0	3
SCAF_633_region	14371	3989	0.28	0	3
SCAF_634	14371	1927	0.13	0	6
SCAF_634_region	14371	1927	0.13	0	6
SCAF_635	14280	1137465	79.65	0	336
SCAF_635_region	14280	1137465	79.65	0	336
SCAF_636	14276	21806	1.53	0	28
SCAF_636_region	14276	21806	1.53	0	28
SCAF_637	14236	39416	2.77	0	17
SCAF_637_region	14236	39416	2.77	0	17
SCAF_638	14229	31305	2.20	0	15
SCAF_638_region	14229	31305	2.20	0	15
SCAF_639	14202	332	0.02	0	1
SCAF_639_region	14202	332	0.02	0	1
SCAF_640	14111	22870	1.62	0	17
SCAF_640_region	14111	22870	1.62	0	17
SCAF_641	14088	34386	2.44	0	14
SCAF_641_region	14088	34386	2.44	0	14
SCAF_642	14005	34746	2.48	0	12
SCAF_642_region	14005	34746	2.48	0	12
SCAF_643	13977	1860062	133.08	0	862
SCAF_643_region	13977	1860062	133.08	0	862
SCAF_644	13890	3872	0.28	0	3
SCAF_644_region	13890	3872	0.28	0	3
SCAF_645	13875	28399	2.05	0	12
SCAF_645_region	13875	28399	2.05	0	12
SCAF_646	13874	64138	4.62	0	18
SCAF_646_region	13874	64138	4.62	0	18
SCAF_647	13848	15802	1.14	0	17
SCAF_647_region	13848	15802	1.14	0	17
SCAF_648	13847	130680	9.44	0	199
SCAF_648_region	13847	130680	9.44	0	199
SCAF_649	13838	36441	2.63	0	23
SCAF_649_region	13838	36441	2.63	0	23
SCAF_650	13812	2356	0.17	0	4
SCAF_650_region	13812	2356	0.17	0	4
SCAF_651	13758	94526	6.87	0	24
SCAF_651_region	13758	94526	6.87	0	24
SCAF_652	13727	7036	0.51	0	11
SCAF_652_region	13727	7036	0.51	0	11
SCAF_653	13703	4801	0.35	0	5
SCAF_653_region	13703	4801	0.35	0	5
SCAF_654	13701	564	0.04	0	3
SCAF_654_region	13701	564	0.04	0	3
SCAF_655	13677	3817	0.28	0	7
SCAF_655_region	13677	3817	0.28	0	7
SCAF_656	13622	23290	1.71	0	15
SCAF_656_region	13622	23290	1.71	0	15
SCAF_657	13584	1850	0.14	0	7
SCAF_657_region	13584	1850	0.14	0	7
SCAF_658	13583	24599	1.81	0	11
SCAF_658_region	13583	24599	1.81	0	11
SCAF_659	13535	32367	2.39	0	11
SCAF_659_region	13535	32367	2.39	0	11
SCAF_660	13535	343	0.03	0	2
SCAF_660_region	13535	343	0.03	0	2
SCAF_661	13499	4462	0.33	0	5
SCAF_661_region	13499	4462	0.33	0	5
SCAF_662	13464	2749	0.20	0	5
SCAF_662_region	13464	2749	0.20	0	5
SCAF_663	13438	33239	2.47	0	21
SCAF_663_region	13438	33239	2.47	0	21
SCAF_664	13385	3261136	243.64	0	888
SCAF_664_region	13385	3261136	243.64	0	888
SCAF_665	13357	294	0.02	0	2
SCAF_665_region	13357	294	0.02	0	2
SCAF_666	13330	24750	1.86	0	18
SCAF_666_region	13330	24750	1.86	0	18
SCAF_667	13327	27575	2.07	0	20
SCAF_667_region	13327	27575	2.07	0	20
SCAF_668	13319	6827	0.51	0	10
SCAF_668_region	13319	6827	0.51	0	10
SCAF_669	13303	172464	12.96	0	95
SCAF_669_region	13303	172464	12.96	0	95
SCAF_670	13293	33671	2.53	0	18
SCAF_670_region	13293	33671	2.53	0	18
SCAF_671	13288	53000	3.99	0	18
SCAF_671_region	13288	53000	3.99	0	18
SCAF_672	13266	4079	0.31	0	9
SCAF_672_region	13266	4079	0.31	0	9
SCAF_673	13189	3523	0.27	0	24
SCAF_673_region	13189	3523	0.27	0	24
SCAF_674	13149	44836	3.41	0	28
SCAF_674_region	13149	44836	3.41	0	28
SCAF_675	13128	19242	1.47	0	20
SCAF_675_region	13128	19242	1.47	0	20
SCAF_676	13120	40285	3.07	0	15
SCAF_676_region	13120	40285	3.07	0	15
SCAF_677	13080	368209	28.15	0	1794
SCAF_677_region	13080	368209	28.15	0	1794
SCAF_678	13050	6356	0.49	0	12
SCAF_678_region	13050	6356	0.49	0	12
SCAF_679	13043	4803	0.37	0	15
SCAF_679_region	13043	4803	0.37	0	15
SCAF_680	13008	8403	0.65	0	11
SCAF_680_region	13008	8403	0.65	0	11
SCAF_681	13001	4598	0.35	0	11
SCAF_681_region	13001	4598	0.35	0	11
SCAF_682	12997	91198	7.02	0	21
SCAF_682_region	12997	91198	7.02	0	21
SCAF_683	12986	16376	1.26	0	27
SCAF_683_region	12986	16376	1.26	0	27
SCAF_684	12871	4537	0.35	0	11
SCAF_684_region	12871	4537	0.35	0	11
SCAF_685	12842	3540	0.28	0	23
SCAF_685_region	12842	3540	0.28	0	23
SCAF_686	12830	4606	0.36	0	20
SCAF_686_region	12830	4606	0.36	0	20
SCAF_687	12781	12655	0.99	0	12
SCAF_687_region	12781	12655	0.99	0	12
SCAF_688	12768	39433	3.09	0	21
SCAF_688_region	12768	39433	3.09	0	21
SCAF_689	12768	25579	2.00	0	13
SCAF_689_region	12768	25579	2.00	0	13
SCAF_690	12764	9212	0.72	0	13
SCAF_690_region	12764	9212	0.72	0	13
SCAF_691	12677	1347	0.11	0	17
SCAF_691_region	12677	1347	0.11	0	17
SCAF_692	12675	1670	0.13	0	9
SCAF_692_region	12675	1670	0.13	0	9
SCAF_693	12651	3424	0.27	0	9
SCAF_693_region	12651	3424	0.27	0	9
SCAF_694	12646	5797	0.46	0	6
SCAF_694_region	12646	5797	0.46	0	6
SCAF_695	12643	67747	5.36	0	16
SCAF_695_region	12643	67747	5.36	0	16
SCAF_696	12633	4937	0.39	0	4
SCAF_696_region	12633	4937	0.39	0	4
SCAF_697	12625	12889	1.02	0	28
SCAF_697_region	12625	12889	1.02	0	28
SCAF_698	12617	28813	2.28	0	25
SCAF_698_region	12617	28813	2.28	0	25
SCAF_699	12540	7068	0.56	0	15
SCAF_699_region	12540	7068	0.56	0	15
SCAF_700	12515	193	0.02	0	2
SCAF_700_region	12515	193	0.02	0	2
SCAF_701	12482	273	0.02	0	2
SCAF_701_region	12482	273	0.02	0	2
SCAF_702	12461	10120	0.81	0	25
SCAF_702_region	12461	10120	0.81	0	25
SCAF_703	12456	45733	3.67	0	24
SCAF_703_region	12456	45733	3.67	0	24
SCAF_704	12456	6447	0.52	0	16
SCAF_704_region	12456	6447	0.52	0	16
SCAF_705	12358	4936	0.40	0	24
SCAF_705_region	12358	4936	0.40	0	24
SCAF_706	12350	102881	8.33	0	23
SCAF_706_region	12350	102881	8.33	0	23
SCAF_707	12343	2042	0.17	0	3
SCAF_707_region	12343	2042	0.17	0	3
SCAF_708	12333	448	0.04	0	13
SCAF_708_region	12333	448	0.04	0	13
SCAF_709	12319	3174436	257.69	0	1082
SCAF_709_region	12319	3174436	257.69	0	1082
SCAF_710	12288	1349	0.11	0	10
SCAF_710_region	12288	1349	0.11	0	10
SCAF_711	12252	117454	9.59	0	23
SCAF_711_region	12252	117454	9.59	0	23
SCAF_712	12218	785160	64.26	0	2838
SCAF_712_region	12218	785160	64.26	0	2838
SCAF_713	12177	118986	9.77	0	24
SCAF_713_region	12177	118986	9.77	0	24
SCAF_714	12167	5881	0.48	0	14
SCAF_714_region	12167	5881	0.48	0	14
SCAF_715	12163	5808	0.48	0	13
SCAF_715_region	12163	5808	0.48	0	13
SCAF_716	12143	18984	1.56	0	16
SCAF_716_region	12143	18984	1.56	0	16
SCAF_717	12102	4891	0.40	0	19
SCAF_717_region	12102	4891	0.40	0	19
SCAF_718	12099	25207	2.08	0	57
SCAF_718_region	12099	25207	2.08	0	57
SCAF_719	12095	1607	0.13	0	11
SCAF_719_region	12095	1607	0.13	0	11
SCAF_720	12085	7670	0.63	0	13
SCAF_720_region	12085	7670	0.63	0	13
SCAF_721	12078	4200	0.35	0	4
SCAF_721_region	12078	4200	0.35	0	4
SCAF_722	12066	6048	0.50	0	20
SCAF_722_region	12066	6048	0.50	0	20
SCAF_723	12015	22039	1.83	0	11
SCAF_723_region	12015	22039	1.83	0	11
SCAF_724	12004	27389	2.28	0	20
SCAF_724_region	12004	27389	2.28	0	20
SCAF_725	11949	20314	1.70	0	22
SCAF_725_region	11949	20314	1.70	0	22
SCAF_726	11911	914	0.08	0	12
SCAF_726_region	11911	914	0.08	0	12
SCAF_727	11900	1471	0.12	0	3
SCAF_727_region	11900	1471	0.12	0	3
SCAF_728	11869	39964	3.37	0	38
SCAF_728_region	11869	39964	3.37	0	38
SCAF_729	11788	93811	7.96	0	19
SCAF_729_region	11788	93811	7.96	0	19
SCAF_730	11785	107576	9.13	0	31
SCAF_730_region	11785	107576	9.13	0	31
SCAF_731	11750	5910	0.50	0	7
SCAF_731_region	11750	5910	0.50	0	7
SCAF_732	11699	1191	0.10	0	6
SCAF_732_region	11699	1191	0.10	0	6
SCAF_733	11674	544	0.05	0	1
SCAF_733_region	11674	544	0.05	0	1
SCAF_734	11658	10414	0.89	0	13
SCAF_734_region	11658	10414	0.89	0	13
SCAF_735	11648	79823	6.85	0	23
SCAF_735_region	11648	79823	6.85	0	23
SCAF_736	11642	28305	2.43	0	13
SCAF_736_region	11642	28305	2.43	0	13
SCAF_737	11612	201	0.02	0	2
SCAF_737_region	11612	201	0.02	0	2
SCAF_738	11595	175	0.02	0	2
SCAF_738_region	11595	175	0.02	0	2
SCAF_739	11525	158819	13.78	0	466
SCAF_739_region	11525	158819	13.78	0	466
SCAF_740	11505	23276	2.02	0	10
SCAF_740_region	11505	23276	2.02	0	10
SCAF_741	11492	685	0.06	0	16
SCAF_741_region	11492	685	0.06	0	16
SCAF_742	11467	8330792	726.50	0	2837
SCAF_742_region	11467	8330792	726.50	0	2837
SCAF_743	11404	264	0.02	0	2
SCAF_743_region	11404	264	0.02	0	2
SCAF_744	11377	15568	1.37	0	12
SCAF_744_region	11377	15568	1.37	0	12
SCAF_745	11364	14181	1.25	0	8
SCAF_745_region	11364	14181	1.25	0	8
SCAF_746	11318	423	0.04	0	3
SCAF_746_region	11318	423	0.04	0	3
SCAF_747	11311	79720	7.05	0	439
SCAF_747_region	11311	79720	7.05	0	439
SCAF_748	11306	7973	0.71	0	10
SCAF_748_region	11306	7973	0.71	0	10
SCAF_749	11299	16239	1.44	0	15
SCAF_749_region	11299	16239	1.44	0	15
SCAF_750	11284	6240	0.55	0	12
SCAF_750_region	11284	6240	0.55	0	12
SCAF_751	11276	2848	0.25	0	8
SCAF_751_region	11276	2848	0.25	0	8
SCAF_752	11267	374	0.03	0	2
SCAF_752_region	11267	374	0.03	0	2
SCAF_753	11254	3276	0.29	0	6
SCAF_753_region	11254	3276	0.29	0	6
SCAF_754	11236	16009	1.42	0	21
SCAF_754_region	11236	16009	1.42	0	21
SCAF_755	11231	2035	0.18	0	4
SCAF_755_region	11231	2035	0.18	0	4
SCAF_756	11200	50006	4.46	0	19
SCAF_756_region	11200	50006	4.46	0	19
SCAF_757	11195	19409	1.73	0	11
SCAF_757_region	11195	19409	1.73	0	11
SCAF_758	11126	2990	0.27	0	9
SCAF_758_region	11126	2990	0.27	0	9
SCAF_759	11118	22516	2.03	0	13
SCAF_759_region	11118	22516	2.03	0	13
SCAF_760	11100	11838	1.07	0	12
SCAF_760_region	11100	11838	1.07	0	12
SCAF_761	11097	3030	0.27	0	4
SCAF_761_region	11097	3030	0.27	0	4
SCAF_762	11029	5705	0.52	0	16
SCAF_762_region	11029	5705	0.52	0	16
SCAF_763	11019	24128	2.19	0	15
SCAF_763_region	11019	24128	2.19	0	15
SCAF_764	10979	130921	11.92	0	171
SCAF_764_region	10979	130921	11.92	0	171
SCAF_765	10957	505	0.05	0	6
SCAF_765_region	10957	505	0.05	0	6
SCAF_766	10940	9868	0.90	0	21
SCAF_766_region	10940	9868	0.90	0	21
SCAF_767	10913	19675	1.80	0	22
SCAF_767_region	10913	19675	1.80	0	22
SCAF_768	10886	29598	2.72	0	13
SCAF_768_region	10886	29598	2.72	0	13
SCAF_769	10867	3880	0.36	0	8
SCAF_769_region	10867	3880	0.36	0	8
SCAF_770	10816	1859	0.17	0	10
SCAF_770_region	10816	1859	0.17	0	10
SCAF_771	10810	952	0.09	0	15
SCAF_771_region	10810	952	0.09	0	15
SCAF_772	10709	3479	0.32	0	7
SCAF_772_region	10709	3479	0.32	0	7
SCAF_773	10688	687927	64.36	0	1587
SCAF_773_region	10688	687927	64.36	0	1587
SCAF_774	10648	29829	2.80	0	25
SCAF_774_region	10648	29829	2.80	0	25
SCAF_775	10642	231	0.02	0	2
SCAF_775_region	10642	231	0.02	0	2
SCAF_776	10612	1245	0.12	0	2
SCAF_776_region	10612	1245	0.12	0	2
SCAF_777	10608	52234	4.92	0	19
SCAF_777_region	10608	52234	4.92	0	19
SCAF_778	10604	6879	0.65	0	6
SCAF_778_region	10604	6879	0.65	0	6
SCAF_779	10578	6824	0.65	0	13
SCAF_779_region	10578	6824	0.65	0	13
SCAF_780	10571	183	0.02	0	2
SCAF_780_region	10571	183	0.02	0	2
SCAF_781	10511	587	0.06	0	13
SCAF_781_region	10511	587	0.06	0	13
SCAF_782	10492	78	0.01	0	2
SCAF_782_region	10492	78	0.01	0	2
SCAF_783	10421	16588	1.59	0	9
SCAF_783_region	10421	16588	1.59	0	9
SCAF_784	10379	52810	5.09	0	16
SCAF_784_region	10379	52810	5.09	0	16
SCAF_785	10337	5592	0.54	0	7
SCAF_785_region	10337	5592	0.54	0	7
SCAF_786	10326	17831	1.73	0	14
SCAF_786_region	10326	17831	1.73	0	14
SCAF_787	10326	2693	0.26	0	5
SCAF_787_region	10326	2693	0.26	0	5
SCAF_788	10316	4776	0.46	0	63
SCAF_788_region	10316	4776	0.46	0	63
SCAF_789	10256	103	0.01	0	1
SCAF_789_region	10256	103	0.01	0	1
SCAF_790	10228	3380	0.33	0	12
SCAF_790_region	10228	3380	0.33	0	12
SCAF_791	10185	15716	1.54	0	9
SCAF_791_region	10185	15716	1.54	0	9
SCAF_792	10184	21799	2.14	0	24
SCAF_792_region	10184	21799	2.14	0	24
SCAF_793	10160	12569	1.24	0	8
SCAF_793_region	10160	12569	1.24	0	8
SCAF_794	10147	261	0.03	0	1
SCAF_794_region	10147	261	0.03	0	1
SCAF_795	10110	5935	0.59	0	8
SCAF_795_region	10110	5935	0.59	0	8
SCAF_796	10045	134	0.01	0	4
SCAF_796_region	10045	134	0.01	0	4
SCAF_797	10015	10131	1.01	0	23
SCAF_797_region	10015	10131	1.01	0	23
SCAF_798	10012	31004	3.10	0	17
SCAF_798_region	10012	31004	3.10	0	17
SCAF_799	9978	17617	1.77	0	13
SCAF_799_region	9978	17617	1.77	0	13
SCAF_800	9947	23124	2.32	0	110
SCAF_800_region	9947	23124	2.32	0	110
SCAF_801	9941	8456	0.85	0	7
SCAF_801_region	9941	8456	0.85	0	7
SCAF_802	9910	312	0.03	0	1
SCAF_802_region	9910	312	0.03	0	1
SCAF_803	9879	6593	0.67	0	7
SCAF_803_region	9879	6593	0.67	0	7
SCAF_804	9861	33185	3.37	0	26
SCAF_804_region	9861	33185	3.37	0	26
SCAF_805	9859	276	0.03	0	2
SCAF_805_region	9859	276	0.03	0	2
SCAF_806	9855	13543	1.37	0	10
SCAF_806_region	9855	13543	1.37	0	10
SCAF_807	9792	2095	0.21	0	4
SCAF_807_region	9792	2095	0.21	0	4
SCAF_808	9784	13834	1.41	0	9
SCAF_808_region	9784	13834	1.41	0	9
SCAF_809	9773	42454	4.34	0	24
SCAF_809_region	9773	42454	4.34	0	24
SCAF_810	9756	99	0.01	0	2
SCAF_810_region	9756	99	0.01	0	2
SCAF_811	9753	101458	10.40	0	275
SCAF_811_region	9753	101458	10.40	0	275
SCAF_812	9719	2225	0.23	0	13
SCAF_812_region	9719	2225	0.23	0	13
SCAF_813	9715	2376	0.24	0	6
SCAF_813_region	9715	2376	0.24	0	6
SCAF_814	9708	7998	0.82	0	11
SCAF_814_region	9708	7998	0.82	0	11
SCAF_815	9700	2141	0.22	0	3
SCAF_815_region	9700	2141	0.22	0	3
SCAF_816	9673	4475	0.46	0	10
SCAF_816_region	9673	4475	0.46	0	10
SCAF_817	9638	24689	2.56	0	12
SCAF_817_region	9638	24689	2.56	0	12
SCAF_818	9601	9717	1.01	0	14
SCAF_818_region	9601	9717	1.01	0	14
SCAF_819	9601	9952	1.04	0	12
SCAF_819_region	9601	9952	1.04	0	12
SCAF_820	9550	139790	14.64	0	158
SCAF_820_region	9550	139790	14.64	0	158
SCAF_821	9533	2720	0.29	0	3
SCAF_821_region	9533	2720	0.29	0	3
SCAF_822	9498	1054	0.11	0	3
SCAF_822_region	9498	1054	0.11	0	3
SCAF_823	9466	2291281	242.05	0	1690
SCAF_823_region	9466	2291281	242.05	0	1690
SCAF_824	9457	3073	0.32	0	42
SCAF_824_region	9457	3073	0.32	0	42
SCAF_825	9446	9546	1.01	0	23
SCAF_825_region	9446	9546	1.01	0	23
SCAF_826	9385	31894	3.40	0	14
SCAF_826_region	9385	31894	3.40	0	14
SCAF_827	9376	16991	1.81	0	27
SCAF_827_region	9376	16991	1.81	0	27
SCAF_828	9365	218	0.02	0	1
SCAF_828_region	9365	218	0.02	0	1
SCAF_829	9320	4198	0.45	0	7
SCAF_829_region	9320	4198	0.45	0	7
SCAF_830	9303	3139	0.34	0	15
SCAF_830_region	9303	3139	0.34	0	15
SCAF_831	9295	2255	0.24	0	2
SCAF_831_region	9295	2255	0.24	0	2
SCAF_832	9282	11003	1.19	0	14
SCAF_832_region	9282	11003	1.19	0	14
SCAF_833	9263	531	0.06	0	2
SCAF_833_region	9263	531	0.06	0	2
SCAF_834	9159	354437	38.70	0	2767
SCAF_834_region	9159	354437	38.70	0	2767
SCAF_835	9159	29311	3.20	0	11
SCAF_835_region	9159	29311	3.20	0	11
SCAF_836	9157	10503	1.15	0	33
SCAF_836_region	9157	10503	1.15	0	33
SCAF_837	9095	364	0.04	0	14
SCAF_837_region	9095	364	0.04	0	14
SCAF_838	9078	6367	0.70	0	9
SCAF_838_region	9078	6367	0.70	0	9
SCAF_839	9057	14382	1.59	0	12
SCAF_839_region	9057	14382	1.59	0	12
SCAF_840	9014	465	0.05	0	3
SCAF_840_region	9014	465	0.05	0	3
SCAF_841	8986	22740	2.53	0	16
SCAF_841_region	8986	22740	2.53	0	16
SCAF_842	8986	1848	0.21	0	5
SCAF_842_region	8986	1848	0.21	0	5
SCAF_843	8952	1664	0.19	0	6
SCAF_843_region	8952	1664	0.19	0	6
SCAF_844	8935	92648	10.37	0	197
SCAF_844_region	8935	92648	10.37	0	197
SCAF_845	8927	49857	5.58	0	32
SCAF_845_region	8927	49857	5.58	0	32
SCAF_846	8908	286788	32.19	0	733
SCAF_846_region	8908	286788	32.19	0	733
SCAF_847	8868	2674	0.30	0	5
SCAF_847_region	8868	2674	0.30	0	5
SCAF_848	8867	721	0.08	0	2
SCAF_848_region	8867	721	0.08	0	2
SCAF_849	8825	18562	2.10	0	17
SCAF_849_region	8825	18562	2.10	0	17
SCAF_850	8771	718	0.08	0	2
SCAF_850_region	8771	718	0.08	0	2
SCAF_851	8703	16886	1.94	0	11
SCAF_851_region	8703	16886	1.94	0	11
SCAF_852	8695	195	0.02	0	1
SCAF_852_region	8695	195	0.02	0	1
SCAF_853	8662	38	0.00	0	2
SCAF_853_region	8662	38	0.00	0	2
SCAF_854	8634	454	0.05	0	8
SCAF_854_region	8634	454	0.05	0	8
SCAF_855	8630	111	0.01	0	1
SCAF_855_region	8630	111	0.01	0	1
SCAF_856	8617	3474024	403.16	0	1549
SCAF_856_region	8617	3474024	403.16	0	1549
SCAF_857	8469	15578	1.84	0	18
SCAF_857_region	8469	15578	1.84	0	18
SCAF_858	8431	147	0.02	0	3
SCAF_858_region	8431	147	0.02	0	3
SCAF_859	8397	770	0.09	0	3
SCAF_859_region	8397	770	0.09	0	3
SCAF_860	8390	1700	0.20	0	3
SCAF_860_region	8390	1700	0.20	0	3
SCAF_861	8357	144	0.02	0	2
SCAF_861_region	8357	144	0.02	0	2
SCAF_862	8342	29551615	3542.51	0	20007
SCAF_862_region	8342	29551615	3542.51	0	20007
SCAF_863	8337	321	0.04	0	4
SCAF_863_region	8337	321	0.04	0	4
SCAF_864	8258	6870	0.83	0	8
SCAF_864_region	8258	6870	0.83	0	8
SCAF_865	8103	4668	0.58	0	18
SCAF_865_region	8103	4668	0.58	0	18
SCAF_866	8034	536	0.07	0	4
SCAF_866_region	8034	536	0.07	0	4
SCAF_867	8027	10003	1.25	0	12
SCAF_867_region	8027	10003	1.25	0	12
SCAF_868	8017	10173	1.27	0	13
SCAF_868_region	8017	10173	1.27	0	13
SCAF_869	8015	4882	0.61	0	12
SCAF_869_region	8015	4882	0.61	0	12
SCAF_870	8015	8955	1.12	0	6
SCAF_870_region	8015	8955	1.12	0	6
SCAF_871	8000	275	0.03	0	5
SCAF_871_region	8000	275	0.03	0	5
SCAF_872	7790	2070	0.27	0	4
SCAF_872_region	7790	2070	0.27	0	4
SCAF_873	7773	250	0.03	0	11
SCAF_873_region	7773	250	0.03	0	11
SCAF_874	7763	23058	2.97	0	12
SCAF_874_region	7763	23058	2.97	0	12
SCAF_875	7721	1415	0.18	0	2
SCAF_875_region	7721	1415	0.18	0	2
SCAF_876	7701	29663	3.85	0	16
SCAF_876_region	7701	29663	3.85	0	16
SCAF_877	7680	302	0.04	0	2
SCAF_877_region	7680	302	0.04	0	2
SCAF_878	7622	1648	0.22	0	3
SCAF_878_region	7622	1648	0.22	0	3
SCAF_879	7582	421	0.06	0	5
SCAF_879_region	7582	421	0.06	0	5
SCAF_880	7559	15285	2.02	0	22
SCAF_880_region	7559	15285	2.02	0	22
SCAF_881	7416	945163	127.45	0	2561
SCAF_881_region	7416	945163	127.45	0	2561
SCAF_882	7394	46027	6.22	0	25
SCAF_882_region	7394	46027	6.22	0	25
SCAF_883	7363	1669	0.23	0	6
SCAF_883_region	7363	1669	0.23	0	6
SCAF_884	7338	17459	2.38	0	12
SCAF_884_region	7338	17459	2.38	0	12
SCAF_885	7324	3137	0.43	0	10
SCAF_885_region	7324	3137	0.43	0	10
SCAF_886	7276	378	0.05	0	3
SCAF_886_region	7276	378	0.05	0	3
SCAF_887	7242	78	0.01	0	2
SCAF_887_region	7242	78	0.01	0	2
SCAF_888	7231	1220	0.17	0	15
SCAF_888_region	7231	1220	0.17	0	15
SCAF_889	7198	97	0.01	0	2
SCAF_889_region	7198	97	0.01	0	2
SCAF_890	7142	2560	0.36	0	3
SCAF_890_region	7142	2560	0.36	0	3
SCAF_891	7028	11150	1.59	0	18
SCAF_891_region	7028	11150	1.59	0	18
SCAF_892	7025	12575	1.79	0	15
SCAF_892_region	7025	12575	1.79	0	15
SCAF_893	7015	1320	0.19	0	3
SCAF_893_region	7015	1320	0.19	0	3
SCAF_894	6958	15449	2.22	0	10
SCAF_894_region	6958	15449	2.22	0	10
SCAF_895	6948	8527	1.23	0	13
SCAF_895_region	6948	8527	1.23	0	13
SCAF_896	6829	1690052	247.48	0	777
SCAF_896_region	6829	1690052	247.48	0	777
SCAF_897	6804	2537	0.37	0	4
SCAF_897_region	6804	2537	0.37	0	4
SCAF_898	6754	3461937	512.58	0	8835
SCAF_898_region	6754	3461937	512.58	0	8835
SCAF_899	6732	12920	1.92	0	11
SCAF_899_region	6732	12920	1.92	0	11
SCAF_900	6698	60157	8.98	0	90
SCAF_900_region	6698	60157	8.98	0	90
SCAF_901	6642	2713	0.41	0	10
SCAF_901_region	6642	2713	0.41	0	10
SCAF_902	6588	18716	2.84	0	12
SCAF_902_region	6588	18716	2.84	0	12
SCAF_903	6549	44634	6.82	0	21
SCAF_903_region	6549	44634	6.82	0	21
SCAF_904	6496	7570	1.17	0	12
SCAF_904_region	6496	7570	1.17	0	12
SCAF_905	6483	275	0.04	0	2
SCAF_905_region	6483	275	0.04	0	2
SCAF_906	6367	135	0.02	0	3
SCAF_906_region	6367	135	0.02	0	3
SCAF_907	6367	88145	13.84	0	151
SCAF_907_region	6367	88145	13.84	0	151
SCAF_908	6228	9201895	1477.50	0	7311
SCAF_908_region	6228	9201895	1477.50	0	7311
SCAF_909	6173	22297	3.61	0	41
SCAF_909_region	6173	22297	3.61	0	41
SCAF_910	6170	643	0.10	0	12
SCAF_910_region	6170	643	0.10	0	12
SCAF_911	6077	10111	1.66	0	12
SCAF_911_region	6077	10111	1.66	0	12
SCAF_912	6073	40307	6.64	0	33
SCAF_912_region	6073	40307	6.64	0	33
SCAF_913	6059	579695	95.68	0	1156
SCAF_913_region	6059	579695	95.68	0	1156
SCAF_914	6001	14779	2.46	0	13
SCAF_914_region	6001	14779	2.46	0	13
SCAF_915	5869	1223910	208.54	0	3091
SCAF_915_region	5869	1223910	208.54	0	3091
SCAF_916	5803	7108	1.22	0	17
SCAF_916_region	5803	7108	1.22	0	17
SCAF_917	5661	10460	1.85	0	14
SCAF_917_region	5661	10460	1.85	0	14
SCAF_918	5277	9636	1.83	0	16
SCAF_918_region	5277	9636	1.83	0	16
total	51514314	5495609975	106.68	0	513041
total_region	51514314	5495609975	106.68	0	513041
