chrom	length	bases	mean	min	max
SCAF_1	5574741	500186356	89.72	0	4041
SCAF_1_region	5574741	500186356	89.72	0	4041
SCAF_2	4079479	380296563	93.22	0	2682
SCAF_2_region	4079479	380296563	93.22	0	2682
SCAF_3	3666439	328610819	89.63	0	3710
SCAF_3_region	3666439	328610819	89.63	0	3710
SCAF_4	2601389	272831964	104.88	0	9086
SCAF_4_region	2601389	272831964	104.88	0	9086
SCAF_5	2032088	193420361	95.18	0	9127
SCAF_5_region	2032088	193420361	95.18	0	9127
SCAF_6	1976889	204913439	103.65	0	3765
SCAF_6_region	1976889	204913439	103.65	0	3765
SCAF_7	1932263	183905780	95.18	0	2727
SCAF_7_region	1932263	183905780	95.18	0	2727
SCAF_8	1669080	144744627	86.72	0	1583
SCAF_8_region	1669080	144744627	86.72	0	1583
SCAF_9	1646134	152134908	92.42	0	2232
SCAF_9_region	1646134	152134908	92.42	0	2232
SCAF_10	1570817	153657978	97.82	0	7594
SCAF_10_region	1570817	153657978	97.82	0	7594
SCAF_11	1437752	144081162	100.21	0	3095
SCAF_11_region	1437752	144081162	100.21	0	3095
SCAF_12	978195	111746355	114.24	0	407806
SCAF_12_region	978195	111746355	114.24	0	407806
SCAF_13	598471	5909596	9.87	0	2365
SCAF_13_region	598471	5909596	9.87	0	2365
SCAF_14	247525	65501597	264.63	0	4000
SCAF_14_region	247525	65501597	264.63	0	4000
SCAF_15	224905	715582	3.18	0	23
SCAF_15_region	224905	715582	3.18	0	23
SCAF_16	181804	2586249	14.23	0	3425
SCAF_16_region	181804	2586249	14.23	0	3425
SCAF_17	176395	430724	2.44	0	16
SCAF_17_region	176395	430724	2.44	0	16
SCAF_18	160122	197319	1.23	0	26
SCAF_18_region	160122	197319	1.23	0	26
SCAF_19	139354	113960	0.82	0	13
SCAF_19_region	139354	113960	0.82	0	13
SCAF_20	131876	474480	3.60	0	25
SCAF_20_region	131876	474480	3.60	0	25
SCAF_21	130124	699899	5.38	0	360
SCAF_21_region	130124	699899	5.38	0	360
SCAF_22	121580	452544	3.72	0	25
SCAF_22_region	121580	452544	3.72	0	25
SCAF_23	117381	371965	3.17	0	27
SCAF_23_region	117381	371965	3.17	0	27
SCAF_24	115879	262440	2.26	0	53
SCAF_24_region	115879	262440	2.26	0	53
SCAF_25	115495	322938	2.80	0	46
SCAF_25_region	115495	322938	2.80	0	46
SCAF_26	113072	377124	3.34	0	18
SCAF_26_region	113072	377124	3.34	0	18
SCAF_27	110609	3598208	32.53	0	2626
SCAF_27_region	110609	3598208	32.53	0	2626
SCAF_28	109542	107902	0.99	0	27
SCAF_28_region	109542	107902	0.99	0	27
SCAF_29	108319	8090286	74.69	0	1657
SCAF_29_region	108319	8090286	74.69	0	1657
SCAF_30	107902	824022	7.64	0	1256
SCAF_30_region	107902	824022	7.64	0	1256
SCAF_31	106626	288289	2.70	0	895
SCAF_31_region	106626	288289	2.70	0	895
SCAF_32	102192	457464	4.48	0	739
SCAF_32_region	102192	457464	4.48	0	739
SCAF_33	98221	445829	4.54	0	23
SCAF_33_region	98221	445829	4.54	0	23
SCAF_34	97882	430500	4.40	0	25
SCAF_34_region	97882	430500	4.40	0	25
SCAF_35	95705	5433991	56.78	0	3776
SCAF_35_region	95705	5433991	56.78	0	3776
SCAF_36	94431	269245	2.85	0	28
SCAF_36_region	94431	269245	2.85	0	28
SCAF_37	92851	117700	1.27	0	23
SCAF_37_region	92851	117700	1.27	0	23
SCAF_38	89142	558892	6.27	0	379
SCAF_38_region	89142	558892	6.27	0	379
SCAF_39	88257	225036	2.55	0	20
SCAF_39_region	88257	225036	2.55	0	20
SCAF_40	85354	575466	6.74	0	491
SCAF_40_region	85354	575466	6.74	0	491
SCAF_41	82239	300365	3.65	0	26
SCAF_41_region	82239	300365	3.65	0	26
SCAF_42	77162	294306	3.81	0	27
SCAF_42_region	77162	294306	3.81	0	27
SCAF_43	76714	311437	4.06	0	22
SCAF_43_region	76714	311437	4.06	0	22
SCAF_44	76272	96061	1.26	0	571
SCAF_44_region	76272	96061	1.26	0	571
SCAF_45	73110	20554	0.28	0	76
SCAF_45_region	73110	20554	0.28	0	76
SCAF_46	72118	398189	5.52	0	31
SCAF_46_region	72118	398189	5.52	0	31
SCAF_47	70166	222420	3.17	0	19
SCAF_47_region	70166	222420	3.17	0	19
SCAF_48	69627	376245	5.40	0	26
SCAF_48_region	69627	376245	5.40	0	26
SCAF_49	69624	278413	4.00	0	226
SCAF_49_region	69624	278413	4.00	0	226
SCAF_50	68258	303981	4.45	0	37
SCAF_50_region	68258	303981	4.45	0	37
SCAF_51	66966	91565	1.37	0	15
SCAF_51_region	66966	91565	1.37	0	15
SCAF_52	66855	111790	1.67	0	16
SCAF_52_region	66855	111790	1.67	0	16
SCAF_53	65552	81797	1.25	0	46
SCAF_53_region	65552	81797	1.25	0	46
SCAF_54	65267	86819	1.33	0	20
SCAF_54_region	65267	86819	1.33	0	20
SCAF_55	65114	111955	1.72	0	15
SCAF_55_region	65114	111955	1.72	0	15
SCAF_56	62812	36891	0.59	0	24
SCAF_56_region	62812	36891	0.59	0	24
SCAF_57	62187	35819	0.58	0	14
SCAF_57_region	62187	35819	0.58	0	14
SCAF_58	61544	216543	3.52	0	493
SCAF_58_region	61544	216543	3.52	0	493
SCAF_59	61533	94224	1.53	0	17
SCAF_59_region	61533	94224	1.53	0	17
SCAF_60	61411	878877	14.31	0	1782
SCAF_60_region	61411	878877	14.31	0	1782
SCAF_61	61115	334774	5.48	0	30
SCAF_61_region	61115	334774	5.48	0	30
SCAF_62	59972	31495	0.53	0	156
SCAF_62_region	59972	31495	0.53	0	156
SCAF_63	59743	439712	7.36	0	352
SCAF_63_region	59743	439712	7.36	0	352
SCAF_64	58841	93975	1.60	0	117
SCAF_64_region	58841	93975	1.60	0	117
SCAF_65	58838	68556	1.17	0	8
SCAF_65_region	58838	68556	1.17	0	8
SCAF_66	58483	95311	1.63	0	164
SCAF_66_region	58483	95311	1.63	0	164
SCAF_67	57162	65484	1.15	0	25
SCAF_67_region	57162	65484	1.15	0	25
SCAF_68	56404	216776	3.84	0	174
SCAF_68_region	56404	216776	3.84	0	174
SCAF_69	55942	18954	0.34	0	26
SCAF_69_region	55942	18954	0.34	0	26
SCAF_70	55722	271629	4.87	0	21
SCAF_70_region	55722	271629	4.87	0	21
SCAF_71	55604	258294	4.65	0	26
SCAF_71_region	55604	258294	4.65	0	26
SCAF_72	54709	4560	0.08	0	6
SCAF_72_region	54709	4560	0.08	0	6
SCAF_73	52157	2265	0.04	0	5
SCAF_73_region	52157	2265	0.04	0	5
SCAF_74	52077	203225	3.90	0	23
SCAF_74_region	52077	203225	3.90	0	23
SCAF_75	51185	65907	1.29	0	13
SCAF_75_region	51185	65907	1.29	0	13
SCAF_76	50428	3383188	67.09	0	927
SCAF_76_region	50428	3383188	67.09	0	927
SCAF_77	50384	24464	0.49	0	14
SCAF_77_region	50384	24464	0.49	0	14
SCAF_78	49366	306515	6.21	0	42
SCAF_78_region	49366	306515	6.21	0	42
SCAF_79	49160	44978	0.91	0	24
SCAF_79_region	49160	44978	0.91	0	24
SCAF_80	48966	205305	4.19	0	23
SCAF_80_region	48966	205305	4.19	0	23
SCAF_81	48848	27759	0.57	0	11
SCAF_81_region	48848	27759	0.57	0	11
SCAF_82	48542	55999	1.15	0	13
SCAF_82_region	48542	55999	1.15	0	13
SCAF_83	48542	7671	0.16	0	18
SCAF_83_region	48542	7671	0.16	0	18
SCAF_84	47775	43203	0.90	0	14
SCAF_84_region	47775	43203	0.90	0	14
SCAF_85	47318	319393	6.75	0	47
SCAF_85_region	47318	319393	6.75	0	47
SCAF_86	46994	231559	4.93	0	26
SCAF_86_region	46994	231559	4.93	0	26
SCAF_87	46805	194080	4.15	0	14
SCAF_87_region	46805	194080	4.15	0	14
SCAF_88	46738	19625	0.42	0	10
SCAF_88_region	46738	19625	0.42	0	10
SCAF_89	46547	189742	4.08	0	34
SCAF_89_region	46547	189742	4.08	0	34
SCAF_90	46221	26968	0.58	0	16
SCAF_90_region	46221	26968	0.58	0	16
SCAF_91	44916	259463	5.78	0	23
SCAF_91_region	44916	259463	5.78	0	23
SCAF_92	44616	6462100	144.84	0	647
SCAF_92_region	44616	6462100	144.84	0	647
SCAF_93	44136	39706	0.90	0	17
SCAF_93_region	44136	39706	0.90	0	17
SCAF_94	43913	38060	0.87	0	11
SCAF_94_region	43913	38060	0.87	0	11
SCAF_95	43808	48055	1.10	0	14
SCAF_95_region	43808	48055	1.10	0	14
SCAF_96	43342	46121	1.06	0	11
SCAF_96_region	43342	46121	1.06	0	11
SCAF_97	43038	7152875	166.20	0	3159
SCAF_97_region	43038	7152875	166.20	0	3159
SCAF_98	42896	13931	0.32	0	5
SCAF_98_region	42896	13931	0.32	0	5
SCAF_99	42178	110224	2.61	0	18
SCAF_99_region	42178	110224	2.61	0	18
SCAF_100	41993	16022	0.38	0	10
SCAF_100_region	41993	16022	0.38	0	10
SCAF_101	41585	147561	3.55	0	18
SCAF_101_region	41585	147561	3.55	0	18
SCAF_102	41267	8564300	207.53	0	605
SCAF_102_region	41267	8564300	207.53	0	605
SCAF_103	41164	2693	0.07	0	3
SCAF_103_region	41164	2693	0.07	0	3
SCAF_104	40984	7208	0.18	0	5
SCAF_104_region	40984	7208	0.18	0	5
SCAF_105	40971	47775	1.17	0	24
SCAF_105_region	40971	47775	1.17	0	24
SCAF_106	40689	143063	3.52	0	25
SCAF_106_region	40689	143063	3.52	0	25
SCAF_107	40038	27249	0.68	0	12
SCAF_107_region	40038	27249	0.68	0	12
SCAF_108	39998	31810	0.80	0	18
SCAF_108_region	39998	31810	0.80	0	18
SCAF_109	39904	22854	0.57	0	16
SCAF_109_region	39904	22854	0.57	0	16
SCAF_110	39605	45911	1.16	0	17
SCAF_110_region	39605	45911	1.16	0	17
SCAF_111	39279	24079	0.61	0	96
SCAF_111_region	39279	24079	0.61	0	96
SCAF_112	39164	8398393	214.44	0	676
SCAF_112_region	39164	8398393	214.44	0	676
SCAF_113	39049	17685	0.45	0	9
SCAF_113_region	39049	17685	0.45	0	9
SCAF_114	38983	37956	0.97	0	14
SCAF_114_region	38983	37956	0.97	0	14
SCAF_115	38824	614200	15.82	0	565
SCAF_115_region	38824	614200	15.82	0	565
SCAF_116	37823	9944	0.26	0	12
SCAF_116_region	37823	9944	0.26	0	12
SCAF_117	37728	5356896	141.99	0	1549
SCAF_117_region	37728	5356896	141.99	0	1549
SCAF_118	37705	167640	4.45	0	19
SCAF_118_region	37705	167640	4.45	0	19
SCAF_119	37514	117497	3.13	0	31
SCAF_119_region	37514	117497	3.13	0	31
SCAF_120	37456	5972849	159.46	0	3132
SCAF_120_region	37456	5972849	159.46	0	3132
SCAF_121	37441	4285072	114.45	0	1489
SCAF_121_region	37441	4285072	114.45	0	1489
SCAF_122	37347	152963	4.10	0	433
SCAF_122_region	37347	152963	4.10	0	433
SCAF_123	37222	8621	0.23	0	16
SCAF_123_region	37222	8621	0.23	0	16
SCAF_124	36961	178278	4.82	0	601
SCAF_124_region	36961	178278	4.82	0	601
SCAF_125	36710	8100	0.22	0	8
SCAF_125_region	36710	8100	0.22	0	8
SCAF_126	36614	20448	0.56	0	10
SCAF_126_region	36614	20448	0.56	0	10
SCAF_127	36584	107565	2.94	0	17
SCAF_127_region	36584	107565	2.94	0	17
SCAF_128	36068	236897	6.57	0	26
SCAF_128_region	36068	236897	6.57	0	26
SCAF_129	35972	150581	4.19	0	21
SCAF_129_region	35972	150581	4.19	0	21
SCAF_130	35925	163452	4.55	0	59
SCAF_130_region	35925	163452	4.55	0	59
SCAF_131	35704	924	0.03	0	4
SCAF_131_region	35704	924	0.03	0	4
SCAF_132	35264	96528	2.74	0	13
SCAF_132_region	35264	96528	2.74	0	13
SCAF_133	35121	5811255	165.46	0	2860
SCAF_133_region	35121	5811255	165.46	0	2860
SCAF_134	35117	47554	1.35	0	16
SCAF_134_region	35117	47554	1.35	0	16
SCAF_135	34903	2949	0.08	0	5
SCAF_135_region	34903	2949	0.08	0	5
SCAF_136	34900	4433210	127.03	0	1483
SCAF_136_region	34900	4433210	127.03	0	1483
SCAF_137	34765	5460	0.16	0	10
SCAF_137_region	34765	5460	0.16	0	10
SCAF_138	34687	544285	15.69	0	683
SCAF_138_region	34687	544285	15.69	0	683
SCAF_139	34615	113499	3.28	0	22
SCAF_139_region	34615	113499	3.28	0	22
SCAF_140	34599	5311452	153.51	0	1928
SCAF_140_region	34599	5311452	153.51	0	1928
SCAF_141	34497	2997408	86.89	0	2592
SCAF_141_region	34497	2997408	86.89	0	2592
SCAF_142	34440	3860350	112.09	0	489
SCAF_142_region	34440	3860350	112.09	0	489
SCAF_143	34384	5363	0.16	0	6
SCAF_143_region	34384	5363	0.16	0	6
SCAF_144	34330	10629	0.31	0	14
SCAF_144_region	34330	10629	0.31	0	14
SCAF_145	34087	18461	0.54	0	10
SCAF_145_region	34087	18461	0.54	0	10
SCAF_146	33692	155059	4.60	0	27
SCAF_146_region	33692	155059	4.60	0	27
SCAF_147	33483	4489349	134.08	0	916
SCAF_147_region	33483	4489349	134.08	0	916
SCAF_148	33469	23059	0.69	0	11
SCAF_148_region	33469	23059	0.69	0	11
SCAF_149	33420	3331827	99.70	0	547
SCAF_149_region	33420	3331827	99.70	0	547
SCAF_150	33347	21741	0.65	0	15
SCAF_150_region	33347	21741	0.65	0	15
SCAF_151	33283	244553	7.35	0	91
SCAF_151_region	33283	244553	7.35	0	91
SCAF_152	33266	5853	0.18	0	8
SCAF_152_region	33266	5853	0.18	0	8
SCAF_153	33237	30060	0.90	0	10
SCAF_153_region	33237	30060	0.90	0	10
SCAF_154	33139	13749	0.41	0	11
SCAF_154_region	33139	13749	0.41	0	11
SCAF_155	33127	6353515	191.79	0	1116
SCAF_155_region	33127	6353515	191.79	0	1116
SCAF_156	32748	423321	12.93	0	306
SCAF_156_region	32748	423321	12.93	0	306
SCAF_157	32666	777736	23.81	0	879
SCAF_157_region	32666	777736	23.81	0	879
SCAF_158	32618	5587	0.17	0	7
SCAF_158_region	32618	5587	0.17	0	7
SCAF_159	32358	2581	0.08	0	3
SCAF_159_region	32358	2581	0.08	0	3
SCAF_160	32136	8693	0.27	0	11
SCAF_160_region	32136	8693	0.27	0	11
SCAF_161	32035	7101	0.22	0	7
SCAF_161_region	32035	7101	0.22	0	7
SCAF_162	31954	23483	0.73	0	13
SCAF_162_region	31954	23483	0.73	0	13
SCAF_163	31782	14612	0.46	0	21
SCAF_163_region	31782	14612	0.46	0	21
SCAF_164	31669	6086	0.19	0	56
SCAF_164_region	31669	6086	0.19	0	56
SCAF_165	31629	172983	5.47	0	24
SCAF_165_region	31629	172983	5.47	0	24
SCAF_166	31581	1844	0.06	0	9
SCAF_166_region	31581	1844	0.06	0	9
SCAF_167	31556	34295	1.09	0	21
SCAF_167_region	31556	34295	1.09	0	21
SCAF_168	31421	11438	0.36	0	6
SCAF_168_region	31421	11438	0.36	0	6
SCAF_169	31314	6305	0.20	0	9
SCAF_169_region	31314	6305	0.20	0	9
SCAF_170	31127	1167	0.04	0	3
SCAF_170_region	31127	1167	0.04	0	3
SCAF_171	31061	4145018	133.45	0	646
SCAF_171_region	31061	4145018	133.45	0	646
SCAF_172	31059	1076	0.03	0	11
SCAF_172_region	31059	1076	0.03	0	11
SCAF_173	30866	23167	0.75	0	18
SCAF_173_region	30866	23167	0.75	0	18
SCAF_174	30739	3975526	129.33	0	643
SCAF_174_region	30739	3975526	129.33	0	643
SCAF_175	30330	40245	1.33	0	20
SCAF_175_region	30330	40245	1.33	0	20
SCAF_176	30301	7953282	262.48	0	29342
SCAF_176_region	30301	7953282	262.48	0	29342
SCAF_177	30226	26113	0.86	0	13
SCAF_177_region	30226	26113	0.86	0	13
SCAF_178	30187	7792	0.26	0	8
SCAF_178_region	30187	7792	0.26	0	8
SCAF_179	30183	7899	0.26	0	4
SCAF_179_region	30183	7899	0.26	0	4
SCAF_180	30131	26950	0.89	0	113
SCAF_180_region	30131	26950	0.89	0	113
SCAF_181	30071	19932	0.66	0	13
SCAF_181_region	30071	19932	0.66	0	13
SCAF_182	30032	72009	2.40	0	13
SCAF_182_region	30032	72009	2.40	0	13
SCAF_183	30005	9959	0.33	0	10
SCAF_183_region	30005	9959	0.33	0	10
SCAF_184	29541	49940	1.69	0	309
SCAF_184_region	29541	49940	1.69	0	309
SCAF_185	29415	15995	0.54	0	15
SCAF_185_region	29415	15995	0.54	0	15
SCAF_186	29375	5361	0.18	0	8
SCAF_186_region	29375	5361	0.18	0	8
SCAF_187	29360	25296	0.86	0	9
SCAF_187_region	29360	25296	0.86	0	9
SCAF_188	29327	159768	5.45	0	31
SCAF_188_region	29327	159768	5.45	0	31
SCAF_189	29236	14347	0.49	0	12
SCAF_189_region	29236	14347	0.49	0	12
SCAF_190	29216	293854	10.06	0	250
SCAF_190_region	29216	293854	10.06	0	250
SCAF_191	29200	13568	0.46	0	7
SCAF_191_region	29200	13568	0.46	0	7
SCAF_192	29083	5462581	187.83	0	590
SCAF_192_region	29083	5462581	187.83	0	590
SCAF_193	29081	21682	0.75	0	17
SCAF_193_region	29081	21682	0.75	0	17
SCAF_194	28863	2899694	100.46	0	533
SCAF_194_region	28863	2899694	100.46	0	533
SCAF_195	28688	23918	0.83	0	43
SCAF_195_region	28688	23918	0.83	0	43
SCAF_196	28688	180593	6.30	0	446
SCAF_196_region	28688	180593	6.30	0	446
SCAF_197	28670	14340	0.50	0	8
SCAF_197_region	28670	14340	0.50	0	8
SCAF_198	28585	80810	2.83	0	18
SCAF_198_region	28585	80810	2.83	0	18
SCAF_199	28585	202244	7.08	0	261
SCAF_199_region	28585	202244	7.08	0	261
SCAF_200	28563	8447	0.30	0	11
SCAF_200_region	28563	8447	0.30	0	11
SCAF_201	28551	10031	0.35	0	8
SCAF_201_region	28551	10031	0.35	0	8
SCAF_202	28219	12162	0.43	0	10
SCAF_202_region	28219	12162	0.43	0	10
SCAF_203	28217	19834	0.70	0	16
SCAF_203_region	28217	19834	0.70	0	16
SCAF_204	28187	267767	9.50	0	1474
SCAF_204_region	28187	267767	9.50	0	1474
SCAF_205	28138	3976	0.14	0	9
SCAF_205_region	28138	3976	0.14	0	9
SCAF_206	28111	4035	0.14	0	21
SCAF_206_region	28111	4035	0.14	0	21
SCAF_207	27959	112713	4.03	0	22
SCAF_207_region	27959	112713	4.03	0	22
SCAF_208	27935	2815486	100.79	0	1736
SCAF_208_region	27935	2815486	100.79	0	1736
SCAF_209	27830	7644	0.27	0	6
SCAF_209_region	27830	7644	0.27	0	6
SCAF_210	27781	4539	0.16	0	5
SCAF_210_region	27781	4539	0.16	0	5
SCAF_211	27774	162331	5.84	0	30
SCAF_211_region	27774	162331	5.84	0	30
SCAF_212	27772	28785	1.04	0	16
SCAF_212_region	27772	28785	1.04	0	16
SCAF_213	27728	21695	0.78	0	19
SCAF_213_region	27728	21695	0.78	0	19
SCAF_214	27690	8239	0.30	0	3
SCAF_214_region	27690	8239	0.30	0	3
SCAF_215	27659	4663790	168.62	0	743
SCAF_215_region	27659	4663790	168.62	0	743
SCAF_216	27637	23551	0.85	0	12
SCAF_216_region	27637	23551	0.85	0	12
SCAF_217	27634	8997	0.33	0	9
SCAF_217_region	27634	8997	0.33	0	9
SCAF_218	27594	128044	4.64	0	19
SCAF_218_region	27594	128044	4.64	0	19
SCAF_219	27563	3172	0.12	0	4
SCAF_219_region	27563	3172	0.12	0	4
SCAF_220	27545	148504	5.39	0	27
SCAF_220_region	27545	148504	5.39	0	27
SCAF_221	27530	4714	0.17	0	5
SCAF_221_region	27530	4714	0.17	0	5
SCAF_222	27515	9270	0.34	0	5
SCAF_222_region	27515	9270	0.34	0	5
SCAF_223	27476	30065	1.09	0	21
SCAF_223_region	27476	30065	1.09	0	21
SCAF_224	27450	3601	0.13	0	9
SCAF_224_region	27450	3601	0.13	0	9
SCAF_225	27344	8787	0.32	0	12
SCAF_225_region	27344	8787	0.32	0	12
SCAF_226	27270	255339	9.36	0	300
SCAF_226_region	27270	255339	9.36	0	300
SCAF_227	27232	21240	0.78	0	11
SCAF_227_region	27232	21240	0.78	0	11
SCAF_228	27189	1623509	59.71	0	768
SCAF_228_region	27189	1623509	59.71	0	768
SCAF_229	27037	33320	1.23	0	17
SCAF_229_region	27037	33320	1.23	0	17
SCAF_230	26948	6920	0.26	0	6
SCAF_230_region	26948	6920	0.26	0	6
SCAF_231	26899	3164	0.12	0	6
SCAF_231_region	26899	3164	0.12	0	6
SCAF_232	26856	3176	0.12	0	3
SCAF_232_region	26856	3176	0.12	0	3
SCAF_233	26767	15178	0.57	0	12
SCAF_233_region	26767	15178	0.57	0	12
SCAF_234	26700	2855529	106.95	0	502
SCAF_234_region	26700	2855529	106.95	0	502
SCAF_235	26660	6581891	246.88	0	1397
SCAF_235_region	26660	6581891	246.88	0	1397
SCAF_236	26499	11758	0.44	0	11
SCAF_236_region	26499	11758	0.44	0	11
SCAF_237	26482	46157	1.74	0	11
SCAF_237_region	26482	46157	1.74	0	11
SCAF_238	26369	12444	0.47	0	22
SCAF_238_region	26369	12444	0.47	0	22
SCAF_239	26171	6555	0.25	0	5
SCAF_239_region	26171	6555	0.25	0	5
SCAF_240	26148	13168	0.50	0	14
SCAF_240_region	26148	13168	0.50	0	14
SCAF_241	26131	82040	3.14	0	20
SCAF_241_region	26131	82040	3.14	0	20
SCAF_242	26114	3173	0.12	0	6
SCAF_242_region	26114	3173	0.12	0	6
SCAF_243	26085	3522	0.14	0	10
SCAF_243_region	26085	3522	0.14	0	10
SCAF_244	26060	1545	0.06	0	3
SCAF_244_region	26060	1545	0.06	0	3
SCAF_245	25968	975	0.04	0	3
SCAF_245_region	25968	975	0.04	0	3
SCAF_246	25946	3094055	119.25	0	2365
SCAF_246_region	25946	3094055	119.25	0	2365
SCAF_247	25940	167048	6.44	0	30
SCAF_247_region	25940	167048	6.44	0	30
SCAF_248	25895	8039	0.31	0	5
SCAF_248_region	25895	8039	0.31	0	5
SCAF_249	25885	12752	0.49	0	6
SCAF_249_region	25885	12752	0.49	0	6
SCAF_250	25884	102699	3.97	0	23
SCAF_250_region	25884	102699	3.97	0	23
SCAF_251	25874	16998	0.66	0	15
SCAF_251_region	25874	16998	0.66	0	15
SCAF_252	25864	1525	0.06	0	7
SCAF_252_region	25864	1525	0.06	0	7
SCAF_253	25825	2972	0.12	0	11
SCAF_253_region	25825	2972	0.12	0	11
SCAF_254	25798	283257	10.98	0	267
SCAF_254_region	25798	283257	10.98	0	267
SCAF_255	25728	3634	0.14	0	5
SCAF_255_region	25728	3634	0.14	0	5
SCAF_256	25725	12103	0.47	0	7
SCAF_256_region	25725	12103	0.47	0	7
SCAF_257	25720	68254	2.65	0	22
SCAF_257_region	25720	68254	2.65	0	22
SCAF_258	25700	282339	10.99	0	659
SCAF_258_region	25700	282339	10.99	0	659
SCAF_259	25645	19376	0.76	0	10
SCAF_259_region	25645	19376	0.76	0	10
SCAF_260	25595	62357	2.44	0	16
SCAF_260_region	25595	62357	2.44	0	16
SCAF_261	25593	5449	0.21	0	4
SCAF_261_region	25593	5449	0.21	0	4
SCAF_262	25592	5343	0.21	0	5
SCAF_262_region	25592	5343	0.21	0	5
SCAF_263	25481	22446	0.88	0	18
SCAF_263_region	25481	22446	0.88	0	18
SCAF_264	25444	118276	4.65	0	24
SCAF_264_region	25444	118276	4.65	0	24
SCAF_265	25436	1648	0.06	0	9
SCAF_265_region	25436	1648	0.06	0	9
SCAF_266	25377	30479	1.20	0	9
SCAF_266_region	25377	30479	1.20	0	9
SCAF_267	25340	125487	4.95	0	24
SCAF_267_region	25340	125487	4.95	0	24
SCAF_268	25329	35619	1.41	0	22
SCAF_268_region	25329	35619	1.41	0	22
SCAF_269	25264	12079	0.48	0	9
SCAF_269_region	25264	12079	0.48	0	9
SCAF_270	25225	3044	0.12	0	7
SCAF_270_region	25225	3044	0.12	0	7
SCAF_271	25206	103357	4.10	0	46
SCAF_271_region	25206	103357	4.10	0	46
SCAF_272	25161	14582	0.58	0	9
SCAF_272_region	25161	14582	0.58	0	9
SCAF_273	25090	12593	0.50	0	7
SCAF_273_region	25090	12593	0.50	0	7
SCAF_274	24834	874	0.04	0	3
SCAF_274_region	24834	874	0.04	0	3
SCAF_275	24832	13660492	550.12	0	5555
SCAF_275_region	24832	13660492	550.12	0	5555
SCAF_276	24811	19975	0.81	0	9
SCAF_276_region	24811	19975	0.81	0	9
SCAF_277	24713	27522	1.11	0	21
SCAF_277_region	24713	27522	1.11	0	21
SCAF_278	24673	2381	0.10	0	6
SCAF_278_region	24673	2381	0.10	0	6
SCAF_279	24542	2942	0.12	0	7
SCAF_279_region	24542	2942	0.12	0	7
SCAF_280	24528	16945	0.69	0	12
SCAF_280_region	24528	16945	0.69	0	12
SCAF_281	24435	2177	0.09	0	8
SCAF_281_region	24435	2177	0.09	0	8
SCAF_282	24359	4455	0.18	0	8
SCAF_282_region	24359	4455	0.18	0	8
SCAF_283	24173	77338	3.20	0	19
SCAF_283_region	24173	77338	3.20	0	19
SCAF_284	24152	2075778	85.95	0	466
SCAF_284_region	24152	2075778	85.95	0	466
SCAF_285	24110	1207	0.05	0	2
SCAF_285_region	24110	1207	0.05	0	2
SCAF_286	24066	227910	9.47	0	902
SCAF_286_region	24066	227910	9.47	0	902
SCAF_287	23981	3350	0.14	0	6
SCAF_287_region	23981	3350	0.14	0	6
SCAF_288	23980	2044	0.09	0	5
SCAF_288_region	23980	2044	0.09	0	5
SCAF_289	23950	19507	0.81	0	13
SCAF_289_region	23950	19507	0.81	0	13
SCAF_290	23945	16144	0.67	0	11
SCAF_290_region	23945	16144	0.67	0	11
SCAF_291	23886	2782	0.12	0	7
SCAF_291_region	23886	2782	0.12	0	7
SCAF_292	23860	16884	0.71	0	9
SCAF_292_region	23860	16884	0.71	0	9
SCAF_293	23814	5714	0.24	0	2
SCAF_293_region	23814	5714	0.24	0	2
SCAF_294	23796	5340	0.22	0	20
SCAF_294_region	23796	5340	0.22	0	20
SCAF_295	23767	10114	0.43	0	23
SCAF_295_region	23767	10114	0.43	0	23
SCAF_296	23762	769811	32.40	0	8839
SCAF_296_region	23762	769811	32.40	0	8839
SCAF_297	23695	21908	0.92	0	7
SCAF_297_region	23695	21908	0.92	0	7
SCAF_298	23666	3581	0.15	0	10
SCAF_298_region	23666	3581	0.15	0	10
SCAF_299	23648	90220	3.82	0	159
SCAF_299_region	23648	90220	3.82	0	159
SCAF_300	23643	4438854	187.74	0	1768
SCAF_300_region	23643	4438854	187.74	0	1768
SCAF_301	23638	4170	0.18	0	5
SCAF_301_region	23638	4170	0.18	0	5
SCAF_302	23633	12959	0.55	0	544
SCAF_302_region	23633	12959	0.55	0	544
SCAF_303	23629	7150	0.30	0	6
SCAF_303_region	23629	7150	0.30	0	6
SCAF_304	23571	23879	1.01	0	28
SCAF_304_region	23571	23879	1.01	0	28
SCAF_305	23555	45156	1.92	0	12
SCAF_305_region	23555	45156	1.92	0	12
SCAF_306	23322	23654	1.01	0	13
SCAF_306_region	23322	23654	1.01	0	13
SCAF_307	23295	2747	0.12	0	5
SCAF_307_region	23295	2747	0.12	0	5
SCAF_308	23075	1952088	84.60	0	1913
SCAF_308_region	23075	1952088	84.60	0	1913
SCAF_309	23057	4496	0.19	0	6
SCAF_309_region	23057	4496	0.19	0	6
SCAF_310	23011	9108	0.40	0	7
SCAF_310_region	23011	9108	0.40	0	7
SCAF_311	22999	2284	0.10	0	21
SCAF_311_region	22999	2284	0.10	0	21
SCAF_312	22896	9757	0.43	0	6
SCAF_312_region	22896	9757	0.43	0	6
SCAF_313	22877	7197	0.31	0	5
SCAF_313_region	22877	7197	0.31	0	5
SCAF_314	22871	4339849	189.75	0	3141
SCAF_314_region	22871	4339849	189.75	0	3141
SCAF_315	22844	5681	0.25	0	44
SCAF_315_region	22844	5681	0.25	0	44
SCAF_316	22844	1851	0.08	0	8
SCAF_316_region	22844	1851	0.08	0	8
SCAF_317	22833	7880	0.35	0	9
SCAF_317_region	22833	7880	0.35	0	9
SCAF_318	22713	104612	4.61	0	54
SCAF_318_region	22713	104612	4.61	0	54
SCAF_319	22685	7602	0.34	0	6
SCAF_319_region	22685	7602	0.34	0	6
SCAF_320	22653	10904	0.48	0	7
SCAF_320_region	22653	10904	0.48	0	7
SCAF_321	22554	3821	0.17	0	3
SCAF_321_region	22554	3821	0.17	0	3
SCAF_322	22539	2084	0.09	0	7
SCAF_322_region	22539	2084	0.09	0	7
SCAF_323	22525	14284	0.63	0	10
SCAF_323_region	22525	14284	0.63	0	10
SCAF_324	22489	75542	3.36	0	16
SCAF_324_region	22489	75542	3.36	0	16
SCAF_325	22468	31586	1.41	0	9
SCAF_325_region	22468	31586	1.41	0	9
SCAF_326	22392	4122490	184.11	0	2704
SCAF_326_region	22392	4122490	184.11	0	2704
SCAF_327	22337	12181	0.55	0	12
SCAF_327_region	22337	12181	0.55	0	12
SCAF_328	22280	3911612	175.57	0	683
SCAF_328_region	22280	3911612	175.57	0	683
SCAF_329	22245	15121	0.68	0	11
SCAF_329_region	22245	15121	0.68	0	11
SCAF_330	22040	18846	0.86	0	10
SCAF_330_region	22040	18846	0.86	0	10
SCAF_331	22029	557	0.03	0	2
SCAF_331_region	22029	557	0.03	0	2
SCAF_332	21923	3916	0.18	0	5
SCAF_332_region	21923	3916	0.18	0	5
SCAF_333	21867	3749	0.17	0	24
SCAF_333_region	21867	3749	0.17	0	24
SCAF_334	21813	4825	0.22	0	15
SCAF_334_region	21813	4825	0.22	0	15
SCAF_335	21800	38820	1.78	0	15
SCAF_335_region	21800	38820	1.78	0	15
SCAF_336	21691	9170	0.42	0	4
SCAF_336_region	21691	9170	0.42	0	4
SCAF_337	21675	13426	0.62	0	10
SCAF_337_region	21675	13426	0.62	0	10
SCAF_338	21621	128865	5.96	0	118
SCAF_338_region	21621	128865	5.96	0	118
SCAF_339	21529	125286	5.82	0	156
SCAF_339_region	21529	125286	5.82	0	156
SCAF_340	21472	27737	1.29	0	10
SCAF_340_region	21472	27737	1.29	0	10
SCAF_341	21449	2328	0.11	0	12
SCAF_341_region	21449	2328	0.11	0	12
SCAF_342	21444	185965	8.67	0	342
SCAF_342_region	21444	185965	8.67	0	342
SCAF_343	21365	500	0.02	0	1
SCAF_343_region	21365	500	0.02	0	1
SCAF_344	21355	54420	2.55	0	106
SCAF_344_region	21355	54420	2.55	0	106
SCAF_345	21334	6270	0.29	0	14
SCAF_345_region	21334	6270	0.29	0	14
SCAF_346	21294	2373687	111.47	0	1831
SCAF_346_region	21294	2373687	111.47	0	1831
SCAF_347	21288	2151	0.10	0	21
SCAF_347_region	21288	2151	0.10	0	21
SCAF_348	21209	16091	0.76	0	14
SCAF_348_region	21209	16091	0.76	0	14
SCAF_349	21199	1932	0.09	0	5
SCAF_349_region	21199	1932	0.09	0	5
SCAF_350	21189	61623	2.91	0	161
SCAF_350_region	21189	61623	2.91	0	161
SCAF_351	21106	80652	3.82	0	18
SCAF_351_region	21106	80652	3.82	0	18
SCAF_352	21098	17698	0.84	0	14
SCAF_352_region	21098	17698	0.84	0	14
SCAF_353	21078	4619	0.22	0	8
SCAF_353_region	21078	4619	0.22	0	8
SCAF_354	20991	8676	0.41	0	9
SCAF_354_region	20991	8676	0.41	0	9
SCAF_355	20981	1645	0.08	0	3
SCAF_355_region	20981	1645	0.08	0	3
SCAF_356	20980	7408	0.35	0	9
SCAF_356_region	20980	7408	0.35	0	9
SCAF_357	20976	12267	0.58	0	19
SCAF_357_region	20976	12267	0.58	0	19
SCAF_358	20871	6277	0.30	0	9
SCAF_358_region	20871	6277	0.30	0	9
SCAF_359	20831	8303	0.40	0	7
SCAF_359_region	20831	8303	0.40	0	7
SCAF_360	20777	11960	0.58	0	34
SCAF_360_region	20777	11960	0.58	0	34
SCAF_361	20737	24617	1.19	0	13
SCAF_361_region	20737	24617	1.19	0	13
SCAF_362	20702	123125	5.95	0	35
SCAF_362_region	20702	123125	5.95	0	35
SCAF_363	20586	3838	0.19	0	8
SCAF_363_region	20586	3838	0.19	0	8
SCAF_364	20574	20459	0.99	0	15
SCAF_364_region	20574	20459	0.99	0	15
SCAF_365	20553	3985	0.19	0	16
SCAF_365_region	20553	3985	0.19	0	16
SCAF_366	20522	3281	0.16	0	6
SCAF_366_region	20522	3281	0.16	0	6
SCAF_367	20517	5160	0.25	0	8
SCAF_367_region	20517	5160	0.25	0	8
SCAF_368	20452	51343	2.51	0	92
SCAF_368_region	20452	51343	2.51	0	92
SCAF_369	20438	63916	3.13	0	16
SCAF_369_region	20438	63916	3.13	0	16
SCAF_370	20350	128357	6.31	0	52
SCAF_370_region	20350	128357	6.31	0	52
SCAF_371	20349	131726	6.47	0	291
SCAF_371_region	20349	131726	6.47	0	291
SCAF_372	20285	11229	0.55	0	5
SCAF_372_region	20285	11229	0.55	0	5
SCAF_373	20282	526	0.03	0	9
SCAF_373_region	20282	526	0.03	0	9
SCAF_374	20282	3004296	148.13	0	517
SCAF_374_region	20282	3004296	148.13	0	517
SCAF_375	20179	261675	12.97	0	342
SCAF_375_region	20179	261675	12.97	0	342
SCAF_376	20174	9925	0.49	0	10
SCAF_376_region	20174	9925	0.49	0	10
SCAF_377	20160	5852	0.29	0	7
SCAF_377_region	20160	5852	0.29	0	7
SCAF_378	20157	1998056	99.12	0	389
SCAF_378_region	20157	1998056	99.12	0	389
SCAF_379	20150	24116	1.20	0	9
SCAF_379_region	20150	24116	1.20	0	9
SCAF_380	20140	125375	6.23	0	219
SCAF_380_region	20140	125375	6.23	0	219
SCAF_381	20082	1766	0.09	0	4
SCAF_381_region	20082	1766	0.09	0	4
SCAF_382	20068	5995	0.30	0	6
SCAF_382_region	20068	5995	0.30	0	6
SCAF_383	20052	9374	0.47	0	9
SCAF_383_region	20052	9374	0.47	0	9
SCAF_384	20039	49473	2.47	0	13
SCAF_384_region	20039	49473	2.47	0	13
SCAF_385	20036	18460	0.92	0	45
SCAF_385_region	20036	18460	0.92	0	45
SCAF_386	20004	13762	0.69	0	29
SCAF_386_region	20004	13762	0.69	0	29
SCAF_387	19967	29465	1.48	0	31
SCAF_387_region	19967	29465	1.48	0	31
SCAF_388	19953	28895	1.45	0	13
SCAF_388_region	19953	28895	1.45	0	13
SCAF_389	19874	10087	0.51	0	12
SCAF_389_region	19874	10087	0.51	0	12
SCAF_390	19870	2312564	116.38	0	1014
SCAF_390_region	19870	2312564	116.38	0	1014
SCAF_391	19819	5068	0.26	0	7
SCAF_391_region	19819	5068	0.26	0	7
SCAF_392	19814	8703	0.44	0	10
SCAF_392_region	19814	8703	0.44	0	10
SCAF_393	19805	9878	0.50	0	7
SCAF_393_region	19805	9878	0.50	0	7
SCAF_394	19796	7228	0.37	0	8
SCAF_394_region	19796	7228	0.37	0	8
SCAF_395	19788	5595466	282.77	0	2010
SCAF_395_region	19788	5595466	282.77	0	2010
SCAF_396	19769	12945	0.65	0	16
SCAF_396_region	19769	12945	0.65	0	16
SCAF_397	19737	10930	0.55	0	8
SCAF_397_region	19737	10930	0.55	0	8
SCAF_398	19694	44712	2.27	0	18
SCAF_398_region	19694	44712	2.27	0	18
SCAF_399	19627	2927	0.15	0	2
SCAF_399_region	19627	2927	0.15	0	2
SCAF_400	19559	23318	1.19	0	15
SCAF_400_region	19559	23318	1.19	0	15
SCAF_401	19529	30357	1.55	0	18
SCAF_401_region	19529	30357	1.55	0	18
SCAF_402	19485	6086	0.31	0	7
SCAF_402_region	19485	6086	0.31	0	7
SCAF_403	19440	10792	0.56	0	16
SCAF_403_region	19440	10792	0.56	0	16
SCAF_404	19429	12838	0.66	0	78
SCAF_404_region	19429	12838	0.66	0	78
SCAF_405	19412	6916	0.36	0	6
SCAF_405_region	19412	6916	0.36	0	6
SCAF_406	19412	18430	0.95	0	26
SCAF_406_region	19412	18430	0.95	0	26
SCAF_407	19392	13053	0.67	0	16
SCAF_407_region	19392	13053	0.67	0	16
SCAF_408	19383	1408	0.07	0	2
SCAF_408_region	19383	1408	0.07	0	2
SCAF_409	19350	11777	0.61	0	10
SCAF_409_region	19350	11777	0.61	0	10
SCAF_410	19334	2926	0.15	0	2
SCAF_410_region	19334	2926	0.15	0	2
SCAF_411	19319	349	0.02	0	2
SCAF_411_region	19319	349	0.02	0	2
SCAF_412	19298	70109	3.63	0	18
SCAF_412_region	19298	70109	3.63	0	18
SCAF_413	19281	78009	4.05	0	15
SCAF_413_region	19281	78009	4.05	0	15
SCAF_414	19250	17371	0.90	0	8
SCAF_414_region	19250	17371	0.90	0	8
SCAF_415	19240	15744	0.82	0	10
SCAF_415_region	19240	15744	0.82	0	10
SCAF_416	19198	7051	0.37	0	11
SCAF_416_region	19198	7051	0.37	0	11
SCAF_417	19156	2804	0.15	0	20
SCAF_417_region	19156	2804	0.15	0	20
SCAF_418	19069	2028104	106.36	0	411
SCAF_418_region	19069	2028104	106.36	0	411
SCAF_419	19061	10619	0.56	0	10
SCAF_419_region	19061	10619	0.56	0	10
SCAF_420	19040	1127	0.06	0	7
SCAF_420_region	19040	1127	0.06	0	7
SCAF_421	19012	5082	0.27	0	11
SCAF_421_region	19012	5082	0.27	0	11
SCAF_422	18950	54080	2.85	0	19
SCAF_422_region	18950	54080	2.85	0	19
SCAF_423	18945	4294	0.23	0	7
SCAF_423_region	18945	4294	0.23	0	7
SCAF_424	18943	7581	0.40	0	11
SCAF_424_region	18943	7581	0.40	0	11
SCAF_425	18932	36407	1.92	0	15
SCAF_425_region	18932	36407	1.92	0	15
SCAF_426	18882	14140	0.75	0	7
SCAF_426_region	18882	14140	0.75	0	7
SCAF_427	18874	17282	0.92	0	18
SCAF_427_region	18874	17282	0.92	0	18
SCAF_428	18866	1057832	56.07	0	498
SCAF_428_region	18866	1057832	56.07	0	498
SCAF_429	18866	19363	1.03	0	14
SCAF_429_region	18866	19363	1.03	0	14
SCAF_430	18815	843	0.04	0	11
SCAF_430_region	18815	843	0.04	0	11
SCAF_431	18805	69081	3.67	0	14
SCAF_431_region	18805	69081	3.67	0	14
SCAF_432	18790	44888	2.39	0	12
SCAF_432_region	18790	44888	2.39	0	12
SCAF_433	18773	4519	0.24	0	9
SCAF_433_region	18773	4519	0.24	0	9
SCAF_434	18766	17295	0.92	0	11
SCAF_434_region	18766	17295	0.92	0	11
SCAF_435	18753	36726	1.96	0	22
SCAF_435_region	18753	36726	1.96	0	22
SCAF_436	18746	28424	1.52	0	15
SCAF_436_region	18746	28424	1.52	0	15
SCAF_437	18721	8918	0.48	0	17
SCAF_437_region	18721	8918	0.48	0	17
SCAF_438	18669	2975	0.16	0	4
SCAF_438_region	18669	2975	0.16	0	4
SCAF_439	18588	8545	0.46	0	73
SCAF_439_region	18588	8545	0.46	0	73
SCAF_440	18561	116203	6.26	0	735
SCAF_440_region	18561	116203	6.26	0	735
SCAF_441	18530	8402	0.45	0	8
SCAF_441_region	18530	8402	0.45	0	8
SCAF_442	18489	9588	0.52	0	9
SCAF_442_region	18489	9588	0.52	0	9
SCAF_443	18479	13880	0.75	0	16
SCAF_443_region	18479	13880	0.75	0	16
SCAF_444	18424	32170	1.75	0	13
SCAF_444_region	18424	32170	1.75	0	13
SCAF_445	18396	4762	0.26	0	4
SCAF_445_region	18396	4762	0.26	0	4
SCAF_446	18392	60088	3.27	0	17
SCAF_446_region	18392	60088	3.27	0	17
SCAF_447	18255	20567	1.13	0	9
SCAF_447_region	18255	20567	1.13	0	9
SCAF_448	18252	49465	2.71	0	13
SCAF_448_region	18252	49465	2.71	0	13
SCAF_449	18248	5114	0.28	0	5
SCAF_449_region	18248	5114	0.28	0	5
SCAF_450	18208	3454	0.19	0	7
SCAF_450_region	18208	3454	0.19	0	7
SCAF_451	18202	101935	5.60	0	127
SCAF_451_region	18202	101935	5.60	0	127
SCAF_452	18192	5916	0.33	0	9
SCAF_452_region	18192	5916	0.33	0	9
SCAF_453	18150	3037	0.17	0	5
SCAF_453_region	18150	3037	0.17	0	5
SCAF_454	18134	1860	0.10	0	6
SCAF_454_region	18134	1860	0.10	0	6
SCAF_455	18114	1859	0.10	0	15
SCAF_455_region	18114	1859	0.10	0	15
SCAF_456	18112	11907	0.66	0	22
SCAF_456_region	18112	11907	0.66	0	22
SCAF_457	18054	81051	4.49	0	15
SCAF_457_region	18054	81051	4.49	0	15
SCAF_458	18006	5652	0.31	0	10
SCAF_458_region	18006	5652	0.31	0	10
SCAF_459	18000	2410	0.13	0	11
SCAF_459_region	18000	2410	0.13	0	11
SCAF_460	17967	34355	1.91	0	15
SCAF_460_region	17967	34355	1.91	0	15
SCAF_461	17943	5617	0.31	0	8
SCAF_461_region	17943	5617	0.31	0	8
SCAF_462	17929	1596	0.09	0	24
SCAF_462_region	17929	1596	0.09	0	24
SCAF_463	17921	474	0.03	0	2
SCAF_463_region	17921	474	0.03	0	2
SCAF_464	17913	6271	0.35	0	5
SCAF_464_region	17913	6271	0.35	0	5
SCAF_465	17912	3644	0.20	0	9
SCAF_465_region	17912	3644	0.20	0	9
SCAF_466	17886	17842	1.00	0	10
SCAF_466_region	17886	17842	1.00	0	10
SCAF_467	17859	571	0.03	0	9
SCAF_467_region	17859	571	0.03	0	9
SCAF_468	17837	5033	0.28	0	11
SCAF_468_region	17837	5033	0.28	0	11
SCAF_469	17802	1188	0.07	0	2
SCAF_469_region	17802	1188	0.07	0	2
SCAF_470	17776	15988	0.90	0	24
SCAF_470_region	17776	15988	0.90	0	24
SCAF_471	17682	14456	0.82	0	18
SCAF_471_region	17682	14456	0.82	0	18
SCAF_472	17646	25179	1.43	0	13
SCAF_472_region	17646	25179	1.43	0	13
SCAF_473	17646	31191	1.77	0	11
SCAF_473_region	17646	31191	1.77	0	11
SCAF_474	17642	1621193	91.89	0	470
SCAF_474_region	17642	1621193	91.89	0	470
SCAF_475	17613	5402	0.31	0	63
SCAF_475_region	17613	5402	0.31	0	63
SCAF_476	17602	128602	7.31	0	635
SCAF_476_region	17602	128602	7.31	0	635
SCAF_477	17571	1584	0.09	0	3
SCAF_477_region	17571	1584	0.09	0	3
SCAF_478	17535	2065	0.12	0	4
SCAF_478_region	17535	2065	0.12	0	4
SCAF_479	17528	372856	21.27	0	349
SCAF_479_region	17528	372856	21.27	0	349
SCAF_480	17503	2558	0.15	0	3
SCAF_480_region	17503	2558	0.15	0	3
SCAF_481	17502	5866	0.34	0	7
SCAF_481_region	17502	5866	0.34	0	7
SCAF_482	17480	3211	0.18	0	5
SCAF_482_region	17480	3211	0.18	0	5
SCAF_483	17476	13727	0.79	0	10
SCAF_483_region	17476	13727	0.79	0	10
SCAF_484	17457	287233	16.45	0	336
SCAF_484_region	17457	287233	16.45	0	336
SCAF_485	17386	9673	0.56	0	19
SCAF_485_region	17386	9673	0.56	0	19
SCAF_486	17362	5663	0.33	0	8
SCAF_486_region	17362	5663	0.33	0	8
SCAF_487	17332	3305	0.19	0	9
SCAF_487_region	17332	3305	0.19	0	9
SCAF_488	17327	6281	0.36	0	3
SCAF_488_region	17327	6281	0.36	0	3
SCAF_489	17303	5580	0.32	0	4
SCAF_489_region	17303	5580	0.32	0	4
SCAF_490	17273	5118	0.30	0	7
SCAF_490_region	17273	5118	0.30	0	7
SCAF_491	17245	107202	6.22	0	159
SCAF_491_region	17245	107202	6.22	0	159
SCAF_492	17239	5177	0.30	0	7
SCAF_492_region	17239	5177	0.30	0	7
SCAF_493	17219	8380	0.49	0	6
SCAF_493_region	17219	8380	0.49	0	6
SCAF_494	17218	2012	0.12	0	7
SCAF_494_region	17218	2012	0.12	0	7
SCAF_495	17211	9761	0.57	0	7
SCAF_495_region	17211	9761	0.57	0	7
SCAF_496	17198	14623	0.85	0	221
SCAF_496_region	17198	14623	0.85	0	221
SCAF_497	17190	1243	0.07	0	7
SCAF_497_region	17190	1243	0.07	0	7
SCAF_498	17162	20235	1.18	0	13
SCAF_498_region	17162	20235	1.18	0	13
SCAF_499	17147	2731	0.16	0	7
SCAF_499_region	17147	2731	0.16	0	7
SCAF_500	17144	10949	0.64	0	8
SCAF_500_region	17144	10949	0.64	0	8
SCAF_501	17142	7997	0.47	0	6
SCAF_501_region	17142	7997	0.47	0	6
SCAF_502	17124	18385	1.07	0	14
SCAF_502_region	17124	18385	1.07	0	14
SCAF_503	17118	1360620	79.48	0	357
SCAF_503_region	17118	1360620	79.48	0	357
SCAF_504	17076	17085	1.00	0	8
SCAF_504_region	17076	17085	1.00	0	8
SCAF_505	17047	2038319	119.57	0	1217
SCAF_505_region	17047	2038319	119.57	0	1217
SCAF_506	17043	16212	0.95	0	113
SCAF_506_region	17043	16212	0.95	0	113
SCAF_507	17035	23458	1.38	0	16
SCAF_507_region	17035	23458	1.38	0	16
SCAF_508	17021	20074	1.18	0	14
SCAF_508_region	17021	20074	1.18	0	14
SCAF_509	16971	5715	0.34	0	14
SCAF_509_region	16971	5715	0.34	0	14
SCAF_510	16897	54450	3.22	0	18
SCAF_510_region	16897	54450	3.22	0	18
SCAF_511	16849	1767	0.10	0	3
SCAF_511_region	16849	1767	0.10	0	3
SCAF_512	16807	2761	0.16	0	6
SCAF_512_region	16807	2761	0.16	0	6
SCAF_513	16787	2013	0.12	0	4
SCAF_513_region	16787	2013	0.12	0	4
SCAF_514	16784	4583	0.27	0	6
SCAF_514_region	16784	4583	0.27	0	6
SCAF_515	16776	4847	0.29	0	5
SCAF_515_region	16776	4847	0.29	0	5
SCAF_516	16745	1569	0.09	0	2
SCAF_516_region	16745	1569	0.09	0	2
SCAF_517	16741	1556	0.09	0	2
SCAF_517_region	16741	1556	0.09	0	2
SCAF_518	16733	34528	2.06	0	13
SCAF_518_region	16733	34528	2.06	0	13
SCAF_519	16710	19868	1.19	0	23
SCAF_519_region	16710	19868	1.19	0	23
SCAF_520	16702	2415245	144.61	0	2084
SCAF_520_region	16702	2415245	144.61	0	2084
SCAF_521	16701	3088	0.18	0	7
SCAF_521_region	16701	3088	0.18	0	7
SCAF_522	16645	5608	0.34	0	15
SCAF_522_region	16645	5608	0.34	0	15
SCAF_523	16623	3885	0.23	0	6
SCAF_523_region	16623	3885	0.23	0	6
SCAF_524	16568	2489	0.15	0	11
SCAF_524_region	16568	2489	0.15	0	11
SCAF_525	16548	8997	0.54	0	5
SCAF_525_region	16548	8997	0.54	0	5
SCAF_526	16541	1549	0.09	0	3
SCAF_526_region	16541	1549	0.09	0	3
SCAF_527	16518	2141290	129.63	0	540
SCAF_527_region	16518	2141290	129.63	0	540
SCAF_528	16510	5763	0.35	0	46
SCAF_528_region	16510	5763	0.35	0	46
SCAF_529	16492	10415	0.63	0	14
SCAF_529_region	16492	10415	0.63	0	14
SCAF_530	16462	13896	0.84	0	7
SCAF_530_region	16462	13896	0.84	0	7
SCAF_531	16461	512	0.03	0	2
SCAF_531_region	16461	512	0.03	0	2
SCAF_532	16447	28760	1.75	0	16
SCAF_532_region	16447	28760	1.75	0	16
SCAF_533	16383	10250	0.63	0	8
SCAF_533_region	16383	10250	0.63	0	8
SCAF_534	16345	14327	0.88	0	11
SCAF_534_region	16345	14327	0.88	0	11
SCAF_535	16343	483	0.03	0	2
SCAF_535_region	16343	483	0.03	0	2
SCAF_536	16333	5570	0.34	0	14
SCAF_536_region	16333	5570	0.34	0	14
SCAF_537	16287	54218	3.33	0	19
SCAF_537_region	16287	54218	3.33	0	19
SCAF_538	16266	7264	0.45	0	8
SCAF_538_region	16266	7264	0.45	0	8
SCAF_539	16246	712	0.04	0	3
SCAF_539_region	16246	712	0.04	0	3
SCAF_540	16245	7877	0.48	0	10
SCAF_540_region	16245	7877	0.48	0	10
SCAF_541	16215	11516	0.71	0	7
SCAF_541_region	16215	11516	0.71	0	7
SCAF_542	16208	7289	0.45	0	8
SCAF_542_region	16208	7289	0.45	0	8
SCAF_543	16160	16646	1.03	0	12
SCAF_543_region	16160	16646	1.03	0	12
SCAF_544	16140	1014	0.06	0	2
SCAF_544_region	16140	1014	0.06	0	2
SCAF_545	16102	6535	0.41	0	15
SCAF_545_region	16102	6535	0.41	0	15
SCAF_546	16083	7553	0.47	0	10
SCAF_546_region	16083	7553	0.47	0	10
SCAF_547	16037	4323	0.27	0	6
SCAF_547_region	16037	4323	0.27	0	6
SCAF_548	16034	28329	1.77	0	119
SCAF_548_region	16034	28329	1.77	0	119
SCAF_549	16030	21784	1.36	0	21
SCAF_549_region	16030	21784	1.36	0	21
SCAF_550	16027	1145	0.07	0	4
SCAF_550_region	16027	1145	0.07	0	4
SCAF_551	15990	34771	2.17	0	14
SCAF_551_region	15990	34771	2.17	0	14
SCAF_552	15913	129563	8.14	0	27
SCAF_552_region	15913	129563	8.14	0	27
SCAF_553	15906	3167	0.20	0	7
SCAF_553_region	15906	3167	0.20	0	7
SCAF_554	15898	2408	0.15	0	3
SCAF_554_region	15898	2408	0.15	0	3
SCAF_555	15891	3520	0.22	0	7
SCAF_555_region	15891	3520	0.22	0	7
SCAF_556	15885	3347	0.21	0	5
SCAF_556_region	15885	3347	0.21	0	5
SCAF_557	15855	7425	0.47	0	7
SCAF_557_region	15855	7425	0.47	0	7
SCAF_558	15839	13456	0.85	0	24
SCAF_558_region	15839	13456	0.85	0	24
SCAF_559	15827	10460	0.66	0	9
SCAF_559_region	15827	10460	0.66	0	9
SCAF_560	15823	15686	0.99	0	13
SCAF_560_region	15823	15686	0.99	0	13
SCAF_561	15791	3051	0.19	0	3
SCAF_561_region	15791	3051	0.19	0	3
SCAF_562	15777	2433150	154.22	0	478
SCAF_562_region	15777	2433150	154.22	0	478
SCAF_563	15776	22149	1.40	0	19
SCAF_563_region	15776	22149	1.40	0	19
SCAF_564	15761	2666	0.17	0	32
SCAF_564_region	15761	2666	0.17	0	32
SCAF_565	15717	2570	0.16	0	5
SCAF_565_region	15717	2570	0.16	0	5
SCAF_566	15706	2314	0.15	0	4
SCAF_566_region	15706	2314	0.15	0	4
SCAF_567	15696	4249	0.27	0	12
SCAF_567_region	15696	4249	0.27	0	12
SCAF_568	15657	3849	0.25	0	3
SCAF_568_region	15657	3849	0.25	0	3
SCAF_569	15650	7083	0.45	0	8
SCAF_569_region	15650	7083	0.45	0	8
SCAF_570	15646	10929	0.70	0	7
SCAF_570_region	15646	10929	0.70	0	7
SCAF_571	15619	1040	0.07	0	2
SCAF_571_region	15619	1040	0.07	0	2
SCAF_572	15612	10824	0.69	0	12
SCAF_572_region	15612	10824	0.69	0	12
SCAF_573	15605	5675	0.36	0	6
SCAF_573_region	15605	5675	0.36	0	6
SCAF_574	15575	2881	0.18	0	6
SCAF_574_region	15575	2881	0.18	0	6
SCAF_575	15573	3311	0.21	0	5
SCAF_575_region	15573	3311	0.21	0	5
SCAF_576	15571	20794	1.34	0	15
SCAF_576_region	15571	20794	1.34	0	15
SCAF_577	15544	717	0.05	0	1
SCAF_577_region	15544	717	0.05	0	1
SCAF_578	15521	787	0.05	0	4
SCAF_578_region	15521	787	0.05	0	4
SCAF_579	15497	77233	4.98	0	186
SCAF_579_region	15497	77233	4.98	0	186
SCAF_580	15481	2239	0.14	0	6
SCAF_580_region	15481	2239	0.14	0	6
SCAF_581	15458	11583	0.75	0	12
SCAF_581_region	15458	11583	0.75	0	12
SCAF_582	15439	25210	1.63	0	16
SCAF_582_region	15439	25210	1.63	0	16
SCAF_583	15421	4844	0.31	0	6
SCAF_583_region	15421	4844	0.31	0	6
SCAF_584	15337	4608	0.30	0	10
SCAF_584_region	15337	4608	0.30	0	10
SCAF_585	15336	6020	0.39	0	8
SCAF_585_region	15336	6020	0.39	0	8
SCAF_586	15301	44810	2.93	0	22
SCAF_586_region	15301	44810	2.93	0	22
SCAF_587	15300	863885	56.46	0	2759
SCAF_587_region	15300	863885	56.46	0	2759
SCAF_588	15298	5044	0.33	0	8
SCAF_588_region	15298	5044	0.33	0	8
SCAF_589	15238	10015	0.66	0	6
SCAF_589_region	15238	10015	0.66	0	6
SCAF_590	15205	71280	4.69	0	23
SCAF_590_region	15205	71280	4.69	0	23
SCAF_591	15162	48888	3.22	0	14
SCAF_591_region	15162	48888	3.22	0	14
SCAF_592	15154	17809	1.18	0	11
SCAF_592_region	15154	17809	1.18	0	11
SCAF_593	15087	5792	0.38	0	23
SCAF_593_region	15087	5792	0.38	0	23
SCAF_594	15082	44459	2.95	0	16
SCAF_594_region	15082	44459	2.95	0	16
SCAF_595	15055	53510	3.55	0	16
SCAF_595_region	15055	53510	3.55	0	16
SCAF_596	15045	962	0.06	0	4
SCAF_596_region	15045	962	0.06	0	4
SCAF_597	15030	2085	0.14	0	7
SCAF_597_region	15030	2085	0.14	0	7
SCAF_598	15027	11483	0.76	0	11
SCAF_598_region	15027	11483	0.76	0	11
SCAF_599	15000	48561	3.24	0	12
SCAF_599_region	15000	48561	3.24	0	12
SCAF_600	14995	7858	0.52	0	16
SCAF_600_region	14995	7858	0.52	0	16
SCAF_601	14985	17210	1.15	0	9
SCAF_601_region	14985	17210	1.15	0	9
SCAF_602	14930	4798	0.32	0	5
SCAF_602_region	14930	4798	0.32	0	5
SCAF_603	14898	1411	0.09	0	3
SCAF_603_region	14898	1411	0.09	0	3
SCAF_604	14863	2722	0.18	0	3
SCAF_604_region	14863	2722	0.18	0	3
SCAF_605	14840	6053	0.41	0	5
SCAF_605_region	14840	6053	0.41	0	5
SCAF_606	14808	831	0.06	0	8
SCAF_606_region	14808	831	0.06	0	8
SCAF_607	14807	28582	1.93	0	20
SCAF_607_region	14807	28582	1.93	0	20
SCAF_608	14785	16521	1.12	0	13
SCAF_608_region	14785	16521	1.12	0	13
SCAF_609	14742	381542	25.88	0	444
SCAF_609_region	14742	381542	25.88	0	444
SCAF_610	14738	20409	1.38	0	13
SCAF_610_region	14738	20409	1.38	0	13
SCAF_611	14737	40075	2.72	0	13
SCAF_611_region	14737	40075	2.72	0	13
SCAF_612	14712	1002343	68.13	0	323
SCAF_612_region	14712	1002343	68.13	0	323
SCAF_613	14708	12601	0.86	0	15
SCAF_613_region	14708	12601	0.86	0	15
SCAF_614	14694	29041	1.98	0	123
SCAF_614_region	14694	29041	1.98	0	123
SCAF_615	14684	6865	0.47	0	23
SCAF_615_region	14684	6865	0.47	0	23
SCAF_616	14676	603	0.04	0	1
SCAF_616_region	14676	603	0.04	0	1
SCAF_617	14662	3526	0.24	0	5
SCAF_617_region	14662	3526	0.24	0	5
SCAF_618	14658	2291	0.16	0	2
SCAF_618_region	14658	2291	0.16	0	2
SCAF_619	14650	12028	0.82	0	90
SCAF_619_region	14650	12028	0.82	0	90
SCAF_620	14639	3116	0.21	0	5
SCAF_620_region	14639	3116	0.21	0	5
SCAF_621	14614	59303	4.06	0	271
SCAF_621_region	14614	59303	4.06	0	271
SCAF_622	14596	18417	1.26	0	26
SCAF_622_region	14596	18417	1.26	0	26
SCAF_623	14590	11839	0.81	0	10
SCAF_623_region	14590	11839	0.81	0	10
SCAF_624	14581	2067	0.14	0	9
SCAF_624_region	14581	2067	0.14	0	9
SCAF_625	14547	15368	1.06	0	12
SCAF_625_region	14547	15368	1.06	0	12
SCAF_626	14527	13927	0.96	0	17
SCAF_626_region	14527	13927	0.96	0	17
SCAF_627	14523	3843	0.26	0	5
SCAF_627_region	14523	3843	0.26	0	5
SCAF_628	14498	27469	1.89	0	13
SCAF_628_region	14498	27469	1.89	0	13
SCAF_629	14453	5917	0.41	0	9
SCAF_629_region	14453	5917	0.41	0	9
SCAF_630	14414	6207	0.43	0	6
SCAF_630_region	14414	6207	0.43	0	6
SCAF_631	14395	1068	0.07	0	4
SCAF_631_region	14395	1068	0.07	0	4
SCAF_632	14385	1384	0.10	0	4
SCAF_632_region	14385	1384	0.10	0	4
SCAF_633	14371	6966	0.48	0	6
SCAF_633_region	14371	6966	0.48	0	6
SCAF_634	14371	5767	0.40	0	8
SCAF_634_region	14371	5767	0.40	0	8
SCAF_635	14280	442270	30.97	0	237
SCAF_635_region	14280	442270	30.97	0	237
SCAF_636	14276	13686	0.96	0	11
SCAF_636_region	14276	13686	0.96	0	11
SCAF_637	14236	19152	1.35	0	14
SCAF_637_region	14236	19152	1.35	0	14
SCAF_638	14229	4713	0.33	0	9
SCAF_638_region	14229	4713	0.33	0	9
SCAF_639	14202	524	0.04	0	1
SCAF_639_region	14202	524	0.04	0	1
SCAF_640	14111	13829	0.98	0	12
SCAF_640_region	14111	13829	0.98	0	12
SCAF_641	14088	7838	0.56	0	6
SCAF_641_region	14088	7838	0.56	0	6
SCAF_642	14005	3875	0.28	0	7
SCAF_642_region	14005	3875	0.28	0	7
SCAF_643	13977	1150196	82.29	0	2345
SCAF_643_region	13977	1150196	82.29	0	2345
SCAF_644	13890	4849	0.35	0	14
SCAF_644_region	13890	4849	0.35	0	14
SCAF_645	13875	2665	0.19	0	6
SCAF_645_region	13875	2665	0.19	0	6
SCAF_646	13874	43734	3.15	0	26
SCAF_646_region	13874	43734	3.15	0	26
SCAF_647	13848	1742	0.13	0	4
SCAF_647_region	13848	1742	0.13	0	4
SCAF_648	13847	52957	3.82	0	129
SCAF_648_region	13847	52957	3.82	0	129
SCAF_649	13838	6003	0.43	0	9
SCAF_649_region	13838	6003	0.43	0	9
SCAF_650	13812	8281	0.60	0	8
SCAF_650_region	13812	8281	0.60	0	8
SCAF_651	13758	56542	4.11	0	20
SCAF_651_region	13758	56542	4.11	0	20
SCAF_652	13727	7161	0.52	0	8
SCAF_652_region	13727	7161	0.52	0	8
SCAF_653	13703	4806	0.35	0	4
SCAF_653_region	13703	4806	0.35	0	4
SCAF_654	13701	1649	0.12	0	2
SCAF_654_region	13701	1649	0.12	0	2
SCAF_655	13677	8665	0.63	0	10
SCAF_655_region	13677	8665	0.63	0	10
SCAF_656	13622	3321	0.24	0	7
SCAF_656_region	13622	3321	0.24	0	7
SCAF_657	13584	3052	0.22	0	6
SCAF_657_region	13584	3052	0.22	0	6
SCAF_658	13583	2600	0.19	0	3
SCAF_658_region	13583	2600	0.19	0	3
SCAF_659	13535	3912	0.29	0	4
SCAF_659_region	13535	3912	0.29	0	4
SCAF_660	13535	668	0.05	0	2
SCAF_660_region	13535	668	0.05	0	2
SCAF_661	13499	9738	0.72	0	7
SCAF_661_region	13499	9738	0.72	0	7
SCAF_662	13464	5040	0.37	0	7
SCAF_662_region	13464	5040	0.37	0	7
SCAF_663	13438	13608	1.01	0	13
SCAF_663_region	13438	13608	1.01	0	13
SCAF_664	13385	1021176	76.29	0	436
SCAF_664_region	13385	1021176	76.29	0	436
SCAF_665	13357	1273	0.10	0	7
SCAF_665_region	13357	1273	0.10	0	7
SCAF_666	13330	2667	0.20	0	3
SCAF_666_region	13330	2667	0.20	0	3
SCAF_667	13327	13323	1.00	0	14
SCAF_667_region	13327	13323	1.00	0	14
SCAF_668	13319	13168	0.99	0	15
SCAF_668_region	13319	13168	0.99	0	15
SCAF_669	13303	57587	4.33	0	43
SCAF_669_region	13303	57587	4.33	0	43
SCAF_670	13293	5121	0.39	0	9
SCAF_670_region	13293	5121	0.39	0	9
SCAF_671	13288	33851	2.55	0	22
SCAF_671_region	13288	33851	2.55	0	22
SCAF_672	13266	1318	0.10	0	4
SCAF_672_region	13266	1318	0.10	0	4
SCAF_673	13189	1398	0.11	0	13
SCAF_673_region	13189	1398	0.11	0	13
SCAF_674	13149	14896	1.13	0	10
SCAF_674_region	13149	14896	1.13	0	10
SCAF_675	13128	22284	1.70	0	28
SCAF_675_region	13128	22284	1.70	0	28
SCAF_676	13120	22035	1.68	0	10
SCAF_676_region	13120	22035	1.68	0	10
SCAF_677	13080	207476	15.86	0	1393
SCAF_677_region	13080	207476	15.86	0	1393
SCAF_678	13050	600	0.05	0	2
SCAF_678_region	13050	600	0.05	0	2
SCAF_679	13043	7087	0.54	0	18
SCAF_679_region	13043	7087	0.54	0	18
SCAF_680	13008	10607	0.82	0	9
SCAF_680_region	13008	10607	0.82	0	9
SCAF_681	13001	8501	0.65	0	11
SCAF_681_region	13001	8501	0.65	0	11
SCAF_682	12997	32795	2.52	0	10
SCAF_682_region	12997	32795	2.52	0	10
SCAF_683	12986	1181	0.09	0	6
SCAF_683_region	12986	1181	0.09	0	6
SCAF_684	12871	5180	0.40	0	4
SCAF_684_region	12871	5180	0.40	0	4
SCAF_685	12842	573	0.04	0	4
SCAF_685_region	12842	573	0.04	0	4
SCAF_686	12830	5102	0.40	0	8
SCAF_686_region	12830	5102	0.40	0	8
SCAF_687	12781	2280	0.18	0	8
SCAF_687_region	12781	2280	0.18	0	8
SCAF_688	12768	14266	1.12	0	11
SCAF_688_region	12768	14266	1.12	0	11
SCAF_689	12768	3035	0.24	0	5
SCAF_689_region	12768	3035	0.24	0	5
SCAF_690	12764	13198	1.03	0	12
SCAF_690_region	12764	13198	1.03	0	12
SCAF_691	12677	2962	0.23	0	4
SCAF_691_region	12677	2962	0.23	0	4
SCAF_692	12675	686	0.05	0	1
SCAF_692_region	12675	686	0.05	0	1
SCAF_693	12651	5185	0.41	0	4
SCAF_693_region	12651	5185	0.41	0	4
SCAF_694	12646	7214	0.57	0	9
SCAF_694_region	12646	7214	0.57	0	9
SCAF_695	12643	48185	3.81	0	19
SCAF_695_region	12643	48185	3.81	0	19
SCAF_696	12633	8858	0.70	0	5
SCAF_696_region	12633	8858	0.70	0	5
SCAF_697	12625	2705	0.21	0	23
SCAF_697_region	12625	2705	0.21	0	23
SCAF_698	12617	12601	1.00	0	11
SCAF_698_region	12617	12601	1.00	0	11
SCAF_699	12540	8233	0.66	0	12
SCAF_699_region	12540	8233	0.66	0	12
SCAF_700	12515	242	0.02	0	10
SCAF_700_region	12515	242	0.02	0	10
SCAF_701	12482	551	0.04	0	2
SCAF_701_region	12482	551	0.04	0	2
SCAF_702	12461	8146	0.65	0	11
SCAF_702_region	12461	8146	0.65	0	11
SCAF_703	12456	33749	2.71	0	35
SCAF_703_region	12456	33749	2.71	0	35
SCAF_704	12456	5204	0.42	0	12
SCAF_704_region	12456	5204	0.42	0	12
SCAF_705	12358	8691	0.70	0	9
SCAF_705_region	12358	8691	0.70	0	9
SCAF_706	12350	62653	5.07	0	28
SCAF_706_region	12350	62653	5.07	0	28
SCAF_707	12343	4642	0.38	0	6
SCAF_707_region	12343	4642	0.38	0	6
SCAF_708	12333	354	0.03	0	3
SCAF_708_region	12333	354	0.03	0	3
SCAF_709	12319	1247208	101.24	0	626
SCAF_709_region	12319	1247208	101.24	0	626
SCAF_710	12288	3584	0.29	0	10
SCAF_710_region	12288	3584	0.29	0	10
SCAF_711	12252	70879	5.79	0	21
SCAF_711_region	12252	70879	5.79	0	21
SCAF_712	12218	303718	24.86	0	1118
SCAF_712_region	12218	303718	24.86	0	1118
SCAF_713	12177	63506	5.22	0	19
SCAF_713_region	12177	63506	5.22	0	19
SCAF_714	12167	3428	0.28	0	8
SCAF_714_region	12167	3428	0.28	0	8
SCAF_715	12163	1243	0.10	0	4
SCAF_715_region	12163	1243	0.10	0	4
SCAF_716	12143	2208	0.18	0	4
SCAF_716_region	12143	2208	0.18	0	4
SCAF_717	12102	2879	0.24	0	6
SCAF_717_region	12102	2879	0.24	0	6
SCAF_718	12099	14589	1.21	0	12
SCAF_718_region	12099	14589	1.21	0	12
SCAF_719	12095	5500	0.45	0	11
SCAF_719_region	12095	5500	0.45	0	11
SCAF_720	12085	7874	0.65	0	9
SCAF_720_region	12085	7874	0.65	0	9
SCAF_721	12078	7144	0.59	0	9
SCAF_721_region	12078	7144	0.59	0	9
SCAF_722	12066	3201	0.27	0	8
SCAF_722_region	12066	3201	0.27	0	8
SCAF_723	12015	2680	0.22	0	4
SCAF_723_region	12015	2680	0.22	0	4
SCAF_724	12004	6859	0.57	0	6
SCAF_724_region	12004	6859	0.57	0	6
SCAF_725	11949	15789	1.32	0	17
SCAF_725_region	11949	15789	1.32	0	17
SCAF_726	11911	529	0.04	0	5
SCAF_726_region	11911	529	0.04	0	5
SCAF_727	11900	1313	0.11	0	3
SCAF_727_region	11900	1313	0.11	0	3
SCAF_728	11869	17627	1.49	0	15
SCAF_728_region	11869	17627	1.49	0	15
SCAF_729	11788	63569	5.39	0	24
SCAF_729_region	11788	63569	5.39	0	24
SCAF_730	11785	14631	1.24	0	13
SCAF_730_region	11785	14631	1.24	0	13
SCAF_731	11750	1569	0.13	0	6
SCAF_731_region	11750	1569	0.13	0	6
SCAF_732	11699	2214	0.19	0	6
SCAF_732_region	11699	2214	0.19	0	6
SCAF_733	11674	2007	0.17	0	100
SCAF_733_region	11674	2007	0.17	0	100
SCAF_734	11658	14683	1.26	0	11
SCAF_734_region	11658	14683	1.26	0	11
SCAF_735	11648	49048	4.21	0	16
SCAF_735_region	11648	49048	4.21	0	16
SCAF_736	11642	4234	0.36	0	3
SCAF_736_region	11642	4234	0.36	0	3
SCAF_737	11612	593	0.05	0	2
SCAF_737_region	11612	593	0.05	0	2
SCAF_738	11595	294	0.03	0	1
SCAF_738_region	11595	294	0.03	0	1
SCAF_739	11525	75411	6.54	0	286
SCAF_739_region	11525	75411	6.54	0	286
SCAF_740	11505	2807	0.24	0	6
SCAF_740_region	11505	2807	0.24	0	6
SCAF_741	11492	3109	0.27	0	5
SCAF_741_region	11492	3109	0.27	0	5
SCAF_742	11467	3763702	328.22	0	1127
SCAF_742_region	11467	3763702	328.22	0	1127
SCAF_743	11404	512	0.04	0	3
SCAF_743_region	11404	512	0.04	0	3
SCAF_744	11377	1121	0.10	0	3
SCAF_744_region	11377	1121	0.10	0	3
SCAF_745	11364	3367	0.30	0	6
SCAF_745_region	11364	3367	0.30	0	6
SCAF_746	11318	1135	0.10	0	3
SCAF_746_region	11318	1135	0.10	0	3
SCAF_747	11311	69135	6.11	0	209
SCAF_747_region	11311	69135	6.11	0	209
SCAF_748	11306	7885	0.70	0	14
SCAF_748_region	11306	7885	0.70	0	14
SCAF_749	11299	13817	1.22	0	9
SCAF_749_region	11299	13817	1.22	0	9
SCAF_750	11284	3751	0.33	0	12
SCAF_750_region	11284	3751	0.33	0	12
SCAF_751	11276	3244	0.29	0	6
SCAF_751_region	11276	3244	0.29	0	6
SCAF_752	11267	1604	0.14	0	8
SCAF_752_region	11267	1604	0.14	0	8
SCAF_753	11254	8020	0.71	0	10
SCAF_753_region	11254	8020	0.71	0	10
SCAF_754	11236	7999	0.71	0	10
SCAF_754_region	11236	7999	0.71	0	10
SCAF_755	11231	483	0.04	0	1
SCAF_755_region	11231	483	0.04	0	1
SCAF_756	11200	31297	2.79	0	13
SCAF_756_region	11200	31297	2.79	0	13
SCAF_757	11195	2295	0.21	0	3
SCAF_757_region	11195	2295	0.21	0	3
SCAF_758	11126	5023	0.45	0	13
SCAF_758_region	11126	5023	0.45	0	13
SCAF_759	11118	2509	0.23	0	3
SCAF_759_region	11118	2509	0.23	0	3
SCAF_760	11100	3382	0.30	0	5
SCAF_760_region	11100	3382	0.30	0	5
SCAF_761	11097	6718	0.61	0	6
SCAF_761_region	11097	6718	0.61	0	6
SCAF_762	11029	5914	0.54	0	13
SCAF_762_region	11029	5914	0.54	0	13
SCAF_763	11019	11408	1.04	0	8
SCAF_763_region	11019	11408	1.04	0	8
SCAF_764	10979	8081	0.74	0	90
SCAF_764_region	10979	8081	0.74	0	90
SCAF_765	10957	251	0.02	0	6
SCAF_765_region	10957	251	0.02	0	6
SCAF_766	10940	10706	0.98	0	10
SCAF_766_region	10940	10706	0.98	0	10
SCAF_767	10913	4125	0.38	0	6
SCAF_767_region	10913	4125	0.38	0	6
SCAF_768	10886	16716	1.54	0	9
SCAF_768_region	10886	16716	1.54	0	9
SCAF_769	10867	396	0.04	0	2
SCAF_769_region	10867	396	0.04	0	2
SCAF_770	10816	2468	0.23	0	6
SCAF_770_region	10816	2468	0.23	0	6
SCAF_771	10810	72	0.01	0	1
SCAF_771_region	10810	72	0.01	0	1
SCAF_772	10709	8156	0.76	0	10
SCAF_772_region	10709	8156	0.76	0	10
SCAF_773	10688	267533	25.03	0	455
SCAF_773_region	10688	267533	25.03	0	455
SCAF_774	10648	9511	0.89	0	7
SCAF_774_region	10648	9511	0.89	0	7
SCAF_775	10642	947	0.09	0	11
SCAF_775_region	10642	947	0.09	0	11
SCAF_776	10612	6467	0.61	0	15
SCAF_776_region	10612	6467	0.61	0	15
SCAF_777	10608	37274	3.51	0	21
SCAF_777_region	10608	37274	3.51	0	21
SCAF_778	10604	1836	0.17	0	3
SCAF_778_region	10604	1836	0.17	0	3
SCAF_779	10578	805	0.08	0	2
SCAF_779_region	10578	805	0.08	0	2
SCAF_780	10571	772	0.07	0	4
SCAF_780_region	10571	772	0.07	0	4
SCAF_781	10511	2853	0.27	0	8
SCAF_781_region	10511	2853	0.27	0	8
SCAF_782	10492	665	0.06	0	4
SCAF_782_region	10492	665	0.06	0	4
SCAF_783	10421	1993	0.19	0	2
SCAF_783_region	10421	1993	0.19	0	2
SCAF_784	10379	28054	2.70	0	11
SCAF_784_region	10379	28054	2.70	0	11
SCAF_785	10337	11406	1.10	0	9
SCAF_785_region	10337	11406	1.10	0	9
SCAF_786	10326	12972	1.26	0	12
SCAF_786_region	10326	12972	1.26	0	12
SCAF_787	10326	3759	0.36	0	5
SCAF_787_region	10326	3759	0.36	0	5
SCAF_788	10316	2831	0.27	0	19
SCAF_788_region	10316	2831	0.27	0	19
SCAF_789	10256	569	0.06	0	6
SCAF_789_region	10256	569	0.06	0	6
SCAF_790	10228	6317	0.62	0	11
SCAF_790_region	10228	6317	0.62	0	11
SCAF_791	10185	2540	0.25	0	2
SCAF_791_region	10185	2540	0.25	0	2
SCAF_792	10184	18107	1.78	0	14
SCAF_792_region	10184	18107	1.78	0	14
SCAF_793	10160	11142	1.10	0	7
SCAF_793_region	10160	11142	1.10	0	7
SCAF_794	10147	727	0.07	0	3
SCAF_794_region	10147	727	0.07	0	3
SCAF_795	10110	1804	0.18	0	3
SCAF_795_region	10110	1804	0.18	0	3
SCAF_796	10045	817	0.08	0	2
SCAF_796_region	10045	817	0.08	0	2
SCAF_797	10015	13791	1.38	0	41
SCAF_797_region	10015	13791	1.38	0	41
SCAF_798	10012	6108	0.61	0	9
SCAF_798_region	10012	6108	0.61	0	9
SCAF_799	9978	15784	1.58	0	10
SCAF_799_region	9978	15784	1.58	0	10
SCAF_800	9947	49796	5.01	0	105
SCAF_800_region	9947	49796	5.01	0	105
SCAF_801	9941	1591	0.16	0	4
SCAF_801_region	9941	1591	0.16	0	4
SCAF_802	9910	976	0.10	0	2
SCAF_802_region	9910	976	0.10	0	2
SCAF_803	9879	2012	0.20	0	3
SCAF_803_region	9879	2012	0.20	0	3
SCAF_804	9861	9178	0.93	0	7
SCAF_804_region	9861	9178	0.93	0	7
SCAF_805	9859	1167	0.12	0	6
SCAF_805_region	9859	1167	0.12	0	6
SCAF_806	9855	1819	0.18	0	2
SCAF_806_region	9855	1819	0.18	0	2
SCAF_807	9792	941	0.10	0	9
SCAF_807_region	9792	941	0.10	0	9
SCAF_808	9784	1147	0.12	0	3
SCAF_808_region	9784	1147	0.12	0	3
SCAF_809	9773	6541	0.67	0	6
SCAF_809_region	9773	6541	0.67	0	6
SCAF_810	9756	1015	0.10	0	5
SCAF_810_region	9756	1015	0.10	0	5
SCAF_811	9753	42349	4.34	0	192
SCAF_811_region	9753	42349	4.34	0	192
SCAF_812	9719	1770	0.18	0	9
SCAF_812_region	9719	1770	0.18	0	9
SCAF_813	9715	7197	0.74	0	7
SCAF_813_region	9715	7197	0.74	0	7
SCAF_814	9708	16659	1.72	0	24
SCAF_814_region	9708	16659	1.72	0	24
SCAF_815	9700	6358	0.66	0	15
SCAF_815_region	9700	6358	0.66	0	15
SCAF_816	9673	6811	0.70	0	6
SCAF_816_region	9673	6811	0.70	0	6
SCAF_817	9638	3001	0.31	0	4
SCAF_817_region	9638	3001	0.31	0	4
SCAF_818	9601	21960	2.29	0	15
SCAF_818_region	9601	21960	2.29	0	15
SCAF_819	9601	1002	0.10	0	2
SCAF_819_region	9601	1002	0.10	0	2
SCAF_820	9550	605624	63.42	0	147
SCAF_820_region	9550	605624	63.42	0	147
SCAF_821	9533	7204	0.76	0	6
SCAF_821_region	9533	7204	0.76	0	6
SCAF_822	9498	6755	0.71	0	13
SCAF_822_region	9498	6755	0.71	0	13
SCAF_823	9466	1649827	174.29	0	531
SCAF_823_region	9466	1649827	174.29	0	531
SCAF_824	9457	854	0.09	0	18
SCAF_824_region	9457	854	0.09	0	18
SCAF_825	9446	3592	0.38	0	4
SCAF_825_region	9446	3592	0.38	0	4
SCAF_826	9385	15679	1.67	0	9
SCAF_826_region	9385	15679	1.67	0	9
SCAF_827	9376	12342	1.32	0	11
SCAF_827_region	9376	12342	1.32	0	11
SCAF_828	9365	442	0.05	0	5
SCAF_828_region	9365	442	0.05	0	5
SCAF_829	9320	6250	0.67	0	7
SCAF_829_region	9320	6250	0.67	0	7
SCAF_830	9303	3995	0.43	0	5
SCAF_830_region	9303	3995	0.43	0	5
SCAF_831	9295	4007	0.43	0	9
SCAF_831_region	9295	4007	0.43	0	9
SCAF_832	9282	14168	1.53	0	11
SCAF_832_region	9282	14168	1.53	0	11
SCAF_833	9263	603	0.07	0	5
SCAF_833_region	9263	603	0.07	0	5
SCAF_834	9159	286966	31.33	0	2291
SCAF_834_region	9159	286966	31.33	0	2291
SCAF_835	9159	4173	0.46	0	4
SCAF_835_region	9159	4173	0.46	0	4
SCAF_836	9157	7691	0.84	0	9
SCAF_836_region	9157	7691	0.84	0	9
SCAF_837	9095	898	0.10	0	6
SCAF_837_region	9095	898	0.10	0	6
SCAF_838	9078	17507	1.93	0	13
SCAF_838_region	9078	17507	1.93	0	13
SCAF_839	9057	14749	1.63	0	22
SCAF_839_region	9057	14749	1.63	0	22
SCAF_840	9014	2304	0.26	0	4
SCAF_840_region	9014	2304	0.26	0	4
SCAF_841	8986	20625	2.30	0	10
SCAF_841_region	8986	20625	2.30	0	10
SCAF_842	8986	2452	0.27	0	9
SCAF_842_region	8986	2452	0.27	0	9
SCAF_843	8952	270	0.03	0	1
SCAF_843_region	8952	270	0.03	0	1
SCAF_844	8935	143489	16.06	0	840
SCAF_844_region	8935	143489	16.06	0	840
SCAF_845	8927	38198	4.28	0	31
SCAF_845_region	8927	38198	4.28	0	31
SCAF_846	8908	132217	14.84	0	311
SCAF_846_region	8908	132217	14.84	0	311
SCAF_847	8868	9008	1.02	0	17
SCAF_847_region	8868	9008	1.02	0	17
SCAF_848	8867	1419	0.16	0	5
SCAF_848_region	8867	1419	0.16	0	5
SCAF_849	8825	14389	1.63	0	16
SCAF_849_region	8825	14389	1.63	0	16
SCAF_850	8771	1718	0.20	0	6
SCAF_850_region	8771	1718	0.20	0	6
SCAF_851	8703	1718	0.20	0	3
SCAF_851_region	8703	1718	0.20	0	3
SCAF_852	8695	59	0.01	0	2
SCAF_852_region	8695	59	0.01	0	2
SCAF_853	8662	81	0.01	0	1
SCAF_853_region	8662	81	0.01	0	1
SCAF_854	8634	1232	0.14	0	6
SCAF_854_region	8634	1232	0.14	0	6
SCAF_855	8630	756	0.09	0	6
SCAF_855_region	8630	756	0.09	0	6
SCAF_856	8617	1623593	188.42	0	515
SCAF_856_region	8617	1623593	188.42	0	515
SCAF_857	8469	12933	1.53	0	11
SCAF_857_region	8469	12933	1.53	0	11
SCAF_858	8431	189	0.02	0	2
SCAF_858_region	8431	189	0.02	0	2
SCAF_859	8397	2074	0.25	0	5
SCAF_859_region	8397	2074	0.25	0	5
SCAF_860	8390	1716	0.20	0	4
SCAF_860_region	8390	1716	0.20	0	4
SCAF_861	8357	691	0.08	0	3
SCAF_861_region	8357	691	0.08	0	3
SCAF_862	8342	9180259	1100.49	0	5043
SCAF_862_region	8342	9180259	1100.49	0	5043
SCAF_863	8337	1571	0.19	0	3
SCAF_863_region	8337	1571	0.19	0	3
SCAF_864	8258	6529	0.79	0	9
SCAF_864_region	8258	6529	0.79	0	9
SCAF_865	8103	3000	0.37	0	4
SCAF_865_region	8103	3000	0.37	0	4
SCAF_866	8034	1478	0.18	0	4
SCAF_866_region	8034	1478	0.18	0	4
SCAF_867	8027	9790	1.22	0	10
SCAF_867_region	8027	9790	1.22	0	10
SCAF_868	8017	4872	0.61	0	6
SCAF_868_region	8017	4872	0.61	0	6
SCAF_869	8015	883	0.11	0	5
SCAF_869_region	8015	883	0.11	0	5
SCAF_870	8015	1384	0.17	0	2
SCAF_870_region	8015	1384	0.17	0	2
SCAF_871	8000	404	0.05	0	4
SCAF_871_region	8000	404	0.05	0	4
SCAF_872	7790	4467	0.57	0	6
SCAF_872_region	7790	4467	0.57	0	6
SCAF_873	7773	646	0.08	0	4
SCAF_873_region	7773	646	0.08	0	4
SCAF_874	7763	31299	4.03	0	47
SCAF_874_region	7763	31299	4.03	0	47
SCAF_875	7721	2930	0.38	0	3
SCAF_875_region	7721	2930	0.38	0	3
SCAF_876	7701	18601	2.42	0	9
SCAF_876_region	7701	18601	2.42	0	9
SCAF_877	7680	482	0.06	0	5
SCAF_877_region	7680	482	0.06	0	5
SCAF_878	7622	9660	1.27	0	10
SCAF_878_region	7622	9660	1.27	0	10
SCAF_879	7582	2099	0.28	0	4
SCAF_879_region	7582	2099	0.28	0	4
SCAF_880	7559	15713	2.08	0	16
SCAF_880_region	7559	15713	2.08	0	16
SCAF_881	7416	87478	11.80	0	238
SCAF_881_region	7416	87478	11.80	0	238
SCAF_882	7394	10799	1.46	0	7
SCAF_882_region	7394	10799	1.46	0	7
SCAF_883	7363	5478	0.74	0	8
SCAF_883_region	7363	5478	0.74	0	8
SCAF_884	7338	2519	0.34	0	4
SCAF_884_region	7338	2519	0.34	0	4
SCAF_885	7324	1196	0.16	0	3
SCAF_885_region	7324	1196	0.16	0	3
SCAF_886	7276	817	0.11	0	2
SCAF_886_region	7276	817	0.11	0	2
SCAF_887	7242	19	0.00	0	1
SCAF_887_region	7242	19	0.00	0	1
SCAF_888	7231	1753	0.24	0	7
SCAF_888_region	7231	1753	0.24	0	7
SCAF_889	7198	631	0.09	0	9
SCAF_889_region	7198	631	0.09	0	9
SCAF_890	7142	2230	0.31	0	5
SCAF_890_region	7142	2230	0.31	0	5
SCAF_891	7028	10322	1.47	0	17
SCAF_891_region	7028	10322	1.47	0	17
SCAF_892	7025	7981	1.14	0	14
SCAF_892_region	7025	7981	1.14	0	14
SCAF_893	7015	4839	0.69	0	6
SCAF_893_region	7015	4839	0.69	0	6
SCAF_894	6958	3016	0.43	0	3
SCAF_894_region	6958	3016	0.43	0	3
SCAF_895	6948	5124	0.74	0	10
SCAF_895_region	6948	5124	0.74	0	10
SCAF_896	6829	666122	97.54	0	383
SCAF_896_region	6829	666122	97.54	0	383
SCAF_897	6804	3966	0.58	0	4
SCAF_897_region	6804	3966	0.58	0	4
SCAF_898	6754	376722	55.78	0	868
SCAF_898_region	6754	376722	55.78	0	868
SCAF_899	6732	882	0.13	0	7
SCAF_899_region	6732	882	0.13	0	7
SCAF_900	6698	7476	1.12	0	22
SCAF_900_region	6698	7476	1.12	0	22
SCAF_901	6642	241	0.04	0	2
SCAF_901_region	6642	241	0.04	0	2
SCAF_902	6588	7037	1.07	0	5
SCAF_902_region	6588	7037	1.07	0	5
SCAF_903	6549	24555	3.75	0	12
SCAF_903_region	6549	24555	3.75	0	12
SCAF_904	6496	8298	1.28	0	13
SCAF_904_region	6496	8298	1.28	0	13
SCAF_905	6483	687	0.11	0	2
SCAF_905_region	6483	687	0.11	0	2
SCAF_906	6367	433	0.07	0	2
SCAF_906_region	6367	433	0.07	0	2
SCAF_907	6367	8449	1.33	0	18
SCAF_907_region	6367	8449	1.33	0	18
SCAF_908	6228	25988	4.17	0	145
SCAF_908_region	6228	25988	4.17	0	145
SCAF_909	6173	5925	0.96	0	11
SCAF_909_region	6173	5925	0.96	0	11
SCAF_910	6170	486	0.08	0	5
SCAF_910_region	6170	486	0.08	0	5
SCAF_911	6077	4409	0.73	0	4
SCAF_911_region	6077	4409	0.73	0	4
SCAF_912	6073	12749	2.10	0	9
SCAF_912_region	6073	12749	2.10	0	9
SCAF_913	6059	1520679	250.98	0	2112
SCAF_913_region	6059	1520679	250.98	0	2112
SCAF_914	6001	2529	0.42	0	5
SCAF_914_region	6001	2529	0.42	0	5
SCAF_915	5869	335414	57.15	0	728
SCAF_915_region	5869	335414	57.15	0	728
SCAF_916	5803	1945	0.34	0	8
SCAF_916_region	5803	1945	0.34	0	8
SCAF_917	5661	8848	1.56	0	8
SCAF_917_region	5661	8848	1.56	0	8
SCAF_918	5277	10583	2.01	0	11
SCAF_918_region	5277	10583	2.01	0	11
total	51514314	3123888010	60.64	0	407806
total_region	51514314	3123888010	60.64	0	407806
