598
5000
5000
5000
5000
5000
5000
5000
5000
5000
5000
4994
5000
5000
5000
3747
4997
5000
5000
4614
4984
5000
4983
4994
4999
5000
5000
5000
5000
5000
4999
4999
5000
5000
5000
5000
5000
4999
5000
5000
4961
4995
4996
4995
5000
5000
4996
5000
4999
4998
4990
5000
4990
4977
4999
5000
5000
5000
4978
5000
5000
5000
5000
5000
5000
4941
5000
4992
5000
4926
4957
4996
5000
5000
4993
4797
5000
5000
4994
5000
4866
5000
5000
5000
5000
5000
5000
4999
4352
4991
4980
5000
5000
5000
5000
5000
5000
5000
5000
5000
5000
5000
5000
5000
4815
4946
5000
5000
5000
5000
5000
5000
4287
4670
2990
1409
3266
4900
3657
2314
4977
5000
4916
4133
4820
5000
5000
4994
4997
5000
5000
5000
5000
5000
5000
5000
5000
5000
5000
5000
5000
4971
4993
5000
4989
4997
5000
4998
4998
5000
4958
5000
4999
4994
4997
4997
5000
4626
4992
4916
4938
4912
5000
4999
4859
4991
4956
5000
5000
5000
4994
4991
5000
4978
4995
4999
4939
4896
5000
4991
4999
4922
4996
4906
5000
4900
3631
693
3954
4986
4845
5000
5000
5000
5000
4630
5000
5000
5000
5000
5000
5000
5000
5000
4994
4993
5000
4891
5000
4988
5000
4993
4983
5000
5000
5000
4996
5000
5000
4977
4998
5000
5000
5000
4997
5000
5000
4997
4999
5000
5000
4953
4988
1853
4763
4968
5000
5000
5000
4997
5000
4904
4751
4404
5000
5000
4995
4975
5000
5000
5000
4990
4998
4999
5000
5000
5000
5000
5000
5000
5000
4795
5000
4994
4861
5000
5000
4999
4018
4999
5000
5000
5000
5000
4984
4999
4987
5000
5000
5000
5000
5000
4994
5000
4981
5000
4754
3895
4963
4994
4991
4989
5000
5000
5000
5000
5000
5000
5000
4969
5000
5000
5000
5000
4996
4992
4999
4906
5000
5000
5000
4997
4999
5000
5000
4908
4999
4786
3861
4441
4928
4876
5000
5000
4959
4954
5000
5000
4996
5000
5000
4689
4925
5000
5000
5000
5000
5000
5000
4059
4219
4085
4454
3419
4952
1623
526
20
19
1253
4488
4738
4805
4722
4948
4343
4732
4660
4037
4123
4357
4856
4428
3369
2786
3077
4761
4897
4527
3772
2747
3620
2570
4931
4129
1678
1280
60
2633
401
146
852
262
2013
3424
4663
4954
4999
5000
4997
5000
5000
5000
5000
4984
4999
5000
2948
5000
5000
5000
5000
5000
5000
5000
5000
5000
5000
5000
5000
4996
4992
4912
5000
5000
5000
5000
5000
5000
5000
4927
5000
4988
5000
5000
5000
5000
4934
4997
5000
4991
5000
4997
5000
5000
4995
5000
4998
5000
5000
5000
5000
5000
4626
5000
4930
5000
4999
4865
5000
5000
5000
5000
5000
4988
4984
4945
5000
5000
5000
5000
5000
5000
5000
4941
4896
4967
4982
4585
4931
1639
1244
2307
3615
3101
2798
3229
1896
2087
4659
4923
4917
5000
4999
4962
4091
4365
4985
5000
4994
4837
5000
5000
5000
5000
4957
4994
4997
5000
5000
4999
4937
4864
3969
3771
3148
4699
4199
4671
4362
4768
4995
4994
5000
4996
4724
4957
5000
5000
5000
1352
4794
4999
4973
4997
5000
4977
5000
5000
5000
4991
5000
5000
5000
4963
4801
4935
4821
4910
4727
5000
4971
5000
5000
5000
4985
5000
5000
5000
5000
4400
4961
5000
4997
5000
5000
4626
4605
5000
4999
5000
5000
5000
5000
5000
5000
4933
4923
5000
5000
5000
5000
5000
4992
4999
4992
4999
4850
5000
5000
4863
5000
5000
5000
4985
5000
4874
4997
4992
4986
4989
4850
4864
4861
4157
5000
4625
3897
4786
4350
4922
2975
2758
3926
4411
4142
4416
4392
5000
5000
5000
4930
4977
5000
3165
4999
5000
4965
5000
5000
5000
5000
4998
4994
5000
5000
5000
5000
4562
3750
3890
4430
4574
4771
2820
93
0
3947
4452
4938
5000
4999
5000
5000
5000
4987
4109
2382
1324
4093
4748
5000
5000
5000
5000
5000
3201
4946
3901
4796
4610
4416
3953
3603
3114
1888
3277
1941
4220
2744
3946
2197
633
0
39
405
3624
4538
1465
3938
4567
4759
3429
3718
3517
3984
3599
4574
2323
4669
2763
3682
4479
4071
3631
4015
4766
1568
1257
545
0
3826
5000
4997
4982
5000
5000
4910
4976
4982
4998
4777
5000
4985
4988
4998
5000
5000
5000
4996
4993
5000
4926
5000
4998
5000
4637
5000
4999
4913
4986
153
0
38
155
26
39
19
4594
4856
4997
4341
4646
4626
3262
2798
2624
1751
1913
5000
4997
5000
4995
4968
4980
5000
4994
4906
5000
5000
5000
5000
5000
3466
3167
4962
4506
4946
3490
4857
4804
4462
4336
4677
4462
3458
4402
4982
4933
5000
5000
5000
5000
5000
5000
5000
4999
5000
5000
5000
5000
5000
4995
5000
4993
5000
4999
4989
3072
4424
4986
4940
4962
5000
5000
4999
5000
4998
4991
4999
4984
5000
5000
5000
4007
4463
4875
4567
3830
5000
5000
5000
4996
4999
5000
5000
5000
4992
4940
4996
5000
5000
5000
5000
4999
5000
4999
4998
5000
5000
5000
4999
5000
4999
5000
4999
5000
4992
4161
4944
4905
5000
4993
5000
4993
5000
5000
5000
5000
5000
5000
5000
5000
5000
5000
5000
5000
4855
5000
5000
5000
5000
5000
5000
5000
5000
5000
4920
4980
5000
5000
5000
5000
5000
4997
4999
4909
4951
5000
4958
4378
89
39
4186
4747
4781
4695
4067
4219
4952
4997
5000
5000
4962
5000
4998
5000
5000
4999
5000
5000
4979
5000
5000
5000
4994
4997
4995
5000
5000
5000
5000
4997
4973
4997
5000
4999
5000
5000
5000
5000
4999
5000
5000
5000
5000
5000
5000
5000
5000
2908
4122
4792
4948
5000
5000
5000
5000
5000
4942
4795
5000
3762
4994
4794
5000
5000
5000
5000
5000
5000
5000
4978
5000
5000
5000
5000
5000
4853
4841
5000
4999
4990
5000
5000
5000
5000
4973
4954
5000
5000
4992
4977
5000
4657
4674
4967
5000
5000
5000
5000
5000
4999
5000
5000
4999
5000
5000
5000
5000
5000
5000
5000
5000
4991
5000
5000
5000
4988
5000
4999
4998
4862
4699
4923
4999
4936
4862
4792
4973
4727
3809
4885
4994
5000
5000
4893
5000
5000
5000
4412
4352
4982
4987
4582
2779
2725
4613
4983
4958
3500
1937
3852
5000
5000
4939
4968
5000
4989
4980
4920
5000
4877
4996
5000
4933
3677
1825
2963
4159
4904
4613
3016
4699
4777
4803
4577
4287
4840
5000
5000
5000
5000
5000
5000
4961
4977
4987
4933
4481
4994
213
0
2932
4907
5000
4965
5000
4823
5000
5000
5000
5000
5000
5000
4999
4939
5000
5000
5000
5000
4952
4954
5000
5000
5000
5000
5000
5000
4993
4919
4099
4818
5000
3926
1915
4607
4765
4999
4999
5000
4978
5000
5000
5000
5000
4937
4996
4993
4990
4940
4794
4995
5000
5000
5000
5000
4998
5000
5000
4995
4999
5000
5000
4997
4997
4983
5000
4975
5000
4949
4925
5000
5000
5000
5000
4996
4970
5000
4990
5000
4999
5000
5000
4986
4893
4991
5000
5000
5000
5000
4992
5000
4876
4982
5000
5000
5000
4892
4992
4985
4688
4956
4997
5000
4999
1662
20
1005
1535
4936
4982
5000
4995
5000
5000
5000
5000
4992
4998
5000
5000
5000
5000
4999
5000
5000
4948
5000
2974
4748
4885
4992
4998
5000
4883
4471
4636
5000
4962
4352
5000
4762
5000
5000
5000
5000
5000
4998
5000
4999
4997
5000
5000
5000
5000
5000
5000
5000
5000
5000
5000
4806
4769
5000
5000
5000
4989
5000
4009
5000
5000
5000
5000
5000
5000
5000
5000
5000
4994
4981
4987
4492
4997
4994
4995
3902
4878
4598
4831
4996
4999
5000
5000
4969
5000
4997
5000
5000
4997
5000
5000
5000
5000
5000
5000
5000
5000
5000
5000
5000
4950
5000
5000
4951
5000
4997
4999
4984
4998
5000
5000
4999
5000
4989
5000
4904
4959
5000
5000
4897
4922
5000
1344
4953
3498
3608
4570
4896
3581
2103
1420
4707
4861
3309
5000
5000
5000
5000
4983
4836
4988
4991
4994
4993
4908
5000
4999
5000
4965
4855
4998
4990
1749
5000
5000
4974
5000
5000
5000
5000
5000
5000
5000
4938
5000
4998
4992
5000
5000
5000
5000
5000
4997
5000
4991
5000
5000
4988
4924
4990
4997
4744
4927
5000
4995
4915
4736
4584
4998
5000
4999
5000
5000
5000
5000
5000
4998
4999
4987
5000
5000
5000
5000
4977
4996
5000
5000
5000
5000
5000
5000
5000
5000
5000
5000
5000
5000
5000
4878
5000
4979
5000
4883
5000
5000
5000
5000
5000
5000
5000
5000
4898
5000
5000
5000
4986
4991
4934
5000
4992
5000
5000
5000
4997
4992
5000
5000
5000
4999
5000
5000
4999
4016
4513
5000
5000
3725
20
0
3228
5000
5000
5000
5000
4999
5000
5000
4991
5000
4997
4964
4780
5000
4999
5000
5000
4990
4961
4997
4965
4798
3690
4395
4264
5000
4998
4486
4960
4995
5000
5000
5000
5000
4999
5000
4952
4975
4989
4993
4362
3791
4858
4947
4980
4924
5000
5000
4999
4870
5000
4997
5000
4995
5000
4993
4957
3519
4749
5000
5000
5000
5000
4967
4929
4999
4937
5000
4563
4037
4999
5000
4388
4996
4894
4999
4921
5000
5000
4973
4998
4997
5000
5000
5000
4994
4658
4028
5000
4967
4909
4962
4994
4044
3645
4723
4994
4995
4969
4926
4997
4838
4819
5000
4939
4864
5000
5000
5000
5000
5000
4994
4989
5000
4998
4994
4912
4996
4987
4956
5000
5000
5000
4998
4983
4994
5000
5000
5000
4986
5000
5000
5000
4838
5000
5000
5000
5000
5000
5000
4721
4767
3453
3889
3271
3361
4998
5000
4951
5000
4882
4956
5000
5000
5000
5000
4638
3443
5000
5000
4997
4911
5000
4510
3494
4981
4994
4737
4979
4999
5000
4996
5000
5000
5000
4964
4992
5000
4982
4995
4378
4991
4956
5000
4943
5000
5000
5000
5000
5000
5000
5000
5000
5000
5000
4213
4867
3917
4611
4433
4871
4398
4288
4731
4976
3812
4571
4823
4268
4907
4835
4752
4801
4999
5000
5000
5000
4936
4280
3347
4565
3368
4661
4876
4962
4138
4944
5000
5000
5000
5000
5000
5000
5000
4956
4999
4976
5000
5000
5000
4992
4892
4999
4999
3899
4990
4991
5000
4995
4941
4628
5000
4980
4992
4997
5000
4910
4999
5000
4035
4050
5000
5000
5000
5000
4189
2005
2485
4631
4098
4016
4673
4864
5000
4995
4991
4984
4992
4980
5000
5000
4990
5000
4998
4999
5000
4848
4546
4940
4796
4927
4752
4855
4524
4771
5000
5000
4372
4914
2754
4959
4997
4881
5000
4779
4981
4999
5000
5000
4895
5000
5000
5000
4715
4259
4370
4959
5000
4701
4662
4962
4991
5000
4999
4980
4999
4993
4877
4997
5000
5000
5000
4995
5000
4999
4999
5000
4938
4604
4524
4738
4608
4775
4421
4967
5000
5000
5000
5000
4998
4971
4523
3902
4725
4637
4464
4158
4313
4561
4866
5000
5000
5000
4990
4996
4998
4981
4996
5000
5000
5000
5000
5000
5000
5000
5000
5000
5000
5000
5000
5000
5000
4989
4952
4994
4845
4040
3081
4461
3209
4591
4813
4811
5000
5000
5000
5000
2200
3777
4252
4999
5000
4911
4885
4756
4998
4998
5000
5000
4927
4797
4997
4994
4894
4585
4712
4376
4801
4995
4946
4941
5000
4999
5000
5000
5000
5000
5000
4948
5000
5000
5000
5000
5000
5000
4957
3856
4872
4998
4997
5000
4958
5000
4989
4999
5000
4996
4953
4994
4734
4813
4994
4299
4507
4494
4832
4859
4315
3806
5000
4881
4847
4903
4704
5000
5000
4924
4734
4704
4997
5000
4966
4984
4999
3483
4517
4991
4987
4139
2477
4440
3339
4652
4999
4983
4984
5000
4921
4996
4999
5000
5000
4907
4962
4996
5000
4982
5000
5000
5000
4997
5000
5000
5000
4994
4990
4999
5000
4948
5000
5000
5000
5000
4998
5000
4073
4978
4999
4995
5000
4996
4987
4997
5000
1243
3347
4980
4984
4998
4999
5000
4940
4822
5000
5000
4999
5000
5000
4947
5000
5000
4973
5000
5000
4903
4573
5000
4896
4898
4999
4936
4815
4974
4659
4950
5000
5000
5000
5000
4865
4848
4641
4841
4997
4999
4992
5000
5000
4997
1886
1117
4404
5000
4992
4992
4913
5000
4998
4988
4976
5000
4937
5000
4974
5000
5000
5000
5000
4877
4916
4998
4999
4994
4996
4999
4948
4939
4999
4998
5000
5000
4981
4933
5000
5000
4783
4973
4786
4956
5000
5000
4998
5000
4997
5000
4989
5000
5000
5000
5000
5000
5000
4953
4996
4997
4996
4961
5000
5000
5000
4952
4716
4981
4999
4987
4998
5000
4895
4716
5000
4991
4990
4999
4999
4783
3464
3682
5000
5000
4991
4937
4355
4737
4997
5000
4982
5000
4356
4989
4671
5000
5000
5000
5000
4954
5000
5000
5000
5000
4895
4537
4859
5000
4960
3327
2080
4053
3903
5000
5000
3410
2222
2796
4902
5000
5000
4998
4779
4231
21
2701
3023
5000
4822
4865
5000
4999
5000
4985
5000
4829
1336
5000
4657
5000
5000
4987
5000
4959
4995
4976
4999
4999
4977
4969
4998
5000
4961
4999
5000
4958
4977
4999
5000
4995
5000
4766
4780
4734
4972
5000
5000
4998
5000
5000
4994
5000
4980
5000
5000
5000
5000
5000
4922
5000
4999
4858
5000
5000
5000
5000
5000
5000
5000
5000
5000
5000
5000
5000
5000
5000
5000
5000
5000
5000
5000
5000
5000
5000
5000
5000
5000
5000
5000
4875
4898
4860
5000
4808
4963
3487
4872
4809
4913
4998
5000
5000
5000
5000
4971
5000
5000
5000
5000
5000
5000
5000
5000
5000
5000
5000
5000
5000
4996
5000
5000
4996
4994
5000
5000
5000
4794
4915
5000
5000
5000
5000
4874
4940
4992
4988
5000
4998
5000
5000
5000
5000
5000
4994
4984
5000
5000
5000
5000
4999
5000
4684
4859
5000
5000
5000
4994
3989
5000
5000
4992
5000
5000
5000
5000
4999
5000
4996
4996
5000
5000
4999
4986
2983
4997
4999
4971
4785
4999
4824
4811
4409
4265
3935
3634
3542
5000
5000
4909
4695
4993
4950
4230
3666
825
4594
4534
4195
4999
4972
5000
4999
4644
2307
3794
5000
5000
5000
4939
4999
4984
4526
3761
4052
4727
4561
4097
4551
4264
3956
3048
3307
205
4720
3985
3034
109
0
361
2445
4168
4651
4677
4768
3559
3796
3248
4115
4470
3843
3029
3090
5000
5000
5000
5000
4985
5000
5000
5000
5000
5000
4988
5000
4980
5000
4898
4949
5000
4985
5000
5000
4999
5000
4993
4998
5000
5000
4990
4855
4997
5000
5000
5000
5000
5000
5000
5000
5000
4989
4991
5000
4998
4967
5000
5000
4996
4992
5000
4999
4994
5000
4993
5000
3879
4792
4719
4954
5000
5000
5000
5000
5000
5000
5000
4938
5000
4994
4299
4997
4781
5000
5000
4948
4714
5000
5000
5000
4998
5000
5000
5000
5000
5000
5000
5000
5000
5000
5000
5000
5000
4999
5000
5000
5000
4999
4999
5000
4997
4964
4997
4996
5000
5000
5000
5000
5000
5000
5000
5000
5000
4999
4861
4922
4858
4790
4856
4458
4837
4261
4394
5000
5000
5000
5000
5000
5000
5000
5000
5000
5000
4997
4999
4997
5000
4985
5000
5000
5000
4609
4736
4498
4995
5000
4896
4858
4986
4578
4090
4142
5000
4886
4060
4593
4999
5000
5000
5000
5000
5000
5000
5000
5000
5000
5000
5000
5000
5000
5000
5000
5000
5000
5000
4974
5000
5000
5000
5000
5000
5000
5000
4986
4989
4993
5000
5000
5000
4962
5000
5000
5000
4997
4992
5000
5000
5000
4486
4799
5000
4640
5000
5000
4970
5000
5000
4997
4997
4999
5000
5000
5000
5000
5000
5000
5000
5000
5000
5000
5000
4971
5000
4983
5000
4999
4049
4551
4809
5000
5000
4518
4990
4655
4998
4413
4567
4730
4530
4753
4838
4997
3337
2143
4999
4878
4968
4937
5000
5000
5000
5000
5000
5000
5000
4997
5000
5000
4997
5000
5000
5000
5000
5000
4936
4997
4996
4995
4585
4517
5000
5000
4769
5000
5000
5000
4998
5000
5000
5000
5000
5000
5000
5000
4999
5000
4834
5000
5000
5000
4855
1309
4969
4720
4813
4710
5000
5000
5000
5000
5000
5000
5000
5000
5000
4976
4647
5000
5000
5000
5000
4995
5000
4993
4981
4999
4999
4996
4957
5000
5000
5000
5000
5000
5000
5000
5000
5000
4988
5000
5000
5000
4578
2189
4952
4987
4999
4887
4997
5000
4961
5000
5000
5000
5000
5000
5000
5000
5000
4998
4994
4993
4977
5000
5000
5000
5000
4992
5000
5000
4968
5000
4929
4211
4984
5000
5000
5000
4999
5000
5000
5000
5000
5000
5000
4935
4965
5000
5000
4988
5000
4998
4995
2156
4999
4999
5000
4999
5000
5000
5000
5000
5000
5000
4536
4680
4965
4978
4862
5000
5000
4972
4954
5000
4997
5000
4999
4986
5000
5000
5000
5000
4972
4994
5000
5000
5000
5000
4863
4996
4997
5000
5000
4885
5000
4971
5000
5000
5000
5000
5000
4972
4986
4997
4999
4923
4959
2775
4843
4943
5000
4996
4973
4981
4899
4981
4998
5000
5000
5000
5000
5000
5000
4999
4996
4999
5000
5000
4872
4611
4931
5000
5000
4775
5000
5000
4995
4978
4977
4900
4978
5000
4950
4943
3948
5000
5000
4999
5000
5000
4994
5000
4999
5000
5000
4982
4953
5000
5000
4999
4961
4999
5000
5000
4895
5000
5000
5000
5000
4926
5000
5000
5000
5000
4976
5000
4995
4999
4292
4796
4660
1884
4688
3877
4140
4855
4986
5000
4997
4642
4998
4906
4970
4939
4946
4790
4993
4606
4999
4963
5000
5000
5000
5000
5000
5000
5000
4979
4906
5000
5000
5000
5000
5000
5000
4963
4971
4996
4279
4987
4995
4982
5000
5000
5000
5000
5000
4998
4194
2955
4998
5000
5000
5000
5000
5000
4908
5000
4997
5000
4998
5000
4997
5000
5000
5000
5000
4954
5000
4881
4983
2485
4997
4964
4999
4999
4999
4981
5000
4926
4998
4863
5000
4988
4996
4976
5000
5000
4994
5000
4999
5000
4976
4041
4954
4990
4997
4999
2734
1675
1840
1553
1410
2731
2791
1709
1783
2023
2712
2053
1415
1236
2040
4887
3508
2326
3850
2070
2684
928
1249
4774
4522
3765
4280
4999
4988
4984
4943
4619
5000
4996
4722
5000
4993
5000
4998
5000
4925
4998
4944
5000
4999
5000
5000
5000
5000
5000
5000
4978
5000
5000
5000
5000
5000
5000
5000
5000
5000
5000
5000
5000
5000
5000
5000
5000
5000
5000
4806
4959
5000
5000
4885
4945
5000
5000
5000
5000
4985
4511
4836
4890
4952
4970
5000
5000
5000
5000
5000
5000
5000
5000
5000
5000
5000
5000
5000
5000
5000
5000
5000
4934
5000
5000
5000
5000
4788
5000
4982
3715
5000
5000
5000
5000
4999
5000
5000
5000
5000
5000
5000
5000
4988
5000
5000
4999
5000
5000
5000
5000
5000
4999
4998
4998
4992
5000
5000
5000
5000
5000
5000
5000
5000
4995
5000
4976
4077
4572
4562
5000
5000
5000
5000
4999
5000
5000
4989
4988
4949
5000
5000
4992
4999
5000
5000
4928
4673
5000
5000
5000
5000
5000
5000
5000
5000
4963
4928
5000
5000
5000
5000
5000
4996
5000
5000
4996
5000
4985
4982
5000
5000
5000
5000
5000
5000
5000
4998
4990
4908
3157
4514
4828
1250
4300
5000
5000
4929
4997
4974
1030
3501
4994
4991
4999
4837
4754
4997
4909
4829
4851
5000
5000
4959
4984
4978
4933
4333
4777
4996
4998
4810
4870
5000
5000
4709
4362
5000
5000
5000
5000
5000
5000
5000
4969
4814
4618
3573
3872
4932
4928
5000
5000
5000
5000
5000
5000
5000
4521
4672
4561
3881
4729
3655
4362
5000
4862
4970
4819
5000
5000
5000
5000
5000
4997
5000
4622
5000
5000
4997
5000
4987
4600
5000
5000
5000
5000
5000
5000
5000
5000
5000
5000
5000
4992
4615
5000
5000
5000
5000
5000
5000
4923
4908
4958
5000
5000
4934
4944
4928
4999
5000
4966
5000
5000
4999
5000
5000
5000
5000
5000
5000
5000
5000
5000
5000
4999
5000
5000
4805
4789
4719
4736
5000
4844
5000
5000
4836
4980
4909
4979
4978
4947
5000
5000
5000
5000
5000
5000
4992
5000
5000
5000
4999
5000
5000
5000
5000
5000
4999
5000
5000
4992
5000
5000
4999
5000
4990
5000
4945
5000
5000
5000
5000
5000
5000
5000
4993
4941
4874
4999
4986
4821
5000
5000
5000
5000
5000
4990
5000
4763
5000
4903
4904
4989
4939
4997
4963
4874
4682
4950
5000
4948
4967
5000
4988
4999
4969
4999
4998
4996
4999
4976
4994
5000
5000
4881
4923
4999
4990
4999
4975
4998
5000
5000
5000
5000
5000
5000
5000
5000
5000
5000
5000
5000
4924
4849
4994
5000
5000
4988
5000
4911
4999
4868
5000
4987
3715
4916
4981
5000
4980
5000
5000
4999
4931
5000
4903
4633
4367
4579
4998
4998
4998
4982
4646
5000
5000
5000
5000
4999
5000
5000
5000
5000
5000
5000
4770
4966
5000
5000
5000
4847
5000
5000
5000
5000
5000
5000
5000
5000
5000
5000
5000
5000
5000
5000
5000
5000
5000
5000
4923
4957
4985
5000
5000
5000
5000
5000
5000
4485
4100
198
4969
5000
5000
5000
5000
5000
4971
5000
5000
5000
5000
5000
5000
4982
4997
5000
5000
4982
5000
5000
4998
4962
4999
5000
5000
4997
5000
5000
4999
4998
4948
5000
4999
4980
5000
5000
4994
5000
5000
4778
5000
5000
5000
4993
5000
5000
5000
5000
5000
4945
4999
4991
4746
4195
4998
5000
4974
2901
4505
4999
4975
4999
4985
4999
5000
5000
4954
4316
3414
4608
4533
3933
5000
4996
5000
4779
5000
5000
5000
5000
5000
5000
5000
4863
4604
4535
4475
4923
4699
5000
5000
5000
5000
5000
5000
4970
4889
2045
4378
4214
4999
4999
4848
4223
4306
4336
4325
4777
4313
3529
3990
4262
4276
4282
4826
4680
4536
4999
4992
4963
4956
5000
5000
4822
4996
5000
5000
4441
4910
4996
4235
4716
5000
5000
2975
4253
4994
4956
5000
5000
5000
5000
5000
5000
4980
4999
4994
4999
4989
4813
4992
4984
4997
4973
4999
5000
5000
4996
4928
4891
5000
5000
830
3511
5000
4998
4907
4984
4981
4926
4984
4601
4258
4884
5000
4975
4860
5000
4990
4999
5000
5000
4967
4821
3734
4832
5000
4999
5000
5000
5000
5000
5000
5000
5000
5000
5000
5000
5000
4926
5000
5000
4994
5000
4999
5000
5000
5000
5000
5000
4796
5000
5000
4802
4853
4885
4915
4992
4873
4996
4995
4995
4996
4992
5000
5000
5000
5000
5000
5000
5000
4999
5000
5000
4974
5000
4945
4999
4996
4971
5000
4999
5000
5000
4990
4998
4965
4990
5000
4998
4999
4998
4920
4992
5000
5000
5000
5000
4995
4980
4997
5000
4907
4998
5000
5000
4999
5000
5000
5000
5000
5000
4944
5000
4978
5000
5000
5000
5000
5000
4976
4967
5000
5000
4993
4998
4999
4918
5000
4850
5000
5000
4999
5000
5000
4996
4970
5000
4873
5000
4962
4882
4897
5000
5000
4997
5000
4997
4996
4997
4999
5000
5000
5000
4999
5000
4930
5000
5000
5000
5000
5000
5000
5000
5000
5000
5000
5000
5000
5000
5000
5000
5000
5000
5000
5000
5000
5000
5000
5000
5000
4998
5000
5000
5000
5000
5000
5000
5000
5000
5000
4981
5000
5000
5000
5000
5000
5000
5000
5000
5000
4535
4864
4301
3937
4812
4021
4546
4054
4727
4905
4978
4999
5000
5000
5000
5000
5000
5000
5000
5000
5000
5000
5000
5000
5000
5000
5000
5000
5000
5000
5000
5000
4996
4854
5000
5000
5000
4945
5000
5000
5000
4497
4941
4984
4990
5000
4857
5000
5000
5000
4999
4998
4998
4988
4991
4998
5000
5000
5000
4927
5000
5000
5000
4986
5000
5000
5000
5000
4831
4999
5000
4981
5000
4841
5000
5000
5000
5000
4981
4997
4818
4984
4977
4995
4983
4999
4884
4999
4996
5000
5000
5000
5000
5000
5000
5000
5000
5000
5000
5000
5000
5000
5000
5000
4999
5000
4958
5000
5000
5000
5000
4999
5000
5000
5000
5000
4988
4638
5000
5000
4985
4779
4915
4995
5000
4995
5000
4998
5000
5000
4999
5000
1889
4779
4402
4544
4835
4904
4912
4996
4974
5000
4959
4353
4801
5000
4999
5000
4990
4977
5000
5000
5000
5000
5000
4997
4976
4998
4990
5000
5000
4605
5000
5000
5000
5000
5000
5000
5000
5000
5000
5000
3945
4688
4712
2389
4110
2125
1278
719
4710
2797
588
2831
4282
4194
4152
2649
3551
3345
3846
5000
1886
3429
4468
4920
4863
5000
5000
5000
4807
4628
5000
5000
5000
5000
5000
5000
5000
5000
5000
5000
4562
2837
3748
4515
970
4810
4904
4999
4872
4998
4996
4921
4999
4999
4999
4855
4837
2837
106
3526
3753
4869
4774
4643
4812
1668
2953
4010
5000
5000
5000
5000
4977
5000
5000
4537
4946
4939
4955
4194
4997
4998
4995
5000
5000
5000
5000
5000
5000
4987
4985
4991
4655
4397
4387
4921
4857
5000
5000
5000
4861
4998
4994
5000
4996
4998
5000
5000
4980
4994
4938
4996
3907
4968
5000
4974
4669
4063
4879
5000
4559
4994
4999
4999
4895
5000
4952
4996
4861
4990
4053
4499
5000
4865
2850
4449
4993
5000
4989
4988
4940
4411
4611
4939
4889
4999
5000
4998
4866
5000
4999
5000
5000
4956
5000
5000
4993
5000
4860
5000
5000
4995
5000
4979
4636
5000
4969
5000
4876
4999
4993
5000
5000
4995
4899
4979
5000
4947
5000
5000
5000
4895
4733
4999
5000
5000
4955
4983
4919
5000
4999
5000
5000
5000
5000
4999
5000
4998
5000
5000
5000
5000
5000
4972
4997
5000
5000
4961
4386
5000
5000
5000
4987
5000
5000
5000
4971
5000
5000
4977
5000
5000
5000
5000
5000
5000
5000
5000
5000
4968
4839
4963
5000
4997
4997
4970
5000
4992
5000
4766
4944
4810
5000
5000
4978
4989
4990
5000
4998
5000
5000
5000
4979
4998
4993
4993
4871
5000
5000
4994
4894
4992
4866
5000
5000
5000
5000
4459
4986
4997
5000
4999
4998
4989
5000
5000
4965
4792
5000
5000
5000
5000
5000
5000
5000
4997
4992
4962
4996
4988
5000
5000
4998
4999
4991
4949
4838
4738
5000
5000
4927
4997
4989
5000
4999
4959
4999
4999
5000
5000
5000
5000
5000
5000
4997
4994
5000
4989
4912
4799
1531
4489
4985
5000
5000
4995
5000
5000
4993
4992
5000
4998
5000
5000
4991
4998
5000
4993
5000
5000
4997
5000
5000
5000
4994
2164
4454
2263
2540
4999
4850
1738
2928
4765
2200
5000
5000
4993
4997
4997
5000
4948
5000
5000
5000
4978
4992
4300
4889
4998
4744
4970
4967
4997
4999
4879
4999
5000
5000
5000
5000
5000
5000
5000
5000
4956
4917
4964
3152
4890
4176
3407
4120
4658
4083
5000
4999
5000
5000
4944
5000
4985
4926
5000
5000
5000
5000
4997
5000
5000
5000
4969
4968
4709
4632
3702
4818
4952
5000
5000
5000
5000
5000
5000
4992
5000
5000
5000
5000
5000
4988
4258
4992
5000
5000
5000
5000
4999
5000
5000
5000
5000
4997
4990
5000
5000
5000
4931
4971
4992
4970
4935
4989
4969
4907
5000
4988
2336
2283
4991
5000
5000
5000
4992
4950
4995
4981
4974
5000
5000
5000
4999
4926
5000
4954
4770
4337
4090
4331
4354
3238
4906
4913
4179
4819
4992
4839
4474
4808
4990
4596
4691
4765
4888
4359
2968
4403
4983
5000
5000
5000
5000
5000
4988
5000
4712
5000
5000
4998
5000
5000
4989
4997
4999
5000
4946
4930
5000
4999
4603
4996
4646
2594
4999
5000
4833
4869
4271
4156
4999
5000
5000
4929
4996
4995
4980
5000
5000
4930
5000
5000
5000
5000
5000
5000
4997
4852
5000
5000
5000
4992
4980
5000
5000
5000
4991
4999
4998
2106
477
4809
3402
4985
4989
4133
4652
4791
4580
4676
4563
4703
4464
4295
4590
4198
5000
4993
3103
4901
4994
4932
4986
4997
5000
5000
4773
4994
4979
4996
5000
4998
4974
4999
4995
5000
4992
2109
3329
4981
4960
4921
4656
2150
4989
4999
4862
4893
5000
4885
5000
4998
5000
5000
4041
4167
4169
5000
4664
4357
4656
4952
4415
4637
5000
5000
4998
5000
5000
5000
4950
4896
4999
4936
4743
4873
5000
4876
4808
4408
4919
5000
5000
5000
5000
4986
4997
3262
728
3330
4941
4902
2147
40
2182
4990
4986
1569
19
0
168
0
39
4089
2472
2660
4991
4994
5000
4995
4986
4999
5000
4447
353
4294
4518
4901
3241
4537
3158
4549
3715
3753
5000
4998
4973
4991
5000
5000
4904
4998
5000
4978
4976
4813
4970
5000
4832
3940
5000
4997
5000
4991
4996
5000
4985
5000
5000
5000
4999
4999
5000
4998
4954
5000
5000
4995
3997
2392
4864
4117
4807
2282
3547
4768
2858
4576
3435
4775
5000
4974
4380
4465
4596
4646
4346
3204
4438
2404
4260
238
4611
2798
3319
2069
2865
3822
4125
4412
4273
3737
4852
4143
4573
4986
4584
4883
4998
5000
5000
5000
5000
5000
4708
4695
4652
4446
4569
4785
5000
5000
5000
4991
5000
5000
5000
4989
4998
4987
5000
5000
4999
4996
4999
4999
5000
4982
4965
4985
4991
5000
5000
4984
4995
3154
2533
164
4683
4975
4217
5000
4996
4931
4988
4254
5000
3196
4995
4477
4997
4999
5000
5000
5000
5000
4999
4156
4869
4983
4920
4907
4797
4099
5000
4972
4974
4983
4939
5000
5000
4989
4997
4913
4995
4855
4992
4997
4999
4999
4994
5000
5000
5000
4997
5000
5000
4999
4997
4996
4926
4903
5000
4946
4999
4997
5000
4999
4994
5000
5000
4999
4948
4990
4916
4985
4992
5000
4860
4252
5000
4933
4856
5000
5000
4967
4998
5000
5000
5000
4973
5000
5000
4995
5000
4981
5000
3377
4847
5000
4998
4979
4651
4927
4994
4999
4955
4998
4997
3655
507
5000
4956
5000
4966
4999
4985
4989
5000
5000
5000
5000
5000
5000
5000
5000
4942
5000
4976
4710
5000
5000
5000
5000
5000
5000
5000
5000
4990
4997
5000
4995
4998
4999
4964
5000
4996
5000
5000
4937
4999
4982
4994
5000
4967
4903
4761
4947
4990
4992
4619
4977
4996
4992
4965
5000
5000
5000
4834
4541
4987
4995
4980
5000
4988
4919
4999
4999
5000
5000
5000
5000
5000
5000
5000
4623
4960
4999
5000
4622
4874
5000
5000
4913
4606
5000
4948
4993
4999
4261
4974
5000
4998
4994
4949
4987
4660
4986
4991
4987
4999
4355
4934
4999
4771
5000
4987
4766
4239
4946
3074
4459
1103
4901
3127
4128
4523
4548
4900
4366
4662
4994
5000
4980
5000
5000
4862
5000
4999
5000
5000
5000
4931
4989
4999
5000
4999
5000
5000
5000
5000
4526
4337
4860
4868
4566
4972
5000
4998
4978
5000
5000
5000
5000
5000
4977
4964
5000
5000
5000
4999
4997
4993
4991
5000
4960
5000
4968
4979
4814
5000
5000
5000
5000
5000
5000
5000
5000
3613
4983
5000
4860
4994
4987
5000
4995
5000
3790
4862
5000
5000
4998
4983
4991
4891
4990
4996
4997
4999
4083
4821
4929
4973
5000
4730
3396
5000
4981
5000
4997
5000
4994
4969
4994
4987
4959
4984
4930
5000
4835
5000
4998
5000
5000
5000
5000
5000
3822
3536
3534
4760
4035
2041
5000
5000
4999
5000
4887
5000
5000
5000
5000
5000
4991
4991
4982
4996
5000
4998
5000
5000
4999
5000
5000
5000
5000
5000
5000
5000
5000
5000
5000
5000
5000
5000
5000
4998
5000
4923
4999
5000
5000
5000
4137
2610
4384
5000
5000
5000
4954
4420
5000
5000
4998
5000
5000
5000
5000
5000
4999
2098
2912
5000
5000
5000
5000
4397
4691
4974
4998
4977
5000
5000
5000
5000
5000
5000
5000
4999
4999
5000
4922
5000
5000
5000
5000
5000
4713
4239
3938
4708
5000
4971
4615
4870
5000
4996
5000
4919
4909
1464
4982
2391
4104
4151
5000
4999
4997
5000
5000
4949
4999
4998
5000
5000
5000
5000
4744
5000
4596
5000
5000
4875
4993
5000
4980
5000
4938
5000
5000
5000
5000
5000
5000
5000
5000
5000
5000
5000
5000
5000
5000
5000
5000
5000
5000
5000
5000
5000
5000
5000
5000
4988
4937
1489
4933
4993
4999
4918
5000
4964
4908
4990
4485
4997
5000
5000
4974
4999
4996
4421
3430
3779
4357
4999
5000
4971
5000
4794
4996
4898
5000
4999
5000
4582
4996
4905
4918
5000
5000
5000
4990
4999
5000
5000
5000
4975
758
4991
5000
5000
5000
5000
4986
5000
4907
4992
4782
4999
4984
4995
4309
1248
2911
3281
5000
5000
5000
4995
5000
5000
5000
5000
5000
5000
4112
4462
4625
4999
5000
4999
5000
5000
4999
5000
5000
5000
5000
5000
5000
5000
5000
5000
5000
5000
4873
4938
4998
4743
4977
5000
4927
5000
5000
4991
4980
4990
5000
5000
4993
4987
5000
4962
3085
3461
4960
4794
4965
4993
4996
4978
5000
5000
5000
4974
4978
4893
5000
5000
5000
5000
5000
5000
4994
5000
5000
5000
4995
4937
4973
4964
5000
5000
5000
5000
4975
4348
4683
4026
3596
3371
4875
3199
3613
3371
3260
4839
4984
5000
5000
5000
5000
5000
4996
5000
4993
4980
5000
5000
4999
4999
5000
5000
4972
5000
4993
5000
4984
4972
5000
3513
5000
4999
5000
5000
5000
5000
4996
4999
5000
5000
5000
4997
5000
5000
5000
4997
4988
4997
5000
5000
4999
4997
4988
5000
4994
4983
4995
4999
4883
5000
5000
4991
5000
4994
5000
5000
5000
5000
4998
4848
5000
4994
5000
5000
5000
4954
4944
4998
5000
4927
5000
5000
5000
5000
5000
5000
5000
5000
4793
4936
5000
5000
4991
5000
4984
4613
5000
5000
5000
4984
5000
4950
5000
5000
5000
5000
5000
4987
5000
5000
5000
5000
5000
5000
5000
5000
4887
5000
5000
5000
4942
4999
5000
4845
4797
4849
4994
5000
5000
4990
4977
4999
4970
4993
4998
5000
4968
3956
5000
4999
5000
5000
5000
5000
5000
5000
5000
5000
4786
4990
5000
4999
5000
4712
4753
3201
4903
5000
4804
4817
5000
5000
4997
4989
4824
4428
4800
5000
5000
4280
4997
4975
4978
5000
4989
4244
4985
4999
5000
5000
5000
5000
4772
4679
2088
4999
5000
5000
5000
5000
5000
4999
4991
4996
4499
4999
4855
2649
5000
5000
5000
3424
4887
5000
4971
4998
5000
5000
5000
4997
5000
4477
3634
4912
4993
4994
5000
5000
4937
4974
5000
4999
5000
5000
4997
5000
4994
4993
5000
4984
3575
4566
4993
5000
5000
5000
5000
5000
5000
5000
5000
5000
4963
4757
4561
3751
2418
1302
40
3381
4741
4302
4986
4328
4096
4811
5000
4996
5000
5000
5000
5000
5000
5000
5000
4999
4999
5000
5000
4986
5000
5000
5000
5000
5000
5000
5000
5000
5000
5000
5000
5000
5000
5000
5000
5000
4984
4991
5000
4998
5000
4994
4927
4995
4998
4986
5000
5000
4998
4996
4760
4748
4935
4954
5000
4991
4913
4922
4960
4997
4996
4818
5000
4999
4996
4996
4705
4534
4528
4738
4944
4791
4370
4483
4310
4982
4988
4996
4995
4997
5000
5000
5000
4999
4999
4991
4967
4947
4300
4981
5000
4998
4826
4896
4997
4971
4925
4996
4995
3724
4814
4997
4997
4999
5000
4956
5000
5000
5000
4541
2948
5000
5000
5000
5000
4998
4922
4772
299
670
0
0
1553
2458
4759
4818
4409
2695
4875
5000
3115
4919
4975
4313
4809
5000
4589
4979
4996
5000
4868
4980
4999
4891
4636
4435
4583
4715
4768
4871
5000
5000
5000
5000
5000
5000
5000
5000
5000
5000
5000
5000
5000
5000
5000
5000
5000
5000
5000
5000
5000
5000
5000
5000
5000
5000
5000
5000
5000
5000
5000
4991
5000
4999
5000
5000
3523
3388
5000
5000
5000
5000
5000
5000
5000
5000
5000
5000
5000
5000
5000
5000
5000
5000
5000
5000
5000
5000
5000
5000
3954
5000
5000
5000
5000
5000
5000
4999
5000
5000
5000
5000
5000
5000
5000
5000
5000
5000
5000
5000
5000
5000
5000
5000
5000
5000
5000
5000
5000
5000
5000
5000
5000
5000
5000
5000
5000
4410
4560
5000
3301
4845
1100
575
70
43
21
972
283
979
92
836
193
135
3025
445
112
70
39
104
0
109
0
493
49
541
757
124
1014
21
473
39
21
1042
75
417
273
370
19
127
2737
1090
79
40
80
148
0
20
81
152
299
4201
4772
4997
3543
3128
3316
2709
4996
1872
1597
2318
4733
4240
2791
4025
3267
4978
2932
1475
4084
4934
4753
4297
5000
4803
4799
3527
5000
5000
4376
4173
4794
4668
4688
4986
4944
4982
5000
4980
4999
5000
4990
4949
4978
4905
933
411
796
3951
2942
3497
3457
3249
2402
489
1610
1248
627
2293
2628
1075
1906
999
273
741
510
2183
3232
506
284
19
62
1848
2496
312
1496
462
1463
2201
265
1836
337
4985
5000
5000
5000
5000
4951
4827
5000
4729
4933
5000
4789
4773
4503
4355
4953
4961
5000
4857
4999
4923
4908
3679
4994
5000
4978
4934
3849
2022
1757
4834
5000
5000
4996
4992
1395
4718
4971
3076
4874
2660
4166
5000
4186
4539
3278
3784
2448
1770
4271
3140
614
1678
2333
2290
2816
4992
3206
3163
224
374
19
0
1114
993
1073
2218
358
0
4917
3858
2766
4251
3660
1574
3555
2067
2676
1528
559
727
941
1063
2245
1220
3181
0
91
136
20
1385
1042
0
2066
1289
1128
1144
4990
5000
5000
4965
4796
4470
4963
4959
5000
4990
4075
5000
4937
4996
4976
4264
4694
4979
3384
2762
1103
2827
3820
3309
2242
1866
1091
4957
5000
4990
3129
4174
5000
5000
4885
5000
5000
4543
5000
5000
2193
1140
3154
5000
838
2971
4308
3675
4971
4935
3744
4527
4944
124
1533
3209
4964
4936
4525
5000
5000
5000
4998
4965
5000
4952
5000
4956
4999
5000
4846
4900
4959
4982
5000
5000
4999
4894
1549
4975
3703
4966
5000
4614
3110
3530
1604
1128
2802
4989
4924
4976
3167
4945
4874
5000
5000
5000
3909
4570
4402
4907
2381
4944
4993
4921
3754
4916
4952
4908
4771
4961
4697
3621
2530
4594
4267
4998
4989
3932
4645
4951
5000
4935
4995
4985
875
4995
5000
4977
4986
4970
4897
5000
4169
4993
4947
5000
4971
5000
3758
5000
3807
1656
2752
2353
4638
5000
4977
3619
66
4601
3510
2540
5000
5000
4965
5000
4955
4965
4371
4101
4959
4993
5000
5000
4656
4572
3006
3906
4514
2927
3212
2019
4529
3953
863
3823
3933
3163
2832
2245
2682
1452
4448
0
188
40
417
1114
4631
1574
1679
4146
3416
2262
0
1918
4453
3381
1394
1781
1782
1744
1595
528
1374
2060
4199
3220
1859
2738
3955
2920
3891
2000
2092
1853
1034
4773
653
3809
4998
4993
4838
5000
5000
5000
5000
4999
5000
5000
5000
5000
5000
5000
4976
5000
4272
4372
3174
2602
2551
1560
81
150
19
226
0
1020
406
39
1005
1928
19
40
0
19
0
21
362
38
19
0
841
520
418
20
19
141
49
98
260
42
106
1254
19
397
130
24
165
242
259
130
0
130
3139
1876
20
60
0
52
464
255
189
56
602
0
0
185
69
80
21
300
248
114
4973
4957
5000
4927
5000
4987
4999
4863
5000
4997
4770
4801
4996
5000
4987
4981
5000
5000
4859
2691
4866
4917
4754
4917
4977
4896
4999
4997
5000
5000
3680
4963
5000
5000
5000
4914
4850
4988
4997
2839
727
3927
5000
5000
4999
5000
5000
5000
5000
5000
4998
4999
4999
5000
5000
5000
5000
5000
5000
704
2698
1202
4640
4563
2284
2050
2940
1593
3192
4753
4837
4939
5000
4383
2770
2851
3906
5000
4423
673
2369
2894
4947
4987
4408
5000
5000
3504
3525
3736
4654
4794
4998
4028
3463
3566
1890
450
4874
4497
4911
5000
5000
4985
4998
4271
3684
3940
391
2025
4783
4997
5000
5000
4989
4099
128
0
57
19
235
937
4995
5000
4995
4000
4303
5000
5000
4959
4883
4657
4968
3175
4847
4966
4858
4961
3937
4204
4548
5000
4999
4982
5000
4983
5000
4257
3011
3968
3232
76
4786
4977
5000
4997
4828
5000
3732
670
2138
5000
5000
4880
4561
4589
4788
3505
25
3446
4625
3736
5000
2885
3734
4220
3601
5000
5000
4886
3397
1618
810
4232
1985
3196
5000
4997
4965
4941
2396
5000
4998
4909
5000
5000
4986
4897
4995
4947
1682
256
181
117
20
40
0
20
3032
806
20
3320
197
19
75
106
0
3089
3410
2654
2944
3507
2793
3770
2599
3154
3042
3968
3018
2825
2551
1700
5000
4997
5000
5000
5000
5000
5000
5000
4974
5000
4415
4908
5000
4929
1727
4987
5000
5000
5000
3669
4929
4999
4998
5000
3147
4787
4982
4909
4485
166
4999
4335
4991
5000
5000
5000
5000
4981
4999
5000
4934
4948
4991
4623
123
0
0
0
19
19
106
19
0
0
217
38
149
214
4999
5000
4925
5000
4999
5000
4986
5000
3379
3837
4919
5000
3752
3206
2214
4847
4362
895
2614
4020
4851
4369
3924
1558
2315
2638
4494
1617
5000
4898
2718
2617
2778
2099
1004
2294
2896
3050
1242
4080
5000
1855
4943
4870
3061
2187
1858
2261
3500
4170
4897
3896
4399
1202
1073
0
2558
2090
4269
3192
66
951
1219
4508
4822
2841
4202
4882
4989
267
3679
5000
4915
4915
5000
700
1807
3863
4966
4956
4990
4987
3096
114
3746
2914
2111
3232
2942
3960
2111
2371
3304
2671
2253
3111
1009
237
119
1295
521
2700
1864
2144
830
244
168
38
38
300
1890
1880
2262
1868
1207
2120
1573
2720
1271
2888
2254
1195
921
4494
4881
4499
2481
1440
4226
3806
4985
2848
2555
2213
2144
1026
1715
410
246
1246
1229
2294
448
281
1023
254
19
742
0
4540
5000
5000
5000
4990
4988
4992
4999
4995
5000
5000
4826
1074
76
19
20
0
90
19
71
0
20
39
0
38
4997
4956
4966
4943
4924
5000
4947
4997
4984
4963
4969
4735
21
0
665
29
152
109
468
20
0
509
207
20
4929
3634
1711
1552
1140
575
1031
635
228
3162
4895
925
0
207
0
61
19
58
63
120
1986
465
132
20
4027
3609
2954
1905
1581
4397
5000
4456
4035
2807
1636
996
0
25
22
1343
110
99
66
1421
556
479
19
0
1748
1866
1580
2138
1239
1459
1910
2276
1746
802
2258
710
4997
4968
5000
5000
4999
4985
4983
4987
4945
5000
4995
722
4995
5000
4954
4976
3679
5000
5000
4984
5000
4983
4985
594
3727
3427
2943
2413
2860
2880
3046
1736
2337
2201
3146
2001
2283
2763
3211
1924
1003
876
2919
3007
2818
1026
4560
4612
4915
3502
5000
5000
4922
5000
4996
4952
2047
4964
3772
2079
2001
2719
703
3107
4878
4997
4906
1185
1184
0
3106
3994
4353
5000
4476
4929
4898
5000
364
576
1286
605
519
897
326
445
1733
2693
1255
0
4903
4982
4893
5000
4956
4987
4999
4451
5000
4366
2581
2384
3616
2894
2913
1705
3251
4451
3810
1936
5000
4916
4805
5000
5000
4997
4981
4950
4992
3904
1028
3236
2847
2830
2705
2461
4021
1683
2729
1680
4986
5000
5000
5000
4997
5000
4997
4888
4779
3538
3671
3081
2497
585
2504
2565
2977
2962
2968
2864
2413
2200
624
1937
1903
2216
3450
3091
2161
1302
4997
5000
4992
4970
5000
5000
4982
5000
3926
1323
2763
4354
5000
5000
4994
5000
5000
4912
4903
1958
4548
4973
4976
4976
4996
1623
4887
4848
4880
1800
1814
1549
3047
2433
1310
2638
3013
3064
1626
568
3890
3981
3024
4426
5000
5000
5000
4951
3508
1456
2633
2035
1751
1510
1072
3074
2282
1125
1354
351
4922
3941
5000
5000
5000
5000
5000
5000
4525
4996
5000
5000
5000
4793
4990
4997
5000
4454
1686
716
729
1123
2883
3261
2343
1134
1740
2719
2249
1522
1175
3900
3595
1913
2057
2263
2551
3196
2994
2193
3607
1887
2493
3942
2339
2221
1938
3438
3534
4788
711
1945
3138
2339
3146
1084
4889
4243
3579
3268
3952
4975
3015
1146
1707
1385
1836
3494
2366
1056
42
21
684
1504
59
2174
2391
4543
4983
4994
2154
1894
2441
1893
2421
1679
3206
2437
2768
804
4929
5000
5000
4991
4897
4997
5000
3635
1470
4998
4202
5000
4950
4252
5000
4885
4287
1262
1898
383
1299
1052
1498
2106
401
1820
363
2544
1227
378
2051
1856
1536
2186
1020
480
4579
4914
4350
4294
3948
2547
1297
2539
78
4322
4798
4895
4951
5000
5000
4279
3974
689
3248
3302
2624
816
1029
2485
3678
879
26
68
507
2561
746
2848
3151
2717
1291
682
1951
1245
1885
1846
20
861
1151
3744
4748
3719
2574
2232
4503
1509
2250
1659
1909
1796
2047
1432
1046
594
796
4660
4480
4418
5000
4365
4436
4985
3466
2533
1836
1640
1443
1503
3188
2174
1162
1946
1745
3892
2506
2270
1861
1481
2201
1347
2398
3954
2045
24
2117
3365
0
3667
2794
2064
3498
2936
2369
2462
2095
4643
4990
4522
4874
5000
4999
4768
1471
3326
3219
3505
4919
5000
5000
5000
2541
4998
4995
4983
5000
2644
1498
3541
142
3870
4848
1342
3179
5000
4736
4694
2078
4999
5000
5000
1138
3589
5000
4445
1683
889
0
58
114
204
595
1491
846
3150
2623
2989
3871
2644
2857
3531
1825
103
0
39
0
607
380
0
0
2295
1805
1807
2382
353
1471
2400
520
3229
2433
2909
1662
2673
2314
1160
610
4988
5000
4991
5000
3890
4455
4745
1444
5000
4958
5000
5000
4982
4961
4992
1066
4987
4906
4981
5000
4998
5000
4765
736
4999
4995
4433
5000
4925
3916
4154
619
0
0
209
1587
1355
27
877
181
2291
2781
2538
3496
2691
2960
4010
113
5000
5000
4997
5000
5000
5000
5000
111
2052
4893
4917
4941
4063
1890
700
0
2944
2746
2671
3525
2942
2521
3525
4354
4833
4930
4992
4998
5000
4898
1340
917
1276
1310
562
1234
1855
4995
4882
4999
4906
4800
4520
4579
5000
5000
5000
4888
4766
4945
3655
4660
4990
5000
5000
3625
4120
3658
0
21
2511
1478
442
57
398
4827
4485
4991
5000
4990
5000
4431
3905
2574
2689
3044
3603
3241
2352
1094
1231
1866
2252
1547
1775
353
2747
1994
4945
2632
2772
1986
2793
5000
2305
2788
2786
5000
4966
3591
4636
1325
3393
5000
4999
4927
3462
3189
925
2700
4192
2843
3013
2299
4907
5000
4969
412
3942
4741
2941
127
20
1644
3117
103
338
907
4977
4903
4867
5000
4802
4733
3244
2778
3613
3763
3301
2644
2501
1635
1974
2645
2304
3414
3922
2378
1173
2332
644
1598
2464
2246
1257
855
3895
4483
4924
5000
5000
5000
3120
4997
4928
4855
4868
4998
4961
2718
4741
4929
4874
4999
4902
4992
2545
830
81
1326
829
1123
442
375
1568
1192
1591
1045
1437
1148
565
2087
1302
1411
1742
1945
1224
227
2695
1575
2440
2271
1987
1819
461
5000
4991
5000
4988
5000
4577
1928
2486
2988
1718
1756
884
3072
593
2355
2810
2720
2373
2348
3380
922
4693
4856
5000
4973
5000
5000
1626
1461
965
677
86
1008
1724
551
3619
2922
2474
1413
3028
1356
171
2389
1769
1886
3377
1338
1929
463
3760
3746
3316
3075
3203
2621
1009
1157
896
793
788
406
1031
0
4678
4550
5000
4999
4991
4796
0
554
76
40
924
697
19
65
2018
1976
1268
2035
1996
2815
73
4627
5000
4772
5000
4984
4994
738
2282
921
300
365
164
390
0
1022
2304
1360
558
2584
4242
163
2771
3487
2862
3906
1911
3646
41
1195
276
973
1233
1819
1607
0
2520
1100
2475
2981
2001
1066
104
2736
2250
2141
684
2328
2981
113
4166
2345
1370
1071
3435
3646
71
4995
4531
4736
4261
4759
3495
32
45
2216
789
1952
656
137
5
156
965
1217
254
22
0
4854
1159
996
344
0
40
1455
240
1098
1823
2292
1553
3957
3444
2169
821
48
1032
4848
4936
5000
4950
4993
4319
1197
2182
979
2285
2872
2052
4999
4994
4968
4942
4996
4212
1219
1013
1014
1877
2280
2688
4038
5000
4929
4146
4652
3652
1949
629
1147
1843
252
63
4136
4961
3054
4008
2006
3247
2071
1924
2620
1552
2626
715
1865
1002
1309
1722
1545
2046
3347
2320
1447
2230
2901
1585
4582
4929
4792
4868
4948
2784
0
2006
0
38
0
1418
2089
1504
1197
2159
2244
1502
1795
1292
1386
621
1251
713
2079
2241
969
912
2079
1436
3397
3400
3265
2976
3904
1807
4885
4919
4697
4686
4872
3149
2279
2847
3162
2130
2575
1232
1550
1236
703
466
384
591
4949
5000
4992
4997
4999
2943
4097
4813
4464
5000
4999
2920
408
1451
2729
1685
1814
769
435
215
1292
728
634
779
5000
5000
5000
5000
4914
2771
3895
2952
2633
1237
2037
1313
3284
3885
2777
1070
1557
661
1533
1884
2954
1851
1640
1155
1866
5000
4992
5000
4998
2655
4074
3463
4164
2714
3837
2126
656
969
392
1628
2262
811
4939
4970
4828
4665
3979
2032
564
217
869
369
1766
619
2356
4985
4063
4973
4994
2543
2612
1168
2433
1428
1923
366
2373
1974
1438
1454
1488
361
3227
2020
3165
2975
2429
1328
760
1201
634
459
76
97
768
1755
1443
2664
1311
424
2214
2542
1035
3771
3119
1914
1912
1835
2031
1914
1842
1044
4890
4802
3917
4979
4934
2182
4266
2933
3433
4108
3141
1995
2359
3725
2214
3788
3106
1138
775
1164
1457
76
815
293
1704
283
1130
1812
1410
602
2237
2144
1064
1376
1622
296
4967
5000
4854
5000
4985
1698
4759
5000
4994
5000
3560
294
172
1772
954
1460
1076
344
3868
3290
3999
4223
4500
815
1357
489
686
1010
1789
662
2161
1194
2012
2032
954
20
1844
1635
2340
1462
1541
654
4625
4976
5000
4976
3473
1131
3754
3026
3357
3074
3233
759
1728
2070
321
1370
1652
0
275
767
1009
612
280
0
778
551
493
244
1427
384
4791
4959
4985
4970
4896
886
4672
5000
5000
4975
4987
940
1847
2731
1627
2718
1425
167
3000
2260
2535
2241
2020
209
4825
4879
4966
4998
4962
884
1826
1537
1718
2480
2945
608
472
771
1253
1542
299
221
1020
1239
19
568
1190
279
4591
5000
4568
4967
4845
736
1809
2506
921
1942
2225
0
3374
3644
2280
2756
2421
520
4853
4954
4724
4964
4893
684
4876
4951
4802
4997
5000
676
1414
2379
1673
2608
1785
0
222
633
5000
4949
4998
595
1429
1192
1525
2716
2862
277
337
1655
979
310
2614
418
2813
2925
1414
2604
2699
0
4882
4801
4967
4996
3660
444
3351
3842
3601
2603
2683
88
2485
865
989
4635
3539
377
4509
5000
5000
4980
4843
340
2352
3039
2770
3036
2944
151
1475
2136
2174
2406
2435
0
3619
3850
1898
1669
2241
88
4924
4764
4884
4717
4999
206
3112
1384
3592
2573
860
73
2088
2722
2374
2722
2399
90
3157
1249
2754
1750
1660
5000
4999
5000
5000
4831
3619
2518
3290
3844
1598
3217
3684
2865
3777
3100
0
38
1381
1442
589
847
1371
1396
1024
953
3113
2300
2280
3284
642
968
622
1592
320
1060
39
19
872
619
0
4971
4963
4997
2707
223
4959
4998
4564
4862
3849
1822
1900
1373
1383
915
1087
0
74
19
0
1263
2141
1397
1096
1033
1425
590
1851
1476
2317
887
1869
2731
1631
1338
3119
3578
2084
981
2058
370
445
195
588
657
2557
1661
1930
2014
1523
2167
2251
3118
3931
2039
2323
3364
3235
4067
2329
1742
1497
1852
2892
2135
4969
4996
4981
4915
3528
3916
1511
3623
1973
1248
1226
698
785
2200
703
38
219
84
39
19
4966
5000
5000
4988
3621
2276
262
131
483
58
4215
3849
2763
2602
2363
3227
946
596
2847
1708
2122
2492
4002
3636
2584
3379
4828
5000
2710
2718
2462
2149
1978
2923
2155
2752
3419
1663
3403
1897
4983
4975
4962
4995
3065
1003
707
2518
1896
969
2990
2921
2413
1831
1042
611
1074
789
454
300
2797
2950
2429
1691
1365
1985
2647
1874
2184
979
4972
4999
4998
5000
2394
54
373
40
38
0
169
19
20
38
440
1331
1890
1955
850
778
4927
4910
4996
4915
2663
2894
2716
1408
600
20
2644
2478
1488
3135
812
699
1530
1660
1458
1626
1320
1648
1447
802
1368
2126
3540
3303
1872
1563
4778
5000
4988
4999
2489
2865
2928
2935
1858
792
4953
4996
5000
5000
2390
1112
1932
1395
1886
929
5000
5000
5000
5000
2263
2428
2874
1797
2522
1322
1124
3682
1418
2764
861
39
168
45
19
20
1724
1985
989
572
163
1200
694
1167
2298
310
1932
1950
1640
2239
679
4779
4996
5000
4948
1789
2454
2054
2189
1262
749
704
2188
1930
1450
747
5000
5000
4972
4994
1399
4971
4942
4971
4667
1521
95
1561
1094
403
0
1841
1875
742
607
0
1047
2601
4220
3383
1373
71
55
19
732
1004
1565
4427
4924
4503
662
856
2798
1530
1553
458
4985
4998
4998
4988
1291
583
546
981
424
121
1311
2374
3390
530
0
1088
1907
758
1174
0
4938
4807
4949
4663
1125
4027
3139
4971
4951
1104
4927
5000
4986
5000
1093
1624
1455
1445
2111
609
2235
1431
1743
1308
264
19
283
38
43
0
1110
2322
1620
2088
611
2798
1325
1830
2727
508
2610
1163
2010
1608
0
2865
1208
1420
1781
0
1927
2625
2738
2277
114
2982
3853
2343
2740
410
4954
4759
5000
4709
681
0
41
490
0
20
2816
1985
2571
3232
331
2171
1985
1937
788
0
1373
1561
1668
1267
296
3348
2546
1480
1129
0
2667
4042
3429
2095
156
4811
4015
4628
4995
438
5000
4993
4994
4999
350
4898
4807
4895
4999
349
198
2806
610
1018
59
19
0
20
21
0
4999
5000
4300
4855
119
3815
2690
2106
2499
103
2734
1883
2749
2458
134
2714
764
1143
2146
0
4968
4995
4995
3519
0
2889
3995
4767
2588
132
4975
4990
4728
4875
140
1226
2176
2622
619
0
1781
2000
909
2239
47
1123
2172
682
1318
0
3982
4935
4991
4720
39
901
273
952
607
0
2706
2381
1767
1592
0
1738
2282
1579
2499
1950
3497
4279
4521
954
1252
861
1079
4317
4440
2780
1780
60
946
274
481
2208
2949
1672
1639
351
2473
1138
2774
1896
1119
2091
1899
79
19
717
76
909
1337
368
1045
2837
3629
5000
4737
3311
2528
3757
3866
1218
2281
1985
1767
1759
2703
2981
3721
2346
3011
2366
1838
2405
1603
1700
1217
2955
1697
2139
2936
2296
2054
1287
1733
2516
3354
2106
2263
2847
2595
2985
2064
2656
2413
3022
2464
1082
920
1433
651
2740
1064
1537
2177
1096
951
1052
1173
67
20
0
160
4977
4954
4990
4143
4965
4832
4040
4281
3299
2386
2660
3086
1809
1849
2061
2085
1267
1056
1087
857
20
23
339
59
5000
4999
5000
4051
4865
4385
4297
3049
975
489
1029
759
1485
2490
1886
421
2233
3186
2404
3499
3687
3171
3759
2717
2037
2332
2593
1561
2264
4202
2792
3396
1932
2683
2138
2676
2419
1576
422
2731
4523
5000
4420
3859
4621
2496
2454
1822
235
565
939
338
4516
4964
4998
3699
4280
4994
4938
3788
1511
944
1817
619
2499
1936
1443
0
4856
4963
4737
2539
1246
3716
1659
2799
3174
3771
2201
2636
1980
2407
1865
1113
107
185
2688
56
4718
4641
5000
3487
1624
2622
2830
1767
988
1674
2043
1659
2304
2259
1965
1103
4189
3892
2516
920
1813
2311
2304
482
4999
4923
4964
3334
1906
2263
2971
1666
3290
4020
3491
2154
1468
1690
1196
865
1409
1883
1677
1336
0
0
0
19
1681
2859
1642
691
2679
2378
2603
1968
266
61
339
19
1138
1802
812
1452
1312
1595
1769
1798
4284
4972
4962
3054
1967
1910
1936
1300
518
1190
766
509
4996
2803
459
1050
1850
1408
2889
1199
1096
89
23
450
493
0
120
0
3395
1957
2885
679
308
1224
974
156
3303
5000
4995
2639
0
918
1774
0
1059
2206
937
444
2143
954
981
1285
3202
1497
1860
1082
1417
2895
2288
1149
2935
3890
1845
269
2873
2617
2607
1728
3966
4436
4984
2641
0
19
125
112
4986
4970
4957
2602
479
1307
1056
647
643
296
818
61
5000
5000
5000
2528
486
1026
300
293
1008
2650
1381
473
101
358
610
453
1874
2107
1973
885
1376
1727
1172
1534
2934
1468
2000
1398
2511
1521
2884
870
980
577
1234
694
1532
2346
1077
657
1303
2656
1383
799
1046
856
2691
309
0
0
127
0
4087
3546
2986
1027
2518
2336
1895
1241
516
1583
1152
550
1065
1572
1330
1665
3167
3338
2750
1581
752
802
342
300
3248
3263
3943
1995
773
542
639
589
2472
2510
2327
1600
2969
2174
1489
257
3065
1271
1429
122
4873
4857
4843
821
2274
4316
4979
2026
2375
4984
4993
2044
51
3002
2638
0
3757
2833
2619
1015
3072
3437
585
1053
2941
1339
1646
1041
4731
4964
4812
1740
372
557
1565
38
948
1828
888
265
1180
1197
88
458
1473
2602
1360
846
2069
2492
1580
573
737
532
598
380
1117
926
833
21
2192
4163
4872
1727
2602
3038
3212
1034
3311
4188
4762
1695
289
2004
1332
418
2162
1875
873
300
1037
1957
1410
1097
669
344
1335
280
1939
2263
2435
1405
3048
3038
3599
770
4918
4302
406
1515
2991
2541
3327
431
1879
1253
3168
934
1838
2365
620
1247
1220
1601
914
599
1329
1397
2013
1392
3162
3333
2434
470
2149
3275
2047
624
0
1002
3180
612
2494
2331
2284
528
2767
3100
4300
1287
401
691
791
0
1070
317
709
169
3394
2195
3447
813
2947
2162
1859
496
1441
2101
0
0
669
676
1572
529
303
1333
685
570
2554
2488
1728
722
1616
2540
2429
239
2023
1495
1731
201
4980
4864
3055
19
2037
1739
2067
237
87
41
0
500
4972
4763
4135
647
5000
4976
5000
913
3058
4106
4093
95
1249
1250
1001
0
0
46
1477
882
1361
1739
1248
66
2333
1578
1780
569
1342
3098
684
466
1382
3601
1879
151
2592
3410
4194
548
3105
3527
1759
0
3969
4993
4667
394
3586
3803
3482
285
2950
1847
3179
205
1904
773
1754
0
691
1732
1225
336
1481
1330
1299
0
1982
1455
2129
415
1238
1271
19
22
1980
3116
3479
0
1365
842
1371
265
2201
2973
2468
232
622
1863
1398
134
1014
2692
1880
253
2191
1825
2630
0
1806
2640
3781
20
816
219
729
0
1161
1287
403
0
4889
4869
4960
497
745
113
1675
10
1253
1562
3315
113
4086
1503
4570
438
1928
2431
2977
275
2198
1612
2027
0
1685
2902
1326
136
4136
2751
3198
240
3939
2515
2070
0
1214
387
879
0
1915
1480
2092
238
3838
4097
5000
205
4907
4938
5000
154
531
2079
2098
0
2783
3396
3669
0
4103
3436
3689
16
4988
4981
4700
0
638
1445
164
0
3223
2730
3188
0
2142
295
3229
0
4630
4960
4448
1528
119
2263
1132
1784
3749
1744
2041
1405
730
1011
995
1071
1148
1571
2516
3048
2146
1394
547
345
4670
5000
4275
1982
2273
2264
3764
4413
3576
2971
2206
2534
4851
4926
4707
4848
4901
4697
2958
4204
2872
19
22
0
1693
1685
562
770
1856
684
2090
499
303
1721
744
1529
61
436
857
2408
553
888
1871
2594
3997
1915
1024
564
1503
1564
3328
1162
630
549
725
2870
2297
2433
1914
2983
1184
353
648
2810
2620
1945
1555
1304
831
1451
2397
1275
668
300
38
3380
3193
2673
2574
1540
342
1242
1835
2352
4999
4772
4274
1287
2293
2462
4933
4977
4157
1225
2231
1989
1303
973
1032
2060
2405
2080
1132
2756
1409
2590
1842
1401
4995
4992
3968
2405
2831
999
1524
1210
1695
4987
4901
3704
748
1426
1145
4673
4927
3820
2623
1602
1477
1819
1966
1626
4847
4990
3723
2893
2602
1665
1632
1458
1716
1249
1040
651
1323
1434
1116
1360
3115
649
2092
1372
770
2153
2360
415
1994
1570
775
1189
2095
648
1483
1961
2647
1365
2233
377
708
1982
1261
4344
4910
3382
1511
533
897
1311
794
538
2513
3532
2022
1326
1965
1334
4993
4916
3218
2246
2294
811
2718
4617
3138
1796
3599
2245
145
19
38
5000
4980
3136
1952
2410
664
3771
3125
1128
4966
4982
3074
280
391
982
2880
2813
1685
2089
2432
1162
1436
2541
595
4988
5000
2975
738
1088
808
2085
3050
1283
818
830
59
2549
996
865
114
1328
642
2391
3311
1494
1280
2304
281
2955
2457
1661
1860
1431
1072
1050
747
567
1880
2190
751
1257
1216
1288
2972
4412
2154
2502
1975
1176
522
721
677
2834
2018
2150
1998
2750
900
19
90
0
340
585
0
2274
2386
1396
4990
4999
2312
1453
879
0
562
2335
887
4454
4988
2350
1588
1592
878
844
1193
334
4563
5000
2318
1260
1609
581
4981
4946
2252
719
1153
1802
4997
4984
2177
2017
1064
60
39
44
138
748
1546
147
648
1741
1380
1008
1563
436
1894
1598
567
3730
2863
932
2294
3134
518
810
385
618
1598
1790
873
3028
1940
173
1386
2038
1236
1638
814
698
897
359
19
3348
2033
922
4981
5000
1576
4725
3760
230
3276
3476
1592
986
739
371
3349
1914
137
2470
2654
791
4499
3211
674
1792
2011
486
351
1385
479
1321
1070
264
4971
4997
1525
1986
1698
627
250
1123
75
4991
5000
1411
942
920
424
1028
1552
436
1043
985
19
319
19
0
0
118
275
2403
2851
622
921
1015
0
2174
2674
414
1271
2580
355
1100
1275
800
1524
1389
307
1982
1730
403
605
616
300
4999
4979
1200
2569
402
0
2594
2434
945
1025
1607
311
1320
1242
356
2300
2168
741
3147
2367
0
3528
4870
1017
0
0
20
768
580
238
1819
2633
853
4940
4816
913
2772
3921
577
866
374
287
290
19
0
446
196
40
1820
2612
99
2904
4236
612
4798
5000
644
1241
1396
110
1291
2370
292
4911
4987
608
177
481
188
194
1333
0
619
510
425
2536
1358
19
452
586
208
1760
1693
121
4231
3762
192
1768
2714
50
1075
3053
0
1976
2944
176
2349
1264
0
66
0
0
2200
2579
0
1175
2703
26
3670
1402
0
2867
3548
160
1527
1415
0
2669
2348
0
588
1059
45
210
0
0
1513
2003
0
4934
4785
0
269
690
600
1190
838
1758
1728
2137
2732
855
897
1611
1844
2410
2946
1201
1768
4713
4611
88
391
4876
4568
798
812
747
461
1804
1333
2605
2217
1576
2212
1636
23
3406
2201
679
640
1419
4374
1530
1727
1946
1462
3433
569
296
20
2011
2467
3014
1829
3216
1764
59
989
452
300
3029
2660
1079
1909
2970
2577
1706
769
985
712
2173
1350
1907
2117
803
538
2386
2393
4930
3897
1538
1129
5000
3970
1352
461
202
19
1102
20
4697
2525
2083
919
3148
1749
1374
766
2008
1427
1778
268
2585
739
99
220
19
238
1561
432
1219
564
4999
3615
3412
2956
807
1337
1902
891
2197
1729
1956
940
5000
3342
818
71
1130
2647
3045
1165
0
489
2155
964
2257
2007
147
2519
1512
665
947
0
2675
1531
570
646
3891
2086
1047
1535
4089
2453
1352
366
3479
1567
1384
117
2854
731
2759
385
3641
526
264
358
1710
859
214
19
3143
1284
367
854
1213
560
1225
1020
3202
1272
1817
578
1889
872
2299
1262
1909
696
2064
990
4996
1818
2169
904
370
0
1948
709
4996
1656
1154
508
2809
457
5000
1549
2277
545
2301
535
913
19
1592
53
4680
1205
2462
0
1791
58
2794
49
3339
566
4996
1059
1550
266
4915
869
1361
0
4391
530
2287
115
