chrom	length	bases	mean	min	max
SCAF_1	5574741	162979746	29.24	0	432
SCAF_1_region	5574741	162979746	29.24	0	432
SCAF_2	4079479	122559503	30.04	0	256
SCAF_2_region	4079479	122559503	30.04	0	256
SCAF_3	3666439	110841075	30.23	0	585
SCAF_3_region	3666439	110841075	30.23	0	585
SCAF_4	2601389	80676587	31.01	0	468
SCAF_4_region	2601389	80676587	31.01	0	468
SCAF_5	2032088	64151428	31.57	0	206
SCAF_5_region	2032088	64151428	31.57	0	206
SCAF_6	1976889	60954327	30.83	0	273
SCAF_6_region	1976889	60954327	30.83	0	273
SCAF_7	1932263	57559320	29.79	0	220
SCAF_7_region	1932263	57559320	29.79	0	220
SCAF_8	1669080	47474558	28.44	0	216
SCAF_8_region	1669080	47474558	28.44	0	216
SCAF_9	1646134	48455180	29.44	0	191
SCAF_9_region	1646134	48455180	29.44	0	191
SCAF_10	1570817	47541366	30.27	0	201
SCAF_10_region	1570817	47541366	30.27	0	201
SCAF_11	1437752	44180771	30.73	0	164
SCAF_11_region	1437752	44180771	30.73	0	164
SCAF_12	978195	28482916	29.12	0	8338
SCAF_12_region	978195	28482916	29.12	0	8338
SCAF_13	598471	18448516	30.83	0	519
SCAF_13_region	598471	18448516	30.83	0	519
SCAF_14	247525	518555	2.09	0	144
SCAF_14_region	247525	518555	2.09	0	144
SCAF_15	224905	957721	4.26	0	37
SCAF_15_region	224905	957721	4.26	0	37
SCAF_16	181804	172865	0.95	0	104
SCAF_16_region	181804	172865	0.95	0	104
SCAF_17	176395	834548	4.73	0	20
SCAF_17_region	176395	834548	4.73	0	20
SCAF_18	160122	533877	3.33	0	53
SCAF_18_region	160122	533877	3.33	0	53
SCAF_19	139354	184958	1.33	0	20
SCAF_19_region	139354	184958	1.33	0	20
SCAF_20	131876	616239	4.67	0	39
SCAF_20_region	131876	616239	4.67	0	39
SCAF_21	130124	649175	4.99	0	132
SCAF_21_region	130124	649175	4.99	0	132
SCAF_22	121580	617651	5.08	0	16
SCAF_22_region	121580	617651	5.08	0	16
SCAF_23	117381	473529	4.03	0	29
SCAF_23_region	117381	473529	4.03	0	29
SCAF_24	115879	540818	4.67	0	20
SCAF_24_region	115879	540818	4.67	0	20
SCAF_25	115495	485013	4.20	0	38
SCAF_25_region	115495	485013	4.20	0	38
SCAF_26	113072	453533	4.01	0	23
SCAF_26_region	113072	453533	4.01	0	23
SCAF_27	110609	984980	8.91	0	111
SCAF_27_region	110609	984980	8.91	0	111
SCAF_28	109542	153642	1.40	0	25
SCAF_28_region	109542	153642	1.40	0	25
SCAF_29	108319	4228610	39.04	0	239
SCAF_29_region	108319	4228610	39.04	0	239
SCAF_30	107902	131853	1.22	0	58
SCAF_30_region	107902	131853	1.22	0	58
SCAF_31	106626	62958	0.59	0	108
SCAF_31_region	106626	62958	0.59	0	108
SCAF_32	102192	342313	3.35	0	807
SCAF_32_region	102192	342313	3.35	0	807
SCAF_33	98221	512366	5.22	0	18
SCAF_33_region	98221	512366	5.22	0	18
SCAF_34	97882	533017	5.45	0	21
SCAF_34_region	97882	533017	5.45	0	21
SCAF_35	95705	2139715	22.36	0	73
SCAF_35_region	95705	2139715	22.36	0	73
SCAF_36	94431	411523	4.36	0	40
SCAF_36_region	94431	411523	4.36	0	40
SCAF_37	92851	424441	4.57	0	60
SCAF_37_region	92851	424441	4.57	0	60
SCAF_38	89142	505591	5.67	0	131
SCAF_38_region	89142	505591	5.67	0	131
SCAF_39	88257	308139	3.49	0	16
SCAF_39_region	88257	308139	3.49	0	16
SCAF_40	85354	483716	5.67	0	107
SCAF_40_region	85354	483716	5.67	0	107
SCAF_41	82239	355128	4.32	0	22
SCAF_41_region	82239	355128	4.32	0	22
SCAF_42	77162	243654	3.16	0	14
SCAF_42_region	77162	243654	3.16	0	14
SCAF_43	76714	360969	4.71	0	17
SCAF_43_region	76714	360969	4.71	0	17
SCAF_44	76272	314115	4.12	0	267
SCAF_44_region	76272	314115	4.12	0	267
SCAF_45	73110	74486	1.02	0	7
SCAF_45_region	73110	74486	1.02	0	7
SCAF_46	72118	387838	5.38	0	16
SCAF_46_region	72118	387838	5.38	0	16
SCAF_47	70166	336313	4.79	0	15
SCAF_47_region	70166	336313	4.79	0	15
SCAF_48	69627	406808	5.84	0	18
SCAF_48_region	69627	406808	5.84	0	18
SCAF_49	69624	23805	0.34	0	395
SCAF_49_region	69624	23805	0.34	0	395
SCAF_50	68258	333415	4.88	0	15
SCAF_50_region	68258	333415	4.88	0	15
SCAF_51	66966	276605	4.13	0	35
SCAF_51_region	66966	276605	4.13	0	35
SCAF_52	66855	211938	3.17	0	17
SCAF_52_region	66855	211938	3.17	0	17
SCAF_53	65552	195464	2.98	0	30
SCAF_53_region	65552	195464	2.98	0	30
SCAF_54	65267	273897	4.20	0	42
SCAF_54_region	65267	273897	4.20	0	42
SCAF_55	65114	261370	4.01	0	20
SCAF_55_region	65114	261370	4.01	0	20
SCAF_56	62812	77718	1.24	0	29
SCAF_56_region	62812	77718	1.24	0	29
SCAF_57	62187	32174	0.52	0	15
SCAF_57_region	62187	32174	0.52	0	15
SCAF_58	61544	90496	1.47	0	139
SCAF_58_region	61544	90496	1.47	0	139
SCAF_59	61533	205564	3.34	0	29
SCAF_59_region	61533	205564	3.34	0	29
SCAF_60	61411	158994	2.59	0	84
SCAF_60_region	61411	158994	2.59	0	84
SCAF_61	61115	349873	5.72	0	15
SCAF_61_region	61115	349873	5.72	0	15
SCAF_62	59972	711	0.01	0	6
SCAF_62_region	59972	711	0.01	0	6
SCAF_63	59743	329797	5.52	0	125
SCAF_63_region	59743	329797	5.52	0	125
SCAF_64	58841	33069	0.56	0	78
SCAF_64_region	58841	33069	0.56	0	78
SCAF_65	58838	103535	1.76	0	18
SCAF_65_region	58838	103535	1.76	0	18
SCAF_66	58483	37556	0.64	0	25
SCAF_66_region	58483	37556	0.64	0	25
SCAF_67	57162	241785	4.23	0	42
SCAF_67_region	57162	241785	4.23	0	42
SCAF_68	56404	73284	1.30	0	43
SCAF_68_region	56404	73284	1.30	0	43
SCAF_69	55942	29606	0.53	0	5
SCAF_69_region	55942	29606	0.53	0	5
SCAF_70	55722	296849	5.33	0	14
SCAF_70_region	55722	296849	5.33	0	14
SCAF_71	55604	313416	5.64	0	15
SCAF_71_region	55604	313416	5.64	0	15
SCAF_72	54709	46108	0.84	0	6
SCAF_72_region	54709	46108	0.84	0	6
SCAF_73	52157	34483	0.66	0	5
SCAF_73_region	52157	34483	0.66	0	5
SCAF_74	52077	239159	4.59	0	16
SCAF_74_region	52077	239159	4.59	0	16
SCAF_75	51185	194119	3.79	0	19
SCAF_75_region	51185	194119	3.79	0	19
SCAF_76	50428	610849	12.11	0	89
SCAF_76_region	50428	610849	12.11	0	89
SCAF_77	50384	15958	0.32	0	6
SCAF_77_region	50384	15958	0.32	0	6
SCAF_78	49366	272742	5.52	0	17
SCAF_78_region	49366	272742	5.52	0	17
SCAF_79	49160	88174	1.79	0	33
SCAF_79_region	49160	88174	1.79	0	33
SCAF_80	48966	263701	5.39	0	17
SCAF_80_region	48966	263701	5.39	0	17
SCAF_81	48848	40064	0.82	0	6
SCAF_81_region	48848	40064	0.82	0	6
SCAF_82	48542	831495	17.13	0	66
SCAF_82_region	48542	831495	17.13	0	66
SCAF_83	48542	38838	0.80	0	14
SCAF_83_region	48542	38838	0.80	0	14
SCAF_84	47775	33737	0.71	0	7
SCAF_84_region	47775	33737	0.71	0	7
SCAF_85	47318	253723	5.36	0	16
SCAF_85_region	47318	253723	5.36	0	16
SCAF_86	46994	218898	4.66	0	14
SCAF_86_region	46994	218898	4.66	0	14
SCAF_87	46805	224966	4.81	0	28
SCAF_87_region	46805	224966	4.81	0	28
SCAF_88	46738	31443	0.67	0	5
SCAF_88_region	46738	31443	0.67	0	5
SCAF_89	46547	187980	4.04	0	16
SCAF_89_region	46547	187980	4.04	0	16
SCAF_90	46221	24644	0.53	0	8
SCAF_90_region	46221	24644	0.53	0	8
SCAF_91	44916	263738	5.87	0	22
SCAF_91_region	44916	263738	5.87	0	22
SCAF_92	44616	2703937	60.60	0	149
SCAF_92_region	44616	2703937	60.60	0	149
SCAF_93	44136	25761	0.58	0	9
SCAF_93_region	44136	25761	0.58	0	9
SCAF_94	43913	40126	0.91	0	13
SCAF_94_region	43913	40126	0.91	0	13
SCAF_95	43808	39228	0.90	0	6
SCAF_95_region	43808	39228	0.90	0	6
SCAF_96	43342	91529	2.11	0	23
SCAF_96_region	43342	91529	2.11	0	23
SCAF_97	43038	1409823	32.76	0	169
SCAF_97_region	43038	1409823	32.76	0	169
SCAF_98	42896	25171	0.59	0	10
SCAF_98_region	42896	25171	0.59	0	10
SCAF_99	42178	120192	2.85	0	19
SCAF_99_region	42178	120192	2.85	0	19
SCAF_100	41993	29946	0.71	0	13
SCAF_100_region	41993	29946	0.71	0	13
SCAF_101	41585	215771	5.19	0	15
SCAF_101_region	41585	215771	5.19	0	15
SCAF_102	41267	2844344	68.93	0	158
SCAF_102_region	41267	2844344	68.93	0	158
SCAF_103	41164	15789	0.38	0	6
SCAF_103_region	41164	15789	0.38	0	6
SCAF_104	40984	18017	0.44	0	4
SCAF_104_region	40984	18017	0.44	0	4
SCAF_105	40971	213431	5.21	0	35
SCAF_105_region	40971	213431	5.21	0	35
SCAF_106	40689	184841	4.54	0	16
SCAF_106_region	40689	184841	4.54	0	16
SCAF_107	40038	67998	1.70	0	18
SCAF_107_region	40038	67998	1.70	0	18
SCAF_108	39998	34478	0.86	0	14
SCAF_108_region	39998	34478	0.86	0	14
SCAF_109	39904	12558	0.31	0	4
SCAF_109_region	39904	12558	0.31	0	4
SCAF_110	39605	159759	4.03	0	49
SCAF_110_region	39605	159759	4.03	0	49
SCAF_111	39279	25762	0.66	0	99
SCAF_111_region	39279	25762	0.66	0	99
SCAF_112	39164	2396409	61.19	0	151
SCAF_112_region	39164	2396409	61.19	0	151
SCAF_113	39049	23258	0.60	0	6
SCAF_113_region	39049	23258	0.60	0	6
SCAF_114	38983	39965	1.03	0	11
SCAF_114_region	38983	39965	1.03	0	11
SCAF_115	38824	253380	6.53	0	69
SCAF_115_region	38824	253380	6.53	0	69
SCAF_116	37823	35653	0.94	0	7
SCAF_116_region	37823	35653	0.94	0	7
SCAF_117	37728	1897872	50.30	0	113
SCAF_117_region	37728	1897872	50.30	0	113
SCAF_118	37705	149706	3.97	0	14
SCAF_118_region	37705	149706	3.97	0	14
SCAF_119	37514	146650	3.91	0	26
SCAF_119_region	37514	146650	3.91	0	26
SCAF_120	37456	1531699	40.89	0	159
SCAF_120_region	37456	1531699	40.89	0	159
SCAF_121	37441	1715197	45.81	0	130
SCAF_121_region	37441	1715197	45.81	0	130
SCAF_122	37347	31217	0.84	0	45
SCAF_122_region	37347	31217	0.84	0	45
SCAF_123	37222	41690	1.12	0	7
SCAF_123_region	37222	41690	1.12	0	7
SCAF_124	36961	8195	0.22	0	24
SCAF_124_region	36961	8195	0.22	0	24
SCAF_125	36710	18350	0.50	0	4
SCAF_125_region	36710	18350	0.50	0	4
SCAF_126	36614	24706	0.67	0	7
SCAF_126_region	36614	24706	0.67	0	7
SCAF_127	36584	188557	5.15	0	16
SCAF_127_region	36584	188557	5.15	0	16
SCAF_128	36068	214066	5.94	0	18
SCAF_128_region	36068	214066	5.94	0	18
SCAF_129	35972	191672	5.33	0	17
SCAF_129_region	35972	191672	5.33	0	17
SCAF_130	35925	230236	6.41	0	89
SCAF_130_region	35925	230236	6.41	0	89
SCAF_131	35704	5097	0.14	0	3
SCAF_131_region	35704	5097	0.14	0	3
SCAF_132	35264	36130	1.02	0	7
SCAF_132_region	35264	36130	1.02	0	7
SCAF_133	35121	2327498	66.27	0	504
SCAF_133_region	35121	2327498	66.27	0	504
SCAF_134	35117	103205	2.94	0	14
SCAF_134_region	35117	103205	2.94	0	14
SCAF_135	34903	32367	0.93	0	5
SCAF_135_region	34903	32367	0.93	0	5
SCAF_136	34900	1905568	54.60	0	148
SCAF_136_region	34900	1905568	54.60	0	148
SCAF_137	34765	10587	0.30	0	4
SCAF_137_region	34765	10587	0.30	0	4
SCAF_138	34687	326734	9.42	0	213
SCAF_138_region	34687	326734	9.42	0	213
SCAF_139	34615	163487	4.72	0	19
SCAF_139_region	34615	163487	4.72	0	19
SCAF_140	34599	1622195	46.89	0	162
SCAF_140_region	34599	1622195	46.89	0	162
SCAF_141	34497	73041	2.12	0	87
SCAF_141_region	34497	73041	2.12	0	87
SCAF_142	34440	1693992	49.19	0	110
SCAF_142_region	34440	1693992	49.19	0	110
SCAF_143	34384	39837	1.16	0	5
SCAF_143_region	34384	39837	1.16	0	5
SCAF_144	34330	14571	0.42	0	5
SCAF_144_region	34330	14571	0.42	0	5
SCAF_145	34087	86166	2.53	0	24
SCAF_145_region	34087	86166	2.53	0	24
SCAF_146	33692	135952	4.04	0	14
SCAF_146_region	33692	135952	4.04	0	14
SCAF_147	33483	1444730	43.15	0	135
SCAF_147_region	33483	1444730	43.15	0	135
SCAF_148	33469	46435	1.39	0	41
SCAF_148_region	33469	46435	1.39	0	41
SCAF_149	33420	1383689	41.40	0	136
SCAF_149_region	33420	1383689	41.40	0	136
SCAF_150	33347	21300	0.64	0	22
SCAF_150_region	33347	21300	0.64	0	22
SCAF_151	33283	153745	4.62	0	222
SCAF_151_region	33283	153745	4.62	0	222
SCAF_152	33266	35378	1.06	0	7
SCAF_152_region	33266	35378	1.06	0	7
SCAF_153	33237	31481	0.95	0	12
SCAF_153_region	33237	31481	0.95	0	12
SCAF_154	33139	15739	0.47	0	8
SCAF_154_region	33139	15739	0.47	0	8
SCAF_155	33127	2008413	60.63	0	244
SCAF_155_region	33127	2008413	60.63	0	244
SCAF_156	32748	270326	8.25	0	296
SCAF_156_region	32748	270326	8.25	0	296
SCAF_157	32666	3967749	121.46	0	918
SCAF_157_region	32666	3967749	121.46	0	918
SCAF_158	32618	5972	0.18	0	5
SCAF_158_region	32618	5972	0.18	0	5
SCAF_159	32358	9565	0.30	0	3
SCAF_159_region	32358	9565	0.30	0	3
SCAF_160	32136	14596	0.45	0	6
SCAF_160_region	32136	14596	0.45	0	6
SCAF_161	32035	20635	0.64	0	32
SCAF_161_region	32035	20635	0.64	0	32
SCAF_162	31954	634221	19.85	0	79
SCAF_162_region	31954	634221	19.85	0	79
SCAF_163	31782	21064	0.66	0	7
SCAF_163_region	31782	21064	0.66	0	7
SCAF_164	31669	23839	0.75	0	4
SCAF_164_region	31669	23839	0.75	0	4
SCAF_165	31629	174856	5.53	0	23
SCAF_165_region	31629	174856	5.53	0	23
SCAF_166	31581	8277	0.26	0	4
SCAF_166_region	31581	8277	0.26	0	4
SCAF_167	31556	38848	1.23	0	15
SCAF_167_region	31556	38848	1.23	0	15
SCAF_168	31421	19155	0.61	0	5
SCAF_168_region	31421	19155	0.61	0	5
SCAF_169	31314	34637	1.11	0	6
SCAF_169_region	31314	34637	1.11	0	6
SCAF_170	31127	5568	0.18	0	3
SCAF_170_region	31127	5568	0.18	0	3
SCAF_171	31061	1531034	49.29	0	172
SCAF_171_region	31061	1531034	49.29	0	172
SCAF_172	31059	2688	0.09	0	3
SCAF_172_region	31059	2688	0.09	0	3
SCAF_173	30866	25723	0.83	0	12
SCAF_173_region	30866	25723	0.83	0	12
SCAF_174	30739	1594664	51.88	0	107
SCAF_174_region	30739	1594664	51.88	0	107
SCAF_175	30330	10019	0.33	0	14
SCAF_175_region	30330	10019	0.33	0	14
SCAF_176	30301	789519	26.06	0	1931
SCAF_176_region	30301	789519	26.06	0	1931
SCAF_177	30226	42541	1.41	0	13
SCAF_177_region	30226	42541	1.41	0	13
SCAF_178	30187	34008	1.13	0	25
SCAF_178_region	30187	34008	1.13	0	25
SCAF_179	30183	16258	0.54	0	4
SCAF_179_region	30183	16258	0.54	0	4
SCAF_180	30131	58445	1.94	0	33
SCAF_180_region	30131	58445	1.94	0	33
SCAF_181	30071	38098	1.27	0	11
SCAF_181_region	30071	38098	1.27	0	11
SCAF_182	30032	139553	4.65	0	39
SCAF_182_region	30032	139553	4.65	0	39
SCAF_183	30005	12977	0.43	0	7
SCAF_183_region	30005	12977	0.43	0	7
SCAF_184	29541	32137	1.09	0	81
SCAF_184_region	29541	32137	1.09	0	81
SCAF_185	29415	47477	1.61	0	21
SCAF_185_region	29415	47477	1.61	0	21
SCAF_186	29375	10169	0.35	0	4
SCAF_186_region	29375	10169	0.35	0	4
SCAF_187	29360	43712	1.49	0	13
SCAF_187_region	29360	43712	1.49	0	13
SCAF_188	29327	158533	5.41	0	16
SCAF_188_region	29327	158533	5.41	0	16
SCAF_189	29236	24252	0.83	0	12
SCAF_189_region	29236	24252	0.83	0	12
SCAF_190	29216	260710	8.92	0	277
SCAF_190_region	29216	260710	8.92	0	277
SCAF_191	29200	13079	0.45	0	5
SCAF_191_region	29200	13079	0.45	0	5
SCAF_192	29083	1687622	58.03	0	214
SCAF_192_region	29083	1687622	58.03	0	214
SCAF_193	29081	11783	0.41	0	26
SCAF_193_region	29081	11783	0.41	0	26
SCAF_194	28863	892980	30.94	0	131
SCAF_194_region	28863	892980	30.94	0	131
SCAF_195	28688	16788	0.59	0	20
SCAF_195_region	28688	16788	0.59	0	20
SCAF_196	28688	56924	1.98	0	133
SCAF_196_region	28688	56924	1.98	0	133
SCAF_197	28670	26236	0.92	0	9
SCAF_197_region	28670	26236	0.92	0	9
SCAF_198	28585	112775	3.95	0	12
SCAF_198_region	28585	112775	3.95	0	12
SCAF_199	28585	49091	1.72	0	34
SCAF_199_region	28585	49091	1.72	0	34
SCAF_200	28563	15718	0.55	0	9
SCAF_200_region	28563	15718	0.55	0	9
SCAF_201	28551	8236	0.29	0	4
SCAF_201_region	28551	8236	0.29	0	4
SCAF_202	28219	12972	0.46	0	4
SCAF_202_region	28219	12972	0.46	0	4
SCAF_203	28217	44704	1.58	0	29
SCAF_203_region	28217	44704	1.58	0	29
SCAF_204	28187	144004	5.11	0	393
SCAF_204_region	28187	144004	5.11	0	393
SCAF_205	28138	19996	0.71	0	6
SCAF_205_region	28138	19996	0.71	0	6
SCAF_206	28111	6236	0.22	0	4
SCAF_206_region	28111	6236	0.22	0	4
SCAF_207	27959	161409	5.77	0	14
SCAF_207_region	27959	161409	5.77	0	14
SCAF_208	27935	1315796	47.10	0	560
SCAF_208_region	27935	1315796	47.10	0	560
SCAF_209	27830	12317	0.44	0	5
SCAF_209_region	27830	12317	0.44	0	5
SCAF_210	27781	4977	0.18	0	3
SCAF_210_region	27781	4977	0.18	0	3
SCAF_211	27774	167214	6.02	0	20
SCAF_211_region	27774	167214	6.02	0	20
SCAF_212	27772	34174	1.23	0	9
SCAF_212_region	27772	34174	1.23	0	9
SCAF_213	27728	30580	1.10	0	21
SCAF_213_region	27728	30580	1.10	0	21
SCAF_214	27690	14158	0.51	0	5
SCAF_214_region	27690	14158	0.51	0	5
SCAF_215	27659	1680773	60.77	0	160
SCAF_215_region	27659	1680773	60.77	0	160
SCAF_216	27637	60545	2.19	0	15
SCAF_216_region	27637	60545	2.19	0	15
SCAF_217	27634	8581	0.31	0	3
SCAF_217_region	27634	8581	0.31	0	3
SCAF_218	27594	118636	4.30	0	15
SCAF_218_region	27594	118636	4.30	0	15
SCAF_219	27563	4607	0.17	0	2
SCAF_219_region	27563	4607	0.17	0	2
SCAF_220	27545	135073	4.90	0	20
SCAF_220_region	27545	135073	4.90	0	20
SCAF_221	27530	13225	0.48	0	4
SCAF_221_region	27530	13225	0.48	0	4
SCAF_222	27515	11641	0.42	0	4
SCAF_222_region	27515	11641	0.42	0	4
SCAF_223	27476	22841	0.83	0	9
SCAF_223_region	27476	22841	0.83	0	9
SCAF_224	27450	3342	0.12	0	2
SCAF_224_region	27450	3342	0.12	0	2
SCAF_225	27344	10261	0.38	0	3
SCAF_225_region	27344	10261	0.38	0	3
SCAF_226	27270	125398	4.60	0	118
SCAF_226_region	27270	125398	4.60	0	118
SCAF_227	27232	15857	0.58	0	7
SCAF_227_region	27232	15857	0.58	0	7
SCAF_228	27189	827565	30.44	0	225
SCAF_228_region	27189	827565	30.44	0	225
SCAF_229	27037	90726	3.36	0	27
SCAF_229_region	27037	90726	3.36	0	27
SCAF_230	26948	33923	1.26	0	18
SCAF_230_region	26948	33923	1.26	0	18
SCAF_231	26899	5794	0.22	0	3
SCAF_231_region	26899	5794	0.22	0	3
SCAF_232	26856	8413	0.31	0	4
SCAF_232_region	26856	8413	0.31	0	4
SCAF_233	26767	15972	0.60	0	8
SCAF_233_region	26767	15972	0.60	0	8
SCAF_234	26700	1541205	57.72	0	107
SCAF_234_region	26700	1541205	57.72	0	107
SCAF_235	26660	1828993	68.60	0	241
SCAF_235_region	26660	1828993	68.60	0	241
SCAF_236	26499	7122	0.27	0	4
SCAF_236_region	26499	7122	0.27	0	4
SCAF_237	26482	56852	2.15	0	8
SCAF_237_region	26482	56852	2.15	0	8
SCAF_238	26369	7371	0.28	0	4
SCAF_238_region	26369	7371	0.28	0	4
SCAF_239	26171	12236	0.47	0	5
SCAF_239_region	26171	12236	0.47	0	5
SCAF_240	26148	16068	0.61	0	8
SCAF_240_region	26148	16068	0.61	0	8
SCAF_241	26131	122328	4.68	0	21
SCAF_241_region	26131	122328	4.68	0	21
SCAF_242	26114	27587	1.06	0	5
SCAF_242_region	26114	27587	1.06	0	5
SCAF_243	26085	9569	0.37	0	4
SCAF_243_region	26085	9569	0.37	0	4
SCAF_244	26060	3291	0.13	0	3
SCAF_244_region	26060	3291	0.13	0	3
SCAF_245	25968	4642	0.18	0	5
SCAF_245_region	25968	4642	0.18	0	5
SCAF_246	25946	1099961	42.39	0	128
SCAF_246_region	25946	1099961	42.39	0	128
SCAF_247	25940	142297	5.49	0	16
SCAF_247_region	25940	142297	5.49	0	16
SCAF_248	25895	16195	0.63	0	6
SCAF_248_region	25895	16195	0.63	0	6
SCAF_249	25885	17772	0.69	0	4
SCAF_249_region	25885	17772	0.69	0	4
SCAF_250	25884	124201	4.80	0	17
SCAF_250_region	25884	124201	4.80	0	17
SCAF_251	25874	21554	0.83	0	11
SCAF_251_region	25874	21554	0.83	0	11
SCAF_252	25864	5810	0.22	0	19
SCAF_252_region	25864	5810	0.22	0	19
SCAF_253	25825	5807	0.22	0	4
SCAF_253_region	25825	5807	0.22	0	4
SCAF_254	25798	142579	5.53	0	217
SCAF_254_region	25798	142579	5.53	0	217
SCAF_255	25728	11192	0.44	0	3
SCAF_255_region	25728	11192	0.44	0	3
SCAF_256	25725	22040	0.86	0	8
SCAF_256_region	25725	22040	0.86	0	8
SCAF_257	25720	116048	4.51	0	13
SCAF_257_region	25720	116048	4.51	0	13
SCAF_258	25700	317015	12.34	0	176
SCAF_258_region	25700	317015	12.34	0	176
SCAF_259	25645	18818	0.73	0	12
SCAF_259_region	25645	18818	0.73	0	12
SCAF_260	25595	89325	3.49	0	19
SCAF_260_region	25595	89325	3.49	0	19
SCAF_261	25593	14219	0.56	0	5
SCAF_261_region	25593	14219	0.56	0	5
SCAF_262	25592	7762	0.30	0	4
SCAF_262_region	25592	7762	0.30	0	4
SCAF_263	25481	31485	1.24	0	24
SCAF_263_region	25481	31485	1.24	0	24
SCAF_264	25444	129311	5.08	0	17
SCAF_264_region	25444	129311	5.08	0	17
SCAF_265	25436	25740	1.01	0	5
SCAF_265_region	25436	25740	1.01	0	5
SCAF_266	25377	52903	2.08	0	14
SCAF_266_region	25377	52903	2.08	0	14
SCAF_267	25340	137058	5.41	0	16
SCAF_267_region	25340	137058	5.41	0	16
SCAF_268	25329	29443	1.16	0	11
SCAF_268_region	25329	29443	1.16	0	11
SCAF_269	25264	15677	0.62	0	8
SCAF_269_region	25264	15677	0.62	0	8
SCAF_270	25225	19671	0.78	0	5
SCAF_270_region	25225	19671	0.78	0	5
SCAF_271	25206	125021	4.96	0	170
SCAF_271_region	25206	125021	4.96	0	170
SCAF_272	25161	22434	0.89	0	8
SCAF_272_region	25161	22434	0.89	0	8
SCAF_273	25090	24684	0.98	0	14
SCAF_273_region	25090	24684	0.98	0	14
SCAF_274	24834	14740	0.59	0	5
SCAF_274_region	24834	14740	0.59	0	5
SCAF_275	24832	8365295	336.88	0	2102
SCAF_275_region	24832	8365295	336.88	0	2102
SCAF_276	24811	46114	1.86	0	22
SCAF_276_region	24811	46114	1.86	0	22
SCAF_277	24713	43159	1.75	0	21
SCAF_277_region	24713	43159	1.75	0	21
SCAF_278	24673	4808	0.19	0	5
SCAF_278_region	24673	4808	0.19	0	5
SCAF_279	24542	7649	0.31	0	4
SCAF_279_region	24542	7649	0.31	0	4
SCAF_280	24528	20700	0.84	0	9
SCAF_280_region	24528	20700	0.84	0	9
SCAF_281	24435	5206	0.21	0	3
SCAF_281_region	24435	5206	0.21	0	3
SCAF_282	24359	1647	0.07	0	2
SCAF_282_region	24359	1647	0.07	0	2
SCAF_283	24173	92147	3.81	0	13
SCAF_283_region	24173	92147	3.81	0	13
SCAF_284	24152	1150529	47.64	0	435
SCAF_284_region	24152	1150529	47.64	0	435
SCAF_285	24110	8129	0.34	0	3
SCAF_285_region	24110	8129	0.34	0	3
SCAF_286	24066	5363	0.22	0	16
SCAF_286_region	24066	5363	0.22	0	16
SCAF_287	23981	8487	0.35	0	3
SCAF_287_region	23981	8487	0.35	0	3
SCAF_288	23980	9242	0.39	0	5
SCAF_288_region	23980	9242	0.39	0	5
SCAF_289	23950	13426	0.56	0	10
SCAF_289_region	23950	13426	0.56	0	10
SCAF_290	23945	28544	1.19	0	14
SCAF_290_region	23945	28544	1.19	0	14
SCAF_291	23886	2815	0.12	0	3
SCAF_291_region	23886	2815	0.12	0	3
SCAF_292	23860	31302	1.31	0	20
SCAF_292_region	23860	31302	1.31	0	20
SCAF_293	23814	19616	0.82	0	4
SCAF_293_region	23814	19616	0.82	0	4
SCAF_294	23796	25248	1.06	0	5
SCAF_294_region	23796	25248	1.06	0	5
SCAF_295	23767	15885	0.67	0	29
SCAF_295_region	23767	15885	0.67	0	29
SCAF_296	23762	402778	16.95	0	2645
SCAF_296_region	23762	402778	16.95	0	2645
SCAF_297	23695	38267	1.61	0	12
SCAF_297_region	23695	38267	1.61	0	12
SCAF_298	23666	6051	0.26	0	3
SCAF_298_region	23666	6051	0.26	0	3
SCAF_299	23648	5821	0.25	0	39
SCAF_299_region	23648	5821	0.25	0	39
SCAF_300	23643	1685296	71.28	0	594
SCAF_300_region	23643	1685296	71.28	0	594
SCAF_301	23638	5927	0.25	0	7
SCAF_301_region	23638	5927	0.25	0	7
SCAF_302	23633	27372	1.16	0	6
SCAF_302_region	23633	27372	1.16	0	6
SCAF_303	23629	14052	0.59	0	5
SCAF_303_region	23629	14052	0.59	0	5
SCAF_304	23571	46413	1.97	0	15
SCAF_304_region	23571	46413	1.97	0	15
SCAF_305	23555	83266	3.53	0	13
SCAF_305_region	23555	83266	3.53	0	13
SCAF_306	23322	19890	0.85	0	9
SCAF_306_region	23322	19890	0.85	0	9
SCAF_307	23295	21128	0.91	0	7
SCAF_307_region	23295	21128	0.91	0	7
SCAF_308	23075	1050025	45.50	0	96
SCAF_308_region	23075	1050025	45.50	0	96
SCAF_309	23057	12184	0.53	0	6
SCAF_309_region	23057	12184	0.53	0	6
SCAF_310	23011	17888	0.78	0	10
SCAF_310_region	23011	17888	0.78	0	10
SCAF_311	22999	4595	0.20	0	46
SCAF_311_region	22999	4595	0.20	0	46
SCAF_312	22896	16860	0.74	0	4
SCAF_312_region	22896	16860	0.74	0	4
SCAF_313	22877	13831	0.60	0	5
SCAF_313_region	22877	13831	0.60	0	5
SCAF_314	22871	1303548	57.00	0	167
SCAF_314_region	22871	1303548	57.00	0	167
SCAF_315	22844	1258	0.06	0	6
SCAF_315_region	22844	1258	0.06	0	6
SCAF_316	22844	807	0.04	0	2
SCAF_316_region	22844	807	0.04	0	2
SCAF_317	22833	10000	0.44	0	5
SCAF_317_region	22833	10000	0.44	0	5
SCAF_318	22713	109864	4.84	0	41
SCAF_318_region	22713	109864	4.84	0	41
SCAF_319	22685	17638	0.78	0	8
SCAF_319_region	22685	17638	0.78	0	8
SCAF_320	22653	12965	0.57	0	4
SCAF_320_region	22653	12965	0.57	0	4
SCAF_321	22554	8986	0.40	0	4
SCAF_321_region	22554	8986	0.40	0	4
SCAF_322	22539	9304	0.41	0	4
SCAF_322_region	22539	9304	0.41	0	4
SCAF_323	22525	25741	1.14	0	24
SCAF_323_region	22525	25741	1.14	0	24
SCAF_324	22489	110213	4.90	0	12
SCAF_324_region	22489	110213	4.90	0	12
SCAF_325	22468	35695	1.59	0	13
SCAF_325_region	22468	35695	1.59	0	13
SCAF_326	22392	1585372	70.80	0	674
SCAF_326_region	22392	1585372	70.80	0	674
SCAF_327	22337	9018	0.40	0	3
SCAF_327_region	22337	9018	0.40	0	3
SCAF_328	22280	1471327	66.04	0	148
SCAF_328_region	22280	1471327	66.04	0	148
SCAF_329	22245	15471	0.70	0	4
SCAF_329_region	22245	15471	0.70	0	4
SCAF_330	22040	15079	0.68	0	8
SCAF_330_region	22040	15079	0.68	0	8
SCAF_331	22029	291	0.01	0	1
SCAF_331_region	22029	291	0.01	0	1
SCAF_332	21923	6763	0.31	0	3
SCAF_332_region	21923	6763	0.31	0	3
SCAF_333	21867	23195	1.06	0	31
SCAF_333_region	21867	23195	1.06	0	31
SCAF_334	21813	11229	0.51	0	6
SCAF_334_region	21813	11229	0.51	0	6
SCAF_335	21800	109643	5.03	0	15
SCAF_335_region	21800	109643	5.03	0	15
SCAF_336	21691	11378	0.52	0	8
SCAF_336_region	21691	11378	0.52	0	8
SCAF_337	21675	8971	0.41	0	3
SCAF_337_region	21675	8971	0.41	0	3
SCAF_338	21621	100850	4.66	0	50
SCAF_338_region	21621	100850	4.66	0	50
SCAF_339	21529	112622	5.23	0	64
SCAF_339_region	21529	112622	5.23	0	64
SCAF_340	21472	5931	0.28	0	8
SCAF_340_region	21472	5931	0.28	0	8
SCAF_341	21449	7603	0.35	0	4
SCAF_341_region	21449	7603	0.35	0	4
SCAF_342	21444	290092	13.53	0	299
SCAF_342_region	21444	290092	13.53	0	299
SCAF_343	21365	2926	0.14	0	3
SCAF_343_region	21365	2926	0.14	0	3
SCAF_344	21355	55291	2.59	0	10
SCAF_344_region	21355	55291	2.59	0	10
SCAF_345	21334	10338	0.48	0	6
SCAF_345_region	21334	10338	0.48	0	6
SCAF_346	21294	1182669	55.54	0	114
SCAF_346_region	21294	1182669	55.54	0	114
SCAF_347	21288	2765	0.13	0	3
SCAF_347_region	21288	2765	0.13	0	3
SCAF_348	21209	14236	0.67	0	8
SCAF_348_region	21209	14236	0.67	0	8
SCAF_349	21199	5891	0.28	0	3
SCAF_349_region	21199	5891	0.28	0	3
SCAF_350	21189	89798	4.24	0	148
SCAF_350_region	21189	89798	4.24	0	148
SCAF_351	21106	72188	3.42	0	13
SCAF_351_region	21106	72188	3.42	0	13
SCAF_352	21098	299502	14.20	0	123
SCAF_352_region	21098	299502	14.20	0	123
SCAF_353	21078	17716	0.84	0	11
SCAF_353_region	21078	17716	0.84	0	11
SCAF_354	20991	11413	0.54	0	10
SCAF_354_region	20991	11413	0.54	0	10
SCAF_355	20981	438	0.02	0	2
SCAF_355_region	20981	438	0.02	0	2
SCAF_356	20980	10714	0.51	0	4
SCAF_356_region	20980	10714	0.51	0	4
SCAF_357	20976	15291	0.73	0	16
SCAF_357_region	20976	15291	0.73	0	16
SCAF_358	20871	11019	0.53	0	7
SCAF_358_region	20871	11019	0.53	0	7
SCAF_359	20831	9242	0.44	0	3
SCAF_359_region	20831	9242	0.44	0	3
SCAF_360	20777	16241	0.78	0	23
SCAF_360_region	20777	16241	0.78	0	23
SCAF_361	20737	31690	1.53	0	13
SCAF_361_region	20737	31690	1.53	0	13
SCAF_362	20702	105385	5.09	0	15
SCAF_362_region	20702	105385	5.09	0	15
SCAF_363	20586	623	0.03	0	2
SCAF_363_region	20586	623	0.03	0	2
SCAF_364	20574	31413	1.53	0	11
SCAF_364_region	20574	31413	1.53	0	11
SCAF_365	20553	11315	0.55	0	12
SCAF_365_region	20553	11315	0.55	0	12
SCAF_366	20522	8062	0.39	0	9
SCAF_366_region	20522	8062	0.39	0	9
SCAF_367	20517	12229	0.60	0	6
SCAF_367_region	20517	12229	0.60	0	6
SCAF_368	20452	32004	1.56	0	15
SCAF_368_region	20452	32004	1.56	0	15
SCAF_369	20438	83613	4.09	0	13
SCAF_369_region	20438	83613	4.09	0	13
SCAF_370	20350	111721	5.49	0	21
SCAF_370_region	20350	111721	5.49	0	21
SCAF_371	20349	113001	5.55	0	151
SCAF_371_region	20349	113001	5.55	0	151
SCAF_372	20285	8026	0.40	0	7
SCAF_372_region	20285	8026	0.40	0	7
SCAF_373	20282	60	0.00	0	1
SCAF_373_region	20282	60	0.00	0	1
SCAF_374	20282	1060094	52.27	0	145
SCAF_374_region	20282	1060094	52.27	0	145
SCAF_375	20179	94235	4.67	0	133
SCAF_375_region	20179	94235	4.67	0	133
SCAF_376	20174	14104	0.70	0	5
SCAF_376_region	20174	14104	0.70	0	5
SCAF_377	20160	9131	0.45	0	9
SCAF_377_region	20160	9131	0.45	0	9
SCAF_378	20157	955184	47.39	0	99
SCAF_378_region	20157	955184	47.39	0	99
SCAF_379	20150	40668	2.02	0	12
SCAF_379_region	20150	40668	2.02	0	12
SCAF_380	20140	112609	5.59	0	132
SCAF_380_region	20140	112609	5.59	0	132
SCAF_381	20082	13009	0.65	0	11
SCAF_381_region	20082	13009	0.65	0	11
SCAF_382	20068	9421	0.47	0	5
SCAF_382_region	20068	9421	0.47	0	5
SCAF_383	20052	6274	0.31	0	3
SCAF_383_region	20052	6274	0.31	0	3
SCAF_384	20039	90598	4.52	0	23
SCAF_384_region	20039	90598	4.52	0	23
SCAF_385	20036	10583	0.53	0	20
SCAF_385_region	20036	10583	0.53	0	20
SCAF_386	20004	17081	0.85	0	11
SCAF_386_region	20004	17081	0.85	0	11
SCAF_387	19967	15661	0.78	0	25
SCAF_387_region	19967	15661	0.78	0	25
SCAF_388	19953	102996	5.16	0	35
SCAF_388_region	19953	102996	5.16	0	35
SCAF_389	19874	4799	0.24	0	3
SCAF_389_region	19874	4799	0.24	0	3
SCAF_390	19870	637233	32.07	0	544
SCAF_390_region	19870	637233	32.07	0	544
SCAF_391	19819	2252	0.11	0	3
SCAF_391_region	19819	2252	0.11	0	3
SCAF_392	19814	12353	0.62	0	5
SCAF_392_region	19814	12353	0.62	0	5
SCAF_393	19805	15959	0.81	0	8
SCAF_393_region	19805	15959	0.81	0	8
SCAF_394	19796	9628	0.49	0	4
SCAF_394_region	19796	9628	0.49	0	4
SCAF_395	19788	5143	0.26	0	20
SCAF_395_region	19788	5143	0.26	0	20
SCAF_396	19769	4936	0.25	0	5
SCAF_396_region	19769	4936	0.25	0	5
SCAF_397	19737	123668	6.27	0	25
SCAF_397_region	19737	123668	6.27	0	25
SCAF_398	19694	49193	2.50	0	13
SCAF_398_region	19694	49193	2.50	0	13
SCAF_399	19627	10930	0.56	0	5
SCAF_399_region	19627	10930	0.56	0	5
SCAF_400	19559	45011	2.30	0	23
SCAF_400_region	19559	45011	2.30	0	23
SCAF_401	19529	13852	0.71	0	10
SCAF_401_region	19529	13852	0.71	0	10
SCAF_402	19485	11966	0.61	0	8
SCAF_402_region	19485	11966	0.61	0	8
SCAF_403	19440	20552	1.06	0	26
SCAF_403_region	19440	20552	1.06	0	26
SCAF_404	19429	9475	0.49	0	4
SCAF_404_region	19429	9475	0.49	0	4
SCAF_405	19412	16003	0.82	0	7
SCAF_405_region	19412	16003	0.82	0	7
SCAF_406	19412	16671	0.86	0	7
SCAF_406_region	19412	16671	0.86	0	7
SCAF_407	19392	18244	0.94	0	6
SCAF_407_region	19392	18244	0.94	0	6
SCAF_408	19383	4262	0.22	0	2
SCAF_408_region	19383	4262	0.22	0	2
SCAF_409	19350	10176	0.53	0	3
SCAF_409_region	19350	10176	0.53	0	3
SCAF_410	19334	4846	0.25	0	2
SCAF_410_region	19334	4846	0.25	0	2
SCAF_411	19319	369	0.02	0	3
SCAF_411_region	19319	369	0.02	0	3
SCAF_412	19298	102437	5.31	0	15
SCAF_412_region	19298	102437	5.31	0	15
SCAF_413	19281	93842	4.87	0	16
SCAF_413_region	19281	93842	4.87	0	16
SCAF_414	19250	34104	1.77	0	19
SCAF_414_region	19250	34104	1.77	0	19
SCAF_415	19240	10940	0.57	0	7
SCAF_415_region	19240	10940	0.57	0	7
SCAF_416	19198	9186	0.48	0	13
SCAF_416_region	19198	9186	0.48	0	13
SCAF_417	19156	521	0.03	0	5
SCAF_417_region	19156	521	0.03	0	5
SCAF_418	19069	1038247	54.45	0	118
SCAF_418_region	19069	1038247	54.45	0	118
SCAF_419	19061	58298	3.06	0	14
SCAF_419_region	19061	58298	3.06	0	14
SCAF_420	19040	3467	0.18	0	3
SCAF_420_region	19040	3467	0.18	0	3
SCAF_421	19012	8472	0.45	0	4
SCAF_421_region	19012	8472	0.45	0	4
SCAF_422	18950	125603	6.63	0	30
SCAF_422_region	18950	125603	6.63	0	30
SCAF_423	18945	22372	1.18	0	9
SCAF_423_region	18945	22372	1.18	0	9
SCAF_424	18943	11656	0.62	0	4
SCAF_424_region	18943	11656	0.62	0	4
SCAF_425	18932	42430	2.24	0	13
SCAF_425_region	18932	42430	2.24	0	13
SCAF_426	18882	13036	0.69	0	4
SCAF_426_region	18882	13036	0.69	0	4
SCAF_427	18874	18990	1.01	0	10
SCAF_427_region	18874	18990	1.01	0	10
SCAF_428	18866	316571	16.78	0	126
SCAF_428_region	18866	316571	16.78	0	126
SCAF_429	18866	32540	1.72	0	13
SCAF_429_region	18866	32540	1.72	0	13
SCAF_430	18815	2157	0.11	0	2
SCAF_430_region	18815	2157	0.11	0	2
SCAF_431	18805	86599	4.61	0	13
SCAF_431_region	18805	86599	4.61	0	13
SCAF_432	18790	100700	5.36	0	31
SCAF_432_region	18790	100700	5.36	0	31
SCAF_433	18773	6083	0.32	0	4
SCAF_433_region	18773	6083	0.32	0	4
SCAF_434	18766	15852	0.84	0	9
SCAF_434_region	18766	15852	0.84	0	9
SCAF_435	18753	280546	14.96	0	111
SCAF_435_region	18753	280546	14.96	0	111
SCAF_436	18746	48987	2.61	0	51
SCAF_436_region	18746	48987	2.61	0	51
SCAF_437	18721	18640	1.00	0	9
SCAF_437_region	18721	18640	1.00	0	9
SCAF_438	18669	10062	0.54	0	4
SCAF_438_region	18669	10062	0.54	0	4
SCAF_439	18588	82814	4.46	0	112
SCAF_439_region	18588	82814	4.46	0	112
SCAF_440	18561	99731	5.37	0	174
SCAF_440_region	18561	99731	5.37	0	174
SCAF_441	18530	18693	1.01	0	10
SCAF_441_region	18530	18693	1.01	0	10
SCAF_442	18489	8292	0.45	0	4
SCAF_442_region	18489	8292	0.45	0	4
SCAF_443	18479	11435	0.62	0	6
SCAF_443_region	18479	11435	0.62	0	6
SCAF_444	18424	40177	2.18	0	13
SCAF_444_region	18424	40177	2.18	0	13
SCAF_445	18396	8494	0.46	0	3
SCAF_445_region	18396	8494	0.46	0	3
SCAF_446	18392	82863	4.51	0	10
SCAF_446_region	18392	82863	4.51	0	10
SCAF_447	18255	11652	0.64	0	6
SCAF_447_region	18255	11652	0.64	0	6
SCAF_448	18252	26163	1.43	0	9
SCAF_448_region	18252	26163	1.43	0	9
SCAF_449	18248	7107	0.39	0	5
SCAF_449_region	18248	7107	0.39	0	5
SCAF_450	18208	8443	0.46	0	4
SCAF_450_region	18208	8443	0.46	0	4
SCAF_451	18202	19	0.00	0	1
SCAF_451_region	18202	19	0.00	0	1
SCAF_452	18192	8485	0.47	0	3
SCAF_452_region	18192	8485	0.47	0	3
SCAF_453	18150	14056	0.77	0	5
SCAF_453_region	18150	14056	0.77	0	5
SCAF_454	18134	749	0.04	0	2
SCAF_454_region	18134	749	0.04	0	2
SCAF_455	18114	6518	0.36	0	11
SCAF_455_region	18114	6518	0.36	0	11
SCAF_456	18112	10566	0.58	0	6
SCAF_456_region	18112	10566	0.58	0	6
SCAF_457	18054	93054	5.15	0	23
SCAF_457_region	18054	93054	5.15	0	23
SCAF_458	18006	10051	0.56	0	4
SCAF_458_region	18006	10051	0.56	0	4
SCAF_459	18000	3411	0.19	0	2
SCAF_459_region	18000	3411	0.19	0	2
SCAF_460	17967	63986	3.56	0	16
SCAF_460_region	17967	63986	3.56	0	16
SCAF_461	17943	17382	0.97	0	13
SCAF_461_region	17943	17382	0.97	0	13
SCAF_462	17929	52998	2.96	0	191
SCAF_462_region	17929	52998	2.96	0	191
SCAF_463	17921	613	0.03	0	1
SCAF_463_region	17921	613	0.03	0	1
SCAF_464	17913	13932	0.78	0	4
SCAF_464_region	17913	13932	0.78	0	4
SCAF_465	17912	3320	0.19	0	5
SCAF_465_region	17912	3320	0.19	0	5
SCAF_466	17886	80323	4.49	0	17
SCAF_466_region	17886	80323	4.49	0	17
SCAF_467	17859	37528	2.10	0	27
SCAF_467_region	17859	37528	2.10	0	27
SCAF_468	17837	7317	0.41	0	6
SCAF_468_region	17837	7317	0.41	0	6
SCAF_469	17802	6046	0.34	0	3
SCAF_469_region	17802	6046	0.34	0	3
SCAF_470	17776	11631	0.65	0	5
SCAF_470_region	17776	11631	0.65	0	5
SCAF_471	17682	11189	0.63	0	4
SCAF_471_region	17682	11189	0.63	0	4
SCAF_472	17646	24953	1.41	0	12
SCAF_472_region	17646	24953	1.41	0	12
SCAF_473	17646	20407	1.16	0	12
SCAF_473_region	17646	20407	1.16	0	12
SCAF_474	17642	692234	39.24	0	96
SCAF_474_region	17642	692234	39.24	0	96
SCAF_475	17613	1991	0.11	0	15
SCAF_475_region	17613	1991	0.11	0	15
SCAF_476	17602	88952	5.05	0	197
SCAF_476_region	17602	88952	5.05	0	197
SCAF_477	17571	3752	0.21	0	3
SCAF_477_region	17571	3752	0.21	0	3
SCAF_478	17535	2608	0.15	0	4
SCAF_478_region	17535	2608	0.15	0	4
SCAF_479	17528	376417	21.48	1	77
SCAF_479_region	17528	376417	21.48	1	77
SCAF_480	17503	2241	0.13	0	2
SCAF_480_region	17503	2241	0.13	0	2
SCAF_481	17502	7545	0.43	0	4
SCAF_481_region	17502	7545	0.43	0	4
SCAF_482	17480	1736	0.10	0	2
SCAF_482_region	17480	1736	0.10	0	2
SCAF_483	17476	8734	0.50	0	4
SCAF_483_region	17476	8734	0.50	0	4
SCAF_484	17457	60389	3.46	0	61
SCAF_484_region	17457	60389	3.46	0	61
SCAF_485	17386	12349	0.71	0	6
SCAF_485_region	17386	12349	0.71	0	6
SCAF_486	17362	11712	0.67	0	4
SCAF_486_region	17362	11712	0.67	0	4
SCAF_487	17332	3966	0.23	0	2
SCAF_487_region	17332	3966	0.23	0	2
SCAF_488	17327	9307	0.54	0	3
SCAF_488_region	17327	9307	0.54	0	3
SCAF_489	17303	9223	0.53	0	6
SCAF_489_region	17303	9223	0.53	0	6
SCAF_490	17273	6747	0.39	0	4
SCAF_490_region	17273	6747	0.39	0	4
SCAF_491	17245	7217	0.42	0	88
SCAF_491_region	17245	7217	0.42	0	88
SCAF_492	17239	19200	1.11	0	6
SCAF_492_region	17239	19200	1.11	0	6
SCAF_493	17219	11984	0.70	0	4
SCAF_493_region	17219	11984	0.70	0	4
SCAF_494	17218	4594	0.27	0	3
SCAF_494_region	17218	4594	0.27	0	3
SCAF_495	17211	7263	0.42	0	5
SCAF_495_region	17211	7263	0.42	0	5
SCAF_496	17198	22576	1.31	0	101
SCAF_496_region	17198	22576	1.31	0	101
SCAF_497	17190	2553	0.15	0	2
SCAF_497_region	17190	2553	0.15	0	2
SCAF_498	17162	41290	2.41	0	12
SCAF_498_region	17162	41290	2.41	0	12
SCAF_499	17147	2933	0.17	0	3
SCAF_499_region	17147	2933	0.17	0	3
SCAF_500	17144	13266	0.77	0	7
SCAF_500_region	17144	13266	0.77	0	7
SCAF_501	17142	8888	0.52	0	4
SCAF_501_region	17142	8888	0.52	0	4
SCAF_502	17124	16442	0.96	0	14
SCAF_502_region	17124	16442	0.96	0	14
SCAF_503	17118	65962	3.85	0	12
SCAF_503_region	17118	65962	3.85	0	12
SCAF_504	17076	127449	7.46	0	54
SCAF_504_region	17076	127449	7.46	0	54
SCAF_505	17047	716606	42.04	0	88
SCAF_505_region	17047	716606	42.04	0	88
SCAF_506	17043	175916	10.32	0	83
SCAF_506_region	17043	175916	10.32	0	83
SCAF_507	17035	20368	1.20	0	12
SCAF_507_region	17035	20368	1.20	0	12
SCAF_508	17021	25886	1.52	0	16
SCAF_508_region	17021	25886	1.52	0	16
SCAF_509	16971	9753	0.57	0	4
SCAF_509_region	16971	9753	0.57	0	4
SCAF_510	16897	95776	5.67	0	40
SCAF_510_region	16897	95776	5.67	0	40
SCAF_511	16849	2932	0.17	0	2
SCAF_511_region	16849	2932	0.17	0	2
SCAF_512	16807	5257	0.31	0	4
SCAF_512_region	16807	5257	0.31	0	4
SCAF_513	16787	3540	0.21	0	3
SCAF_513_region	16787	3540	0.21	0	3
SCAF_514	16784	8139	0.48	0	4
SCAF_514_region	16784	8139	0.48	0	4
SCAF_515	16776	9676	0.58	0	6
SCAF_515_region	16776	9676	0.58	0	6
SCAF_516	16745	3042	0.18	0	8
SCAF_516_region	16745	3042	0.18	0	8
SCAF_517	16741	4196	0.25	0	5
SCAF_517_region	16741	4196	0.25	0	5
SCAF_518	16733	55598	3.32	0	13
SCAF_518_region	16733	55598	3.32	0	13
SCAF_519	16710	17067	1.02	0	8
SCAF_519_region	16710	17067	1.02	0	8
SCAF_520	16702	470183	28.15	0	108
SCAF_520_region	16702	470183	28.15	0	108
SCAF_521	16701	5452	0.33	0	3
SCAF_521_region	16701	5452	0.33	0	3
SCAF_522	16645	11225	0.67	0	16
SCAF_522_region	16645	11225	0.67	0	16
SCAF_523	16623	7523	0.45	0	4
SCAF_523_region	16623	7523	0.45	0	4
SCAF_524	16568	5772	0.35	0	7
SCAF_524_region	16568	5772	0.35	0	7
SCAF_525	16548	12837	0.78	0	8
SCAF_525_region	16548	12837	0.78	0	8
SCAF_526	16541	18049	1.09	0	22
SCAF_526_region	16541	18049	1.09	0	22
SCAF_527	16518	570704	34.55	0	101
SCAF_527_region	16518	570704	34.55	0	101
SCAF_528	16510	15089	0.91	0	9
SCAF_528_region	16510	15089	0.91	0	9
SCAF_529	16492	16322	0.99	0	9
SCAF_529_region	16492	16322	0.99	0	9
SCAF_530	16462	12064	0.73	0	9
SCAF_530_region	16462	12064	0.73	0	9
SCAF_531	16461	4737	0.29	0	2
SCAF_531_region	16461	4737	0.29	0	2
SCAF_532	16447	17739	1.08	0	10
SCAF_532_region	16447	17739	1.08	0	10
SCAF_533	16383	18354	1.12	0	13
SCAF_533_region	16383	18354	1.12	0	13
SCAF_534	16345	15470	0.95	0	10
SCAF_534_region	16345	15470	0.95	0	10
SCAF_535	16343	7085	0.43	0	5
SCAF_535_region	16343	7085	0.43	0	5
SCAF_536	16333	11306	0.69	0	10
SCAF_536_region	16333	11306	0.69	0	10
SCAF_537	16287	38659	2.37	0	11
SCAF_537_region	16287	38659	2.37	0	11
SCAF_538	16266	2260	0.14	0	3
SCAF_538_region	16266	2260	0.14	0	3
SCAF_539	16246	2651	0.16	0	3
SCAF_539_region	16246	2651	0.16	0	3
SCAF_540	16245	16462	1.01	0	7
SCAF_540_region	16245	16462	1.01	0	7
SCAF_541	16215	10476	0.65	0	5
SCAF_541_region	16215	10476	0.65	0	5
SCAF_542	16208	12833	0.79	0	12
SCAF_542_region	16208	12833	0.79	0	12
SCAF_543	16160	6434	0.40	0	7
SCAF_543_region	16160	6434	0.40	0	7
SCAF_544	16140	3299	0.20	0	2
SCAF_544_region	16140	3299	0.20	0	2
SCAF_545	16102	8805	0.55	0	4
SCAF_545_region	16102	8805	0.55	0	4
SCAF_546	16083	9875	0.61	0	5
SCAF_546_region	16083	9875	0.61	0	5
SCAF_547	16037	6869	0.43	0	4
SCAF_547_region	16037	6869	0.43	0	4
SCAF_548	16034	52987	3.30	0	13
SCAF_548_region	16034	52987	3.30	0	13
SCAF_549	16030	10863	0.68	0	7
SCAF_549_region	16030	10863	0.68	0	7
SCAF_550	16027	1106	0.07	0	3
SCAF_550_region	16027	1106	0.07	0	3
SCAF_551	15990	64110	4.01	0	21
SCAF_551_region	15990	64110	4.01	0	21
SCAF_552	15913	94202	5.92	0	15
SCAF_552_region	15913	94202	5.92	0	15
SCAF_553	15906	34652	2.18	0	13
SCAF_553_region	15906	34652	2.18	0	13
SCAF_554	15898	4777	0.30	0	3
SCAF_554_region	15898	4777	0.30	0	3
SCAF_555	15891	4407	0.28	0	6
SCAF_555_region	15891	4407	0.28	0	6
SCAF_556	15885	5865	0.37	0	3
SCAF_556_region	15885	5865	0.37	0	3
SCAF_557	15855	9266	0.58	0	7
SCAF_557_region	15855	9266	0.58	0	7
SCAF_558	15839	8456	0.53	0	7
SCAF_558_region	15839	8456	0.53	0	7
SCAF_559	15827	10227	0.65	0	4
SCAF_559_region	15827	10227	0.65	0	4
SCAF_560	15823	25705	1.62	0	18
SCAF_560_region	15823	25705	1.62	0	18
SCAF_561	15791	12105	0.77	0	15
SCAF_561_region	15791	12105	0.77	0	15
SCAF_562	15777	806226	51.10	0	127
SCAF_562_region	15777	806226	51.10	0	127
SCAF_563	15776	26148	1.66	0	10
SCAF_563_region	15776	26148	1.66	0	10
SCAF_564	15761	12836	0.81	0	4
SCAF_564_region	15761	12836	0.81	0	4
SCAF_565	15717	7017	0.45	0	5
SCAF_565_region	15717	7017	0.45	0	5
SCAF_566	15706	4471	0.28	0	3
SCAF_566_region	15706	4471	0.28	0	3
SCAF_567	15696	6480	0.41	0	5
SCAF_567_region	15696	6480	0.41	0	5
SCAF_568	15657	9172	0.59	0	7
SCAF_568_region	15657	9172	0.59	0	7
SCAF_569	15650	3120	0.20	0	4
SCAF_569_region	15650	3120	0.20	0	4
SCAF_570	15646	16837	1.08	0	10
SCAF_570_region	15646	16837	1.08	0	10
SCAF_571	15619	4204	0.27	0	2
SCAF_571_region	15619	4204	0.27	0	2
SCAF_572	15612	15026	0.96	0	11
SCAF_572_region	15612	15026	0.96	0	11
SCAF_573	15605	5281	0.34	0	3
SCAF_573_region	15605	5281	0.34	0	3
SCAF_574	15575	16648	1.07	0	11
SCAF_574_region	15575	16648	1.07	0	11
SCAF_575	15573	10068	0.65	0	4
SCAF_575_region	15573	10068	0.65	0	4
SCAF_576	15571	24134	1.55	0	12
SCAF_576_region	15571	24134	1.55	0	12
SCAF_577	15544	1764	0.11	0	1
SCAF_577_region	15544	1764	0.11	0	1
SCAF_578	15521	3610	0.23	0	2
SCAF_578_region	15521	3610	0.23	0	2
SCAF_579	15497	92140	5.95	0	178
SCAF_579_region	15497	92140	5.95	0	178
SCAF_580	15481	3359	0.22	0	3
SCAF_580_region	15481	3359	0.22	0	3
SCAF_581	15458	17947	1.16	0	11
SCAF_581_region	15458	17947	1.16	0	11
SCAF_582	15439	42209	2.73	0	12
SCAF_582_region	15439	42209	2.73	0	12
SCAF_583	15421	14357	0.93	0	10
SCAF_583_region	15421	14357	0.93	0	10
SCAF_584	15337	8320	0.54	0	6
SCAF_584_region	15337	8320	0.54	0	6
SCAF_585	15336	7273	0.47	0	3
SCAF_585_region	15336	7273	0.47	0	3
SCAF_586	15301	36484	2.38	0	14
SCAF_586_region	15301	36484	2.38	0	14
SCAF_587	15300	281413	18.39	0	146
SCAF_587_region	15300	281413	18.39	0	146
SCAF_588	15298	3326	0.22	0	3
SCAF_588_region	15298	3326	0.22	0	3
SCAF_589	15238	17711	1.16	0	13
SCAF_589_region	15238	17711	1.16	0	13
SCAF_590	15205	63024	4.14	0	15
SCAF_590_region	15205	63024	4.14	0	15
SCAF_591	15162	75789	5.00	0	15
SCAF_591_region	15162	75789	5.00	0	15
SCAF_592	15154	5968	0.39	0	3
SCAF_592_region	15154	5968	0.39	0	3
SCAF_593	15087	17400	1.15	0	6
SCAF_593_region	15087	17400	1.15	0	6
SCAF_594	15082	55932	3.71	0	19
SCAF_594_region	15082	55932	3.71	0	19
SCAF_595	15055	93421	6.21	0	15
SCAF_595_region	15055	93421	6.21	0	15
SCAF_596	15045	2927	0.19	0	3
SCAF_596_region	15045	2927	0.19	0	3
SCAF_597	15030	13285	0.88	0	4
SCAF_597_region	15030	13285	0.88	0	4
SCAF_598	15027	11989	0.80	0	7
SCAF_598_region	15027	11989	0.80	0	7
SCAF_599	15000	72296	4.82	0	16
SCAF_599_region	15000	72296	4.82	0	16
SCAF_600	14995	8950	0.60	0	16
SCAF_600_region	14995	8950	0.60	0	16
SCAF_601	14985	13529	0.90	0	14
SCAF_601_region	14985	13529	0.90	0	14
SCAF_602	14930	8140	0.55	0	4
SCAF_602_region	14930	8140	0.55	0	4
SCAF_603	14898	3624	0.24	0	3
SCAF_603_region	14898	3624	0.24	0	3
SCAF_604	14863	4608	0.31	0	3
SCAF_604_region	14863	4608	0.31	0	3
SCAF_605	14840	10500	0.71	0	5
SCAF_605_region	14840	10500	0.71	0	5
SCAF_606	14808	2432	0.16	0	2
SCAF_606_region	14808	2432	0.16	0	2
SCAF_607	14807	108330	7.32	0	37
SCAF_607_region	14807	108330	7.32	0	37
SCAF_608	14785	12840	0.87	0	9
SCAF_608_region	14785	12840	0.87	0	9
SCAF_609	14742	135911	9.22	0	72
SCAF_609_region	14742	135911	9.22	0	72
SCAF_610	14738	10675	0.72	0	6
SCAF_610_region	14738	10675	0.72	0	6
SCAF_611	14737	62603	4.25	0	16
SCAF_611_region	14737	62603	4.25	0	16
SCAF_612	14712	640098	43.51	0	95
SCAF_612_region	14712	640098	43.51	0	95
SCAF_613	14708	16917	1.15	0	9
SCAF_613_region	14708	16917	1.15	0	9
SCAF_614	14694	63	0.00	0	2
SCAF_614_region	14694	63	0.00	0	2
SCAF_615	14684	5877	0.40	0	12
SCAF_615_region	14684	5877	0.40	0	12
SCAF_616	14676	3823	0.26	0	3
SCAF_616_region	14676	3823	0.26	0	3
SCAF_617	14662	5096	0.35	0	5
SCAF_617_region	14662	5096	0.35	0	5
SCAF_618	14658	5700	0.39	0	3
SCAF_618_region	14658	5700	0.39	0	3
SCAF_619	14650	16208	1.11	0	117
SCAF_619_region	14650	16208	1.11	0	117
SCAF_620	14639	6471	0.44	0	6
SCAF_620_region	14639	6471	0.44	0	6
SCAF_621	14614	214093	14.65	0	94
SCAF_621_region	14614	214093	14.65	0	94
SCAF_622	14596	6513	0.45	0	6
SCAF_622_region	14596	6513	0.45	0	6
SCAF_623	14590	18964	1.30	0	11
SCAF_623_region	14590	18964	1.30	0	11
SCAF_624	14581	2600	0.18	0	2
SCAF_624_region	14581	2600	0.18	0	2
SCAF_625	14547	13060	0.90	0	9
SCAF_625_region	14547	13060	0.90	0	9
SCAF_626	14527	14679	1.01	0	11
SCAF_626_region	14527	14679	1.01	0	11
SCAF_627	14523	3242	0.22	0	4
SCAF_627_region	14523	3242	0.22	0	4
SCAF_628	14498	15813	1.09	0	6
SCAF_628_region	14498	15813	1.09	0	6
SCAF_629	14453	4668	0.32	0	5
SCAF_629_region	14453	4668	0.32	0	5
SCAF_630	14414	7530	0.52	0	12
SCAF_630_region	14414	7530	0.52	0	12
SCAF_631	14395	1760	0.12	0	4
SCAF_631_region	14395	1760	0.12	0	4
SCAF_632	14385	16021	1.11	0	6
SCAF_632_region	14385	16021	1.11	0	6
SCAF_633	14371	5818	0.40	0	5
SCAF_633_region	14371	5818	0.40	0	5
SCAF_634	14371	6657	0.46	0	4
SCAF_634_region	14371	6657	0.46	0	4
SCAF_635	14280	114643	8.03	0	72
SCAF_635_region	14280	114643	8.03	0	72
SCAF_636	14276	7896	0.55	0	4
SCAF_636_region	14276	7896	0.55	0	4
SCAF_637	14236	62156	4.37	0	12
SCAF_637_region	14236	62156	4.37	0	12
SCAF_638	14229	8157	0.57	0	5
SCAF_638_region	14229	8157	0.57	0	5
SCAF_639	14202	3796	0.27	0	3
SCAF_639_region	14202	3796	0.27	0	3
SCAF_640	14111	12182	0.86	0	10
SCAF_640_region	14111	12182	0.86	0	10
SCAF_641	14088	7316	0.52	0	3
SCAF_641_region	14088	7316	0.52	0	3
SCAF_642	14005	9320	0.67	0	4
SCAF_642_region	14005	9320	0.67	0	4
SCAF_643	13977	661663	47.34	0	89
SCAF_643_region	13977	661663	47.34	0	89
SCAF_644	13890	8706	0.63	0	4
SCAF_644_region	13890	8706	0.63	0	4
SCAF_645	13875	5723	0.41	0	3
SCAF_645_region	13875	5723	0.41	0	3
SCAF_646	13874	127110	9.16	0	44
SCAF_646_region	13874	127110	9.16	0	44
SCAF_647	13848	5117	0.37	0	5
SCAF_647_region	13848	5117	0.37	0	5
SCAF_648	13847	82673	5.97	0	80
SCAF_648_region	13847	82673	5.97	0	80
SCAF_649	13838	9766	0.71	0	12
SCAF_649_region	13838	9766	0.71	0	12
SCAF_650	13812	6964	0.50	0	3
SCAF_650_region	13812	6964	0.50	0	3
SCAF_651	13758	66066	4.80	0	14
SCAF_651_region	13758	66066	4.80	0	14
SCAF_652	13727	9917	0.72	0	4
SCAF_652_region	13727	9917	0.72	0	4
SCAF_653	13703	6701	0.49	0	5
SCAF_653_region	13703	6701	0.49	0	5
SCAF_654	13701	3194	0.23	0	2
SCAF_654_region	13701	3194	0.23	0	2
SCAF_655	13677	4582	0.34	0	3
SCAF_655_region	13677	4582	0.34	0	3
SCAF_656	13622	7494	0.55	0	4
SCAF_656_region	13622	7494	0.55	0	4
SCAF_657	13584	6105	0.45	0	5
SCAF_657_region	13584	6105	0.45	0	5
SCAF_658	13583	7470	0.55	0	5
SCAF_658_region	13583	7470	0.55	0	5
SCAF_659	13535	6062	0.45	0	5
SCAF_659_region	13535	6062	0.45	0	5
SCAF_660	13535	4688	0.35	0	3
SCAF_660_region	13535	4688	0.35	0	3
SCAF_661	13499	8014	0.59	0	4
SCAF_661_region	13499	8014	0.59	0	4
SCAF_662	13464	5023	0.37	0	3
SCAF_662_region	13464	5023	0.37	0	3
SCAF_663	13438	13521	1.01	0	14
SCAF_663_region	13438	13521	1.01	0	14
SCAF_664	13385	486595	36.35	0	82
SCAF_664_region	13385	486595	36.35	0	82
SCAF_665	13357	3063	0.23	0	2
SCAF_665_region	13357	3063	0.23	0	2
SCAF_666	13330	3742	0.28	0	3
SCAF_666_region	13330	3742	0.28	0	3
SCAF_667	13327	16108	1.21	0	16
SCAF_667_region	13327	16108	1.21	0	16
SCAF_668	13319	6820	0.51	0	5
SCAF_668_region	13319	6820	0.51	0	5
SCAF_669	13303	66867	5.03	0	13
SCAF_669_region	13303	66867	5.03	0	13
SCAF_670	13293	7605	0.57	0	3
SCAF_670_region	13293	7605	0.57	0	3
SCAF_671	13288	44580	3.35	0	14
SCAF_671_region	13288	44580	3.35	0	14
SCAF_672	13266	12854	0.97	0	6
SCAF_672_region	13266	12854	0.97	0	6
SCAF_673	13189	2062	0.16	0	20
SCAF_673_region	13189	2062	0.16	0	20
SCAF_674	13149	113411	8.63	0	27
SCAF_674_region	13149	113411	8.63	0	27
SCAF_675	13128	9039	0.69	0	7
SCAF_675_region	13128	9039	0.69	0	7
SCAF_676	13120	23980	1.83	0	9
SCAF_676_region	13120	23980	1.83	0	9
SCAF_677	13080	85934	6.57	0	229
SCAF_677_region	13080	85934	6.57	0	229
SCAF_678	13050	3286	0.25	0	5
SCAF_678_region	13050	3286	0.25	0	5
SCAF_679	13043	10823	0.83	0	8
SCAF_679_region	13043	10823	0.83	0	8
SCAF_680	13008	11673	0.90	0	9
SCAF_680_region	13008	11673	0.90	0	9
SCAF_681	13001	6535	0.50	0	5
SCAF_681_region	13001	6535	0.50	0	5
SCAF_682	12997	110292	8.49	0	93
SCAF_682_region	12997	110292	8.49	0	93
SCAF_683	12986	3316	0.26	0	4
SCAF_683_region	12986	3316	0.26	0	4
SCAF_684	12871	9256	0.72	0	4
SCAF_684_region	12871	9256	0.72	0	4
SCAF_685	12842	2409	0.19	0	5
SCAF_685_region	12842	2409	0.19	0	5
SCAF_686	12830	8564	0.67	0	11
SCAF_686_region	12830	8564	0.67	0	11
SCAF_687	12781	3012	0.24	0	3
SCAF_687_region	12781	3012	0.24	0	3
SCAF_688	12768	39211	3.07	0	31
SCAF_688_region	12768	39211	3.07	0	31
SCAF_689	12768	5450	0.43	0	4
SCAF_689_region	12768	5450	0.43	0	4
SCAF_690	12764	12163	0.95	0	6
SCAF_690_region	12764	12163	0.95	0	6
SCAF_691	12677	5913	0.47	0	4
SCAF_691_region	12677	5913	0.47	0	4
SCAF_692	12675	2608	0.21	0	3
SCAF_692_region	12675	2608	0.21	0	3
SCAF_693	12651	7421	0.59	0	4
SCAF_693_region	12651	7421	0.59	0	4
SCAF_694	12646	5416	0.43	0	4
SCAF_694_region	12646	5416	0.43	0	4
SCAF_695	12643	26529	2.10	0	11
SCAF_695_region	12643	26529	2.10	0	11
SCAF_696	12633	7116	0.56	0	3
SCAF_696_region	12633	7116	0.56	0	3
SCAF_697	12625	2299	0.18	0	5
SCAF_697_region	12625	2299	0.18	0	5
SCAF_698	12617	22449	1.78	0	18
SCAF_698_region	12617	22449	1.78	0	18
SCAF_699	12540	8158	0.65	0	6
SCAF_699_region	12540	8158	0.65	0	6
SCAF_700	12515	128	0.01	0	2
SCAF_700_region	12515	128	0.01	0	2
SCAF_701	12482	970	0.08	0	2
SCAF_701_region	12482	970	0.08	0	2
SCAF_702	12461	15214	1.22	0	12
SCAF_702_region	12461	15214	1.22	0	12
SCAF_703	12456	106015	8.51	0	52
SCAF_703_region	12456	106015	8.51	0	52
SCAF_704	12456	4202	0.34	0	6
SCAF_704_region	12456	4202	0.34	0	6
SCAF_705	12358	5650	0.46	0	12
SCAF_705_region	12358	5650	0.46	0	12
SCAF_706	12350	60385	4.89	0	13
SCAF_706_region	12350	60385	4.89	0	13
SCAF_707	12343	4552	0.37	0	3
SCAF_707_region	12343	4552	0.37	0	3
SCAF_708	12333	2414	0.20	0	2
SCAF_708_region	12333	2414	0.20	0	2
SCAF_709	12319	589660	47.87	0	93
SCAF_709_region	12319	589660	47.87	0	93
SCAF_710	12288	4048	0.33	0	3
SCAF_710_region	12288	4048	0.33	0	3
SCAF_711	12252	65501	5.35	0	13
SCAF_711_region	12252	65501	5.35	0	13
SCAF_712	12218	119323	9.77	0	284
SCAF_712_region	12218	119323	9.77	0	284
SCAF_713	12177	64953	5.33	0	12
SCAF_713_region	12177	64953	5.33	0	12
SCAF_714	12167	4913	0.40	0	25
SCAF_714_region	12167	4913	0.40	0	25
SCAF_715	12163	221	0.02	0	1
SCAF_715_region	12163	221	0.02	0	1
SCAF_716	12143	2734	0.23	0	3
SCAF_716_region	12143	2734	0.23	0	3
SCAF_717	12102	5535	0.46	0	4
SCAF_717_region	12102	5535	0.46	0	4
SCAF_718	12099	6143	0.51	0	12
SCAF_718_region	12099	6143	0.51	0	12
SCAF_719	12095	4887	0.40	0	3
SCAF_719_region	12095	4887	0.40	0	3
SCAF_720	12085	14237	1.18	0	9
SCAF_720_region	12085	14237	1.18	0	9
SCAF_721	12078	8977	0.74	0	5
SCAF_721_region	12078	8977	0.74	0	5
SCAF_722	12066	2784	0.23	0	5
SCAF_722_region	12066	2784	0.23	0	5
SCAF_723	12015	4871	0.41	0	3
SCAF_723_region	12015	4871	0.41	0	3
SCAF_724	12004	8993	0.75	0	10
SCAF_724_region	12004	8993	0.75	0	10
SCAF_725	11949	7675	0.64	0	7
SCAF_725_region	11949	7675	0.64	0	7
SCAF_726	11911	3625	0.30	0	2
SCAF_726_region	11911	3625	0.30	0	2
SCAF_727	11900	1334	0.11	0	2
SCAF_727_region	11900	1334	0.11	0	2
SCAF_728	11869	19737	1.66	0	21
SCAF_728_region	11869	19737	1.66	0	21
SCAF_729	11788	64919	5.51	0	15
SCAF_729_region	11788	64919	5.51	0	15
SCAF_730	11785	47663	4.04	0	12
SCAF_730_region	11785	47663	4.04	0	12
SCAF_731	11750	16137	1.37	0	6
SCAF_731_region	11750	16137	1.37	0	6
SCAF_732	11699	2963	0.25	0	5
SCAF_732_region	11699	2963	0.25	0	5
SCAF_733	11674	6807	0.58	0	3
SCAF_733_region	11674	6807	0.58	0	3
SCAF_734	11658	9868	0.85	0	5
SCAF_734_region	11658	9868	0.85	0	5
SCAF_735	11648	23914	2.05	0	10
SCAF_735_region	11648	23914	2.05	0	10
SCAF_736	11642	5278	0.45	0	3
SCAF_736_region	11642	5278	0.45	0	3
SCAF_737	11612	2389	0.21	0	2
SCAF_737_region	11612	2389	0.21	0	2
SCAF_738	11595	2965	0.26	0	3
SCAF_738_region	11595	2965	0.26	0	3
SCAF_739	11525	102194	8.87	0	236
SCAF_739_region	11525	102194	8.87	0	236
SCAF_740	11505	5500	0.48	0	4
SCAF_740_region	11505	5500	0.48	0	4
SCAF_741	11492	1627	0.14	0	2
SCAF_741_region	11492	1627	0.14	0	2
SCAF_742	11467	990605	86.39	0	250
SCAF_742_region	11467	990605	86.39	0	250
SCAF_743	11404	2830	0.25	0	3
SCAF_743_region	11404	2830	0.25	0	3
SCAF_744	11377	4523	0.40	0	6
SCAF_744_region	11377	4523	0.40	0	6
SCAF_745	11364	2308	0.20	0	3
SCAF_745_region	11364	2308	0.20	0	3
SCAF_746	11318	338	0.03	0	1
SCAF_746_region	11318	338	0.03	0	1
SCAF_747	11311	3970	0.35	0	24
SCAF_747_region	11311	3970	0.35	0	24
SCAF_748	11306	9973	0.88	0	5
SCAF_748_region	11306	9973	0.88	0	5
SCAF_749	11299	3449	0.31	0	4
SCAF_749_region	11299	3449	0.31	0	4
SCAF_750	11284	8029	0.71	0	6
SCAF_750_region	11284	8029	0.71	0	6
SCAF_751	11276	6213	0.55	0	7
SCAF_751_region	11276	6213	0.55	0	7
SCAF_752	11267	4888	0.43	0	4
SCAF_752_region	11267	4888	0.43	0	4
SCAF_753	11254	4221	0.38	0	4
SCAF_753_region	11254	4221	0.38	0	4
SCAF_754	11236	10070	0.90	0	24
SCAF_754_region	11236	10070	0.90	0	24
SCAF_755	11231	1564	0.14	0	2
SCAF_755_region	11231	1564	0.14	0	2
SCAF_756	11200	89478	7.99	0	40
SCAF_756_region	11200	89478	7.99	0	40
SCAF_757	11195	4181	0.37	0	4
SCAF_757_region	11195	4181	0.37	0	4
SCAF_758	11126	9280	0.83	0	5
SCAF_758_region	11126	9280	0.83	0	5
SCAF_759	11118	4667	0.42	0	6
SCAF_759_region	11118	4667	0.42	0	6
SCAF_760	11100	3308	0.30	0	2
SCAF_760_region	11100	3308	0.30	0	2
SCAF_761	11097	7521	0.68	0	5
SCAF_761_region	11097	7521	0.68	0	5
SCAF_762	11029	9848	0.89	0	7
SCAF_762_region	11029	9848	0.89	0	7
SCAF_763	11019	40109	3.64	0	21
SCAF_763_region	11019	40109	3.64	0	21
SCAF_764	10979	58	0.01	0	3
SCAF_764_region	10979	58	0.01	0	3
SCAF_765	10957	1715	0.16	0	2
SCAF_765_region	10957	1715	0.16	0	2
SCAF_766	10940	8976	0.82	0	7
SCAF_766_region	10940	8976	0.82	0	7
SCAF_767	10913	62308	5.71	0	15
SCAF_767_region	10913	62308	5.71	0	15
SCAF_768	10886	21541	1.98	0	11
SCAF_768_region	10886	21541	1.98	0	11
SCAF_769	10867	2124	0.20	0	4
SCAF_769_region	10867	2124	0.20	0	4
SCAF_770	10816	1032	0.10	0	8
SCAF_770_region	10816	1032	0.10	0	8
SCAF_771	10810	682	0.06	0	1
SCAF_771_region	10810	682	0.06	0	1
SCAF_772	10709	6524	0.61	0	5
SCAF_772_region	10709	6524	0.61	0	5
SCAF_773	10688	78129	7.31	0	132
SCAF_773_region	10688	78129	7.31	0	132
SCAF_774	10648	131341	12.33	0	45
SCAF_774_region	10648	131341	12.33	0	45
SCAF_775	10642	2784	0.26	0	2
SCAF_775_region	10642	2784	0.26	0	2
SCAF_776	10612	5560	0.52	0	4
SCAF_776_region	10612	5560	0.52	0	4
SCAF_777	10608	52749	4.97	0	13
SCAF_777_region	10608	52749	4.97	0	13
SCAF_778	10604	1039	0.10	0	3
SCAF_778_region	10604	1039	0.10	0	3
SCAF_779	10578	1567	0.15	0	2
SCAF_779_region	10578	1567	0.15	0	2
SCAF_780	10571	1704	0.16	0	2
SCAF_780_region	10571	1704	0.16	0	2
SCAF_781	10511	5348	0.51	0	4
SCAF_781_region	10511	5348	0.51	0	4
SCAF_782	10492	1437	0.14	0	2
SCAF_782_region	10492	1437	0.14	0	2
SCAF_783	10421	5946	0.57	0	5
SCAF_783_region	10421	5946	0.57	0	5
SCAF_784	10379	24738	2.38	0	10
SCAF_784_region	10379	24738	2.38	0	10
SCAF_785	10337	6572	0.64	0	6
SCAF_785_region	10337	6572	0.64	0	6
SCAF_786	10326	11315	1.10	0	8
SCAF_786_region	10326	11315	1.10	0	8
SCAF_787	10326	6683	0.65	0	6
SCAF_787_region	10326	6683	0.65	0	6
SCAF_788	10316	4789	0.46	0	5
SCAF_788_region	10316	4789	0.46	0	5
SCAF_789	10256	79	0.01	0	2
SCAF_789_region	10256	79	0.01	0	2
SCAF_790	10228	10424	1.02	0	9
SCAF_790_region	10228	10424	1.02	0	9
SCAF_791	10185	5517	0.54	0	4
SCAF_791_region	10185	5517	0.54	0	4
SCAF_792	10184	15136	1.49	0	9
SCAF_792_region	10184	15136	1.49	0	9
SCAF_793	10160	15600	1.54	0	10
SCAF_793_region	10160	15600	1.54	0	10
SCAF_794	10147	3778	0.37	0	3
SCAF_794_region	10147	3778	0.37	0	3
SCAF_795	10110	8903	0.88	0	5
SCAF_795_region	10110	8903	0.88	0	5
SCAF_796	10045	1865	0.19	0	2
SCAF_796_region	10045	1865	0.19	0	2
SCAF_797	10015	536	0.05	0	3
SCAF_797_region	10015	536	0.05	0	3
SCAF_798	10012	5141	0.51	0	3
SCAF_798_region	10012	5141	0.51	0	3
SCAF_799	9978	63668	6.38	0	33
SCAF_799_region	9978	63668	6.38	0	33
SCAF_800	9947	2932	0.29	0	23
SCAF_800_region	9947	2932	0.29	0	23
SCAF_801	9941	1740	0.18	0	3
SCAF_801_region	9941	1740	0.18	0	3
SCAF_802	9910	2291	0.23	0	2
SCAF_802_region	9910	2291	0.23	0	2
SCAF_803	9879	4066	0.41	0	14
SCAF_803_region	9879	4066	0.41	0	14
SCAF_804	9861	41613	4.22	0	35
SCAF_804_region	9861	41613	4.22	0	35
SCAF_805	9859	2868	0.29	0	5
SCAF_805_region	9859	2868	0.29	0	5
SCAF_806	9855	4538	0.46	0	3
SCAF_806_region	9855	4538	0.46	0	3
SCAF_807	9792	8236	0.84	0	6
SCAF_807_region	9792	8236	0.84	0	6
SCAF_808	9784	3471	0.35	0	3
SCAF_808_region	9784	3471	0.35	0	3
SCAF_809	9773	70599	7.22	0	23
SCAF_809_region	9773	70599	7.22	0	23
SCAF_810	9756	549	0.06	0	2
SCAF_810_region	9756	549	0.06	0	2
SCAF_811	9753	49850	5.11	0	149
SCAF_811_region	9753	49850	5.11	0	149
SCAF_812	9719	2597	0.27	0	6
SCAF_812_region	9719	2597	0.27	0	6
SCAF_813	9715	1303	0.13	0	2
SCAF_813_region	9715	1303	0.13	0	2
SCAF_814	9708	4404	0.45	0	5
SCAF_814_region	9708	4404	0.45	0	5
SCAF_815	9700	6777	0.70	0	5
SCAF_815_region	9700	6777	0.70	0	5
SCAF_816	9673	5493	0.57	0	15
SCAF_816_region	9673	5493	0.57	0	15
SCAF_817	9638	2292	0.24	0	4
SCAF_817_region	9638	2292	0.24	0	4
SCAF_818	9601	9549	0.99	0	4
SCAF_818_region	9601	9549	0.99	0	4
SCAF_819	9601	1385	0.14	0	2
SCAF_819_region	9601	1385	0.14	0	2
SCAF_820	9550	96046	10.06	0	29
SCAF_820_region	9550	96046	10.06	0	29
SCAF_821	9533	3922	0.41	0	3
SCAF_821_region	9533	3922	0.41	0	3
SCAF_822	9498	4688	0.49	0	4
SCAF_822_region	9498	4688	0.49	0	4
SCAF_823	9466	275708	29.13	0	118
SCAF_823_region	9466	275708	29.13	0	118
SCAF_824	9457	891	0.09	0	25
SCAF_824_region	9457	891	0.09	0	25
SCAF_825	9446	5779	0.61	0	7
SCAF_825_region	9446	5779	0.61	0	7
SCAF_826	9385	10705	1.14	0	8
SCAF_826_region	9385	10705	1.14	0	8
SCAF_827	9376	13788	1.47	0	14
SCAF_827_region	9376	13788	1.47	0	14
SCAF_828	9365	1198	0.13	0	2
SCAF_828_region	9365	1198	0.13	0	2
SCAF_829	9320	976	0.10	0	3
SCAF_829_region	9320	976	0.10	0	3
SCAF_830	9303	8368	0.90	0	4
SCAF_830_region	9303	8368	0.90	0	4
SCAF_831	9295	4345	0.47	0	9
SCAF_831_region	9295	4345	0.47	0	9
SCAF_832	9282	9396	1.01	0	6
SCAF_832_region	9282	9396	1.01	0	6
SCAF_833	9263	2644	0.29	0	2
SCAF_833_region	9263	2644	0.29	0	2
SCAF_834	9159	74111	8.09	0	224
SCAF_834_region	9159	74111	8.09	0	224
SCAF_835	9159	5235	0.57	0	4
SCAF_835_region	9159	5235	0.57	0	4
SCAF_836	9157	5259	0.57	0	5
SCAF_836_region	9157	5259	0.57	0	5
SCAF_837	9095	1436	0.16	0	2
SCAF_837_region	9095	1436	0.16	0	2
SCAF_838	9078	11405	1.26	0	11
SCAF_838_region	9078	11405	1.26	0	11
SCAF_839	9057	45951	5.07	0	34
SCAF_839_region	9057	45951	5.07	0	34
SCAF_840	9014	3620	0.40	0	3
SCAF_840_region	9014	3620	0.40	0	3
SCAF_841	8986	51626	5.75	0	18
SCAF_841_region	8986	51626	5.75	0	18
SCAF_842	8986	2110	0.23	0	3
SCAF_842_region	8986	2110	0.23	0	3
SCAF_843	8952	278	0.03	0	4
SCAF_843_region	8952	278	0.03	0	4
SCAF_844	8935	17070	1.91	0	32
SCAF_844_region	8935	17070	1.91	0	32
SCAF_845	8927	132054	14.79	0	68
SCAF_845_region	8927	132054	14.79	0	68
SCAF_846	8908	47311	5.31	0	113
SCAF_846_region	8908	47311	5.31	0	113
SCAF_847	8868	6654	0.75	0	6
SCAF_847_region	8868	6654	0.75	0	6
SCAF_848	8867	2511	0.28	0	3
SCAF_848_region	8867	2511	0.28	0	3
SCAF_849	8825	3984	0.45	0	3
SCAF_849_region	8825	3984	0.45	0	3
SCAF_850	8771	2459	0.28	0	3
SCAF_850_region	8771	2459	0.28	0	3
SCAF_851	8703	5316	0.61	0	4
SCAF_851_region	8703	5316	0.61	0	4
SCAF_852	8695	357	0.04	0	2
SCAF_852_region	8695	357	0.04	0	2
SCAF_853	8662	257	0.03	0	1
SCAF_853_region	8662	257	0.03	0	1
SCAF_854	8634	2251	0.26	0	3
SCAF_854_region	8634	2251	0.26	0	3
SCAF_855	8630	2027	0.23	0	2
SCAF_855_region	8630	2027	0.23	0	2
SCAF_856	8617	510266	59.22	0	111
SCAF_856_region	8617	510266	59.22	0	111
SCAF_857	8469	14466	1.71	0	10
SCAF_857_region	8469	14466	1.71	0	10
SCAF_858	8431	4549	0.54	0	5
SCAF_858_region	8431	4549	0.54	0	5
SCAF_859	8397	3035	0.36	0	2
SCAF_859_region	8397	3035	0.36	0	2
SCAF_860	8390	6505	0.78	0	6
SCAF_860_region	8390	6505	0.78	0	6
SCAF_861	8357	3207	0.38	0	2
SCAF_861_region	8357	3207	0.38	0	2
SCAF_862	8342	6442353	772.28	3	1751
SCAF_862_region	8342	6442353	772.28	3	1751
SCAF_863	8337	939	0.11	0	2
SCAF_863_region	8337	939	0.11	0	2
SCAF_864	8258	8949	1.08	0	10
SCAF_864_region	8258	8949	1.08	0	10
SCAF_865	8103	5828	0.72	0	4
SCAF_865_region	8103	5828	0.72	0	4
SCAF_866	8034	489	0.06	0	1
SCAF_866_region	8034	489	0.06	0	1
SCAF_867	8027	10179	1.27	0	11
SCAF_867_region	8027	10179	1.27	0	11
SCAF_868	8017	9333	1.16	0	9
SCAF_868_region	8017	9333	1.16	0	9
SCAF_869	8015	14158	1.77	0	15
SCAF_869_region	8015	14158	1.77	0	15
SCAF_870	8015	2402	0.30	0	3
SCAF_870_region	8015	2402	0.30	0	3
SCAF_871	8000	1137	0.14	0	2
SCAF_871_region	8000	1137	0.14	0	2
SCAF_872	7790	5743	0.74	0	3
SCAF_872_region	7790	5743	0.74	0	3
SCAF_873	7773	1334	0.17	0	2
SCAF_873_region	7773	1334	0.17	0	2
SCAF_874	7763	22099	2.85	0	11
SCAF_874_region	7763	22099	2.85	0	11
SCAF_875	7721	2823	0.37	0	3
SCAF_875_region	7721	2823	0.37	0	3
SCAF_876	7701	23812	3.09	0	9
SCAF_876_region	7701	23812	3.09	0	9
SCAF_877	7680	1897	0.25	0	2
SCAF_877_region	7680	1897	0.25	0	2
SCAF_878	7622	6870	0.90	0	4
SCAF_878_region	7622	6870	0.90	0	4
SCAF_879	7582	2475	0.33	0	5
SCAF_879_region	7582	2475	0.33	0	5
SCAF_880	7559	13730	1.82	0	15
SCAF_880_region	7559	13730	1.82	0	15
SCAF_881	7416	57302	7.73	0	54
SCAF_881_region	7416	57302	7.73	0	54
SCAF_882	7394	27180	3.68	0	17
SCAF_882_region	7394	27180	3.68	0	17
SCAF_883	7363	725	0.10	0	3
SCAF_883_region	7363	725	0.10	0	3
SCAF_884	7338	4024	0.55	0	4
SCAF_884_region	7338	4024	0.55	0	4
SCAF_885	7324	233	0.03	0	1
SCAF_885_region	7324	233	0.03	0	1
SCAF_886	7276	6448	0.89	0	5
SCAF_886_region	7276	6448	0.89	0	5
SCAF_887	7242	1428	0.20	0	3
SCAF_887_region	7242	1428	0.20	0	3
SCAF_888	7231	2176	0.30	0	2
SCAF_888_region	7231	2176	0.30	0	2
SCAF_889	7198	2474	0.34	0	2
SCAF_889_region	7198	2474	0.34	0	2
SCAF_890	7142	5369	0.75	0	3
SCAF_890_region	7142	5369	0.75	0	3
SCAF_891	7028	7069	1.01	0	11
SCAF_891_region	7028	7069	1.01	0	11
SCAF_892	7025	4891	0.70	0	9
SCAF_892_region	7025	4891	0.70	0	9
SCAF_893	7015	4663	0.66	0	2
SCAF_893_region	7015	4663	0.66	0	2
SCAF_894	6958	3918	0.56	0	5
SCAF_894_region	6958	3918	0.56	0	5
SCAF_895	6948	5667	0.82	0	7
SCAF_895_region	6948	5667	0.82	0	7
SCAF_896	6829	279236	40.89	0	93
SCAF_896_region	6829	279236	40.89	0	93
SCAF_897	6804	4496	0.66	0	5
SCAF_897_region	6804	4496	0.66	0	5
SCAF_898	6754	1505	0.22	0	13
SCAF_898_region	6754	1505	0.22	0	13
SCAF_899	6732	3429	0.51	0	3
SCAF_899_region	6732	3429	0.51	0	3
SCAF_900	6698	218106	32.56	0	67
SCAF_900_region	6698	218106	32.56	0	67
SCAF_901	6642	1686	0.25	0	2
SCAF_901_region	6642	1686	0.25	0	2
SCAF_902	6588	6198	0.94	0	5
SCAF_902_region	6588	6198	0.94	0	5
SCAF_903	6549	35321	5.39	1	12
SCAF_903_region	6549	35321	5.39	1	12
SCAF_904	6496	5612	0.86	0	10
SCAF_904_region	6496	5612	0.86	0	10
SCAF_905	6483	3228	0.50	0	3
SCAF_905_region	6483	3228	0.50	0	3
SCAF_906	6367	932	0.15	0	1
SCAF_906_region	6367	932	0.15	0	1
SCAF_907	6367	5442	0.85	0	13
SCAF_907_region	6367	5442	0.85	0	13
SCAF_908	6228	204416	32.82	0	162
SCAF_908_region	6228	204416	32.82	0	162
SCAF_909	6173	7534	1.22	0	11
SCAF_909_region	6173	7534	1.22	0	11
SCAF_910	6170	2542	0.41	0	3
SCAF_910_region	6170	2542	0.41	0	3
SCAF_911	6077	5106	0.84	0	5
SCAF_911_region	6077	5106	0.84	0	5
SCAF_912	6073	11176	1.84	0	8
SCAF_912_region	6073	11176	1.84	0	8
SCAF_913	6059	375764	62.02	0	136
SCAF_913_region	6059	375764	62.02	0	136
SCAF_914	6001	2855	0.48	0	4
SCAF_914_region	6001	2855	0.48	0	4
SCAF_915	5869	415370	70.77	0	883
SCAF_915_region	5869	415370	70.77	0	883
SCAF_916	5803	1909	0.33	0	3
SCAF_916_region	5803	1909	0.33	0	3
SCAF_917	5661	26173	4.62	0	15
SCAF_917_region	5661	26173	4.62	0	15
SCAF_918	5277	3520	0.67	0	3
SCAF_918_region	5277	3520	0.67	0	3
total	51514314	1030336412	20.00	0	8338
total_region	51514314	1030336412	20.00	0	8338
