chrom	length	bases	mean	min	max
SCAF_1	5574741	198203631	35.55	0	2594
SCAF_1_region	5574741	198203631	35.55	0	2594
SCAF_2	4079479	151431690	37.12	0	1695
SCAF_2_region	4079479	151431690	37.12	0	1695
SCAF_3	3666439	138358471	37.74	0	4414
SCAF_3_region	3666439	138358471	37.74	0	4414
SCAF_4	2601389	115818807	44.52	0	1696
SCAF_4_region	2601389	115818807	44.52	0	1696
SCAF_5	2032088	74172860	36.50	0	1417
SCAF_5_region	2032088	74172860	36.50	0	1417
SCAF_6	1976889	80687190	40.82	0	2934
SCAF_6_region	1976889	80687190	40.82	0	2934
SCAF_7	1932263	69880139	36.16	0	1792
SCAF_7_region	1932263	69880139	36.16	0	1792
SCAF_8	1669080	56900906	34.09	0	4098
SCAF_8_region	1669080	56900906	34.09	0	4098
SCAF_9	1646134	59886170	36.38	0	1093
SCAF_9_region	1646134	59886170	36.38	0	1093
SCAF_10	1570817	56858293	36.20	0	612
SCAF_10_region	1570817	56858293	36.20	0	612
SCAF_11	1437752	56057082	38.99	0	2053
SCAF_11_region	1437752	56057082	38.99	0	2053
SCAF_12	978195	47441802	48.50	0	214906
SCAF_12_region	978195	47441802	48.50	0	214906
SCAF_13	598471	2711180	4.53	0	1357
SCAF_13_region	598471	2711180	4.53	0	1357
SCAF_14	247525	39911876	161.24	0	2333
SCAF_14_region	247525	39911876	161.24	0	2333
SCAF_15	224905	8946900	39.78	0	195
SCAF_15_region	224905	8946900	39.78	0	195
SCAF_16	181804	1798461	9.89	0	1731
SCAF_16_region	181804	1798461	9.89	0	1731
SCAF_17	176395	8688273	49.25	0	165
SCAF_17_region	176395	8688273	49.25	0	165
SCAF_18	160122	2495390	15.58	0	612
SCAF_18_region	160122	2495390	15.58	0	612
SCAF_19	139354	2090529	15.00	0	663
SCAF_19_region	139354	2090529	15.00	0	663
SCAF_20	131876	6329263	47.99	0	250
SCAF_20_region	131876	6329263	47.99	0	250
SCAF_21	130124	5965738	45.85	0	947
SCAF_21_region	130124	5965738	45.85	0	947
SCAF_22	121580	6887652	56.65	0	156
SCAF_22_region	121580	6887652	56.65	0	156
SCAF_23	117381	4930932	42.01	0	208
SCAF_23_region	117381	4930932	42.01	0	208
SCAF_24	115879	4565007	39.39	0	285
SCAF_24_region	115879	4565007	39.39	0	285
SCAF_25	115495	4569039	39.56	0	350
SCAF_25_region	115495	4569039	39.56	0	350
SCAF_26	113072	5372720	47.52	0	243
SCAF_26_region	113072	5372720	47.52	0	243
SCAF_27	110609	2333898	21.10	0	1665
SCAF_27_region	110609	2333898	21.10	0	1665
SCAF_28	109542	1957039	17.87	0	808
SCAF_28_region	109542	1957039	17.87	0	808
SCAF_29	108319	3406620	31.45	0	598
SCAF_29_region	108319	3406620	31.45	0	598
SCAF_30	107902	541290	5.02	0	834
SCAF_30_region	107902	541290	5.02	0	834
SCAF_31	106626	278839	2.62	0	699
SCAF_31_region	106626	278839	2.62	0	699
SCAF_32	102192	291827	2.86	0	599
SCAF_32_region	102192	291827	2.86	0	599
SCAF_33	98221	5660977	57.64	0	134
SCAF_33_region	98221	5660977	57.64	0	134
SCAF_34	97882	5816802	59.43	0	145
SCAF_34_region	97882	5816802	59.43	0	145
SCAF_35	95705	1319916	13.79	0	5562
SCAF_35_region	95705	1319916	13.79	0	5562
SCAF_36	94431	3456342	36.60	0	168
SCAF_36_region	94431	3456342	36.60	0	168
SCAF_37	92851	1977168	21.29	0	378
SCAF_37_region	92851	1977168	21.29	0	378
SCAF_38	89142	4836349	54.25	0	906
SCAF_38_region	89142	4836349	54.25	0	906
SCAF_39	88257	2837177	32.15	0	119
SCAF_39_region	88257	2837177	32.15	0	119
SCAF_40	85354	4803810	56.28	0	918
SCAF_40_region	85354	4803810	56.28	0	918
SCAF_41	82239	3893641	47.35	0	210
SCAF_41_region	82239	3893641	47.35	0	210
SCAF_42	77162	3605267	46.72	0	908
SCAF_42_region	77162	3605267	46.72	0	908
SCAF_43	76714	3878782	50.56	0	219
SCAF_43_region	76714	3878782	50.56	0	219
SCAF_44	76272	85650	1.12	0	309
SCAF_44_region	76272	85650	1.12	0	309
SCAF_45	73110	786541	10.76	0	378
SCAF_45_region	73110	786541	10.76	0	378
SCAF_46	72118	4688717	65.01	0	165
SCAF_46_region	72118	4688717	65.01	0	165
SCAF_47	70166	3126057	44.55	0	113
SCAF_47_region	70166	3126057	44.55	0	113
SCAF_48	69627	4487243	64.45	0	187
SCAF_48_region	69627	4487243	64.45	0	187
SCAF_49	69624	158873	2.28	0	294
SCAF_49_region	69624	158873	2.28	0	294
SCAF_50	68258	3722007	54.53	0	213
SCAF_50_region	68258	3722007	54.53	0	213
SCAF_51	66966	1693259	25.29	0	608
SCAF_51_region	66966	1693259	25.29	0	608
SCAF_52	66855	1440967	21.55	0	220
SCAF_52_region	66855	1440967	21.55	0	220
SCAF_53	65552	969717	14.79	0	301
SCAF_53_region	65552	969717	14.79	0	301
SCAF_54	65267	682206	10.45	0	119
SCAF_54_region	65267	682206	10.45	0	119
SCAF_55	65114	2255551	34.64	0	128
SCAF_55_region	65114	2255551	34.64	0	128
SCAF_56	62812	391063	6.23	0	145
SCAF_56_region	62812	391063	6.23	0	145
SCAF_57	62187	276750	4.45	0	132
SCAF_57_region	62187	276750	4.45	0	132
SCAF_58	61544	1493692	24.27	0	1242
SCAF_58_region	61544	1493692	24.27	0	1242
SCAF_59	61533	819367	13.32	0	245
SCAF_59_region	61533	819367	13.32	0	245
SCAF_60	61411	1194671	19.45	0	1756
SCAF_60_region	61411	1194671	19.45	0	1756
SCAF_61	61115	4080546	66.77	0	179
SCAF_61_region	61115	4080546	66.77	0	179
SCAF_62	59972	11015	0.18	0	47
SCAF_62_region	59972	11015	0.18	0	47
SCAF_63	59743	563729	9.44	0	496
SCAF_63_region	59743	563729	9.44	0	496
SCAF_64	58841	130033	2.21	0	420
SCAF_64_region	58841	130033	2.21	0	420
SCAF_65	58838	854856	14.53	0	565
SCAF_65_region	58838	854856	14.53	0	565
SCAF_66	58483	30893	0.53	0	130
SCAF_66_region	58483	30893	0.53	0	130
SCAF_67	57162	1510285	26.42	0	199
SCAF_67_region	57162	1510285	26.42	0	199
SCAF_68	56404	96870	1.72	0	258
SCAF_68_region	56404	96870	1.72	0	258
SCAF_69	55942	708666	12.67	0	137
SCAF_69_region	55942	708666	12.67	0	137
SCAF_70	55722	3640522	65.33	0	114
SCAF_70_region	55722	3640522	65.33	0	114
SCAF_71	55604	3486433	62.70	0	172
SCAF_71_region	55604	3486433	62.70	0	172
SCAF_72	54709	254887	4.66	0	97
SCAF_72_region	54709	254887	4.66	0	97
SCAF_73	52157	191765	3.68	0	124
SCAF_73_region	52157	191765	3.68	0	124
SCAF_74	52077	3046382	58.50	0	137
SCAF_74_region	52077	3046382	58.50	0	137
SCAF_75	51185	752053	14.69	0	167
SCAF_75_region	51185	752053	14.69	0	167
SCAF_76	50428	1984252	39.35	0	758
SCAF_76_region	50428	1984252	39.35	0	758
SCAF_77	50384	131958	2.62	0	72
SCAF_77_region	50384	131958	2.62	0	72
SCAF_78	49366	3218524	65.20	0	256
SCAF_78_region	49366	3218524	65.20	0	256
SCAF_79	49160	411979	8.38	0	155
SCAF_79_region	49160	411979	8.38	0	155
SCAF_80	48966	2432525	49.68	0	153
SCAF_80_region	48966	2432525	49.68	0	153
SCAF_81	48848	177916	3.64	0	61
SCAF_81_region	48848	177916	3.64	0	61
SCAF_82	48542	3331242	68.63	0	893
SCAF_82_region	48542	3331242	68.63	0	893
SCAF_83	48542	296873	6.12	0	124
SCAF_83_region	48542	296873	6.12	0	124
SCAF_84	47775	390000	8.16	0	102
SCAF_84_region	47775	390000	8.16	0	102
SCAF_85	47318	3120254	65.94	0	307
SCAF_85_region	47318	3120254	65.94	0	307
SCAF_86	46994	2759061	58.71	0	136
SCAF_86_region	46994	2759061	58.71	0	136
SCAF_87	46805	2268324	48.46	0	138
SCAF_87_region	46805	2268324	48.46	0	138
SCAF_88	46738	942525	20.17	0	91
SCAF_88_region	46738	942525	20.17	0	91
SCAF_89	46547	1930950	41.48	0	141
SCAF_89_region	46547	1930950	41.48	0	141
SCAF_90	46221	190954	4.13	0	97
SCAF_90_region	46221	190954	4.13	0	97
SCAF_91	44916	2956465	65.82	0	146
SCAF_91_region	44916	2956465	65.82	0	146
SCAF_92	44616	3734060	83.69	0	1469
SCAF_92_region	44616	3734060	83.69	0	1469
SCAF_93	44136	160599	3.64	0	46
SCAF_93_region	44136	160599	3.64	0	46
SCAF_94	43913	233831	5.32	0	78
SCAF_94_region	43913	233831	5.32	0	78
SCAF_95	43808	295024	6.73	0	98
SCAF_95_region	43808	295024	6.73	0	98
SCAF_96	43342	537775	12.41	0	207
SCAF_96_region	43342	537775	12.41	0	207
SCAF_97	43038	3036573	70.56	0	2231
SCAF_97_region	43038	3036573	70.56	0	2231
SCAF_98	42896	190959	4.45	0	98
SCAF_98_region	42896	190959	4.45	0	98
SCAF_99	42178	1791455	42.47	0	173
SCAF_99_region	42178	1791455	42.47	0	173
SCAF_100	41993	90858	2.16	0	89
SCAF_100_region	41993	90858	2.16	0	89
SCAF_101	41585	2120458	50.99	0	122
SCAF_101_region	41585	2120458	50.99	0	122
SCAF_102	41267	3410089	82.63	0	283
SCAF_102_region	41267	3410089	82.63	0	283
SCAF_103	41164	335096	8.14	0	89
SCAF_103_region	41164	335096	8.14	0	89
SCAF_104	40984	359582	8.77	0	120
SCAF_104_region	40984	359582	8.77	0	120
SCAF_105	40971	892131	21.77	0	139
SCAF_105_region	40971	892131	21.77	0	139
SCAF_106	40689	2151080	52.87	0	167
SCAF_106_region	40689	2151080	52.87	0	167
SCAF_107	40038	360311	9.00	0	137
SCAF_107_region	40038	360311	9.00	0	137
SCAF_108	39998	196663	4.92	0	100
SCAF_108_region	39998	196663	4.92	0	100
SCAF_109	39904	113759	2.85	0	102
SCAF_109_region	39904	113759	2.85	0	102
SCAF_110	39605	624822	15.78	0	106
SCAF_110_region	39605	624822	15.78	0	106
SCAF_111	39279	498939	12.70	0	340
SCAF_111_region	39279	498939	12.70	0	340
SCAF_112	39164	3437820	87.78	0	300
SCAF_112_region	39164	3437820	87.78	0	300
SCAF_113	39049	607524	15.56	0	117
SCAF_113_region	39049	607524	15.56	0	117
SCAF_114	38983	314872	8.08	0	104
SCAF_114_region	38983	314872	8.08	0	104
SCAF_115	38824	328751	8.47	0	308
SCAF_115_region	38824	328751	8.47	0	308
SCAF_116	37823	139576	3.69	0	88
SCAF_116_region	37823	139576	3.69	0	88
SCAF_117	37728	2813004	74.56	0	961
SCAF_117_region	37728	2813004	74.56	0	961
SCAF_118	37705	1940058	51.45	0	111
SCAF_118_region	37705	1940058	51.45	0	111
SCAF_119	37514	1807893	48.19	0	456
SCAF_119_region	37514	1807893	48.19	0	456
SCAF_120	37456	1712677	45.73	0	291
SCAF_120_region	37456	1712677	45.73	0	291
SCAF_121	37441	1663702	44.44	0	498
SCAF_121_region	37441	1663702	44.44	0	498
SCAF_122	37347	105975	2.84	0	207
SCAF_122_region	37347	105975	2.84	0	207
SCAF_123	37222	257709	6.92	0	119
SCAF_123_region	37222	257709	6.92	0	119
SCAF_124	36961	82979	2.25	0	214
SCAF_124_region	36961	82979	2.25	0	214
SCAF_125	36710	323915	8.82	0	75
SCAF_125_region	36710	323915	8.82	0	75
SCAF_126	36614	106868	2.92	0	73
SCAF_126_region	36614	106868	2.92	0	73
SCAF_127	36584	1887332	51.59	0	121
SCAF_127_region	36584	1887332	51.59	0	121
SCAF_128	36068	2502743	69.39	0	141
SCAF_128_region	36068	2502743	69.39	0	141
SCAF_129	35972	2171202	60.36	0	127
SCAF_129_region	35972	2171202	60.36	0	127
SCAF_130	35925	2006874	55.86	0	278
SCAF_130_region	35925	2006874	55.86	0	278
SCAF_131	35704	7592	0.21	0	11
SCAF_131_region	35704	7592	0.21	0	11
SCAF_132	35264	1502908	42.62	0	116
SCAF_132_region	35264	1502908	42.62	0	116
SCAF_133	35121	2541292	72.36	0	1223
SCAF_133_region	35121	2541292	72.36	0	1223
SCAF_134	35117	681550	19.41	0	360
SCAF_134_region	35117	681550	19.41	0	360
SCAF_135	34903	164150	4.70	0	55
SCAF_135_region	34903	164150	4.70	0	55
SCAF_136	34900	1919983	55.01	0	280
SCAF_136_region	34900	1919983	55.01	0	280
SCAF_137	34765	207735	5.98	0	52
SCAF_137_region	34765	207735	5.98	0	52
SCAF_138	34687	664443	19.16	0	1856
SCAF_138_region	34687	664443	19.16	0	1856
SCAF_139	34615	1494921	43.19	0	125
SCAF_139_region	34615	1494921	43.19	0	125
SCAF_140	34599	2083303	60.21	0	592
SCAF_140_region	34599	2083303	60.21	0	592
SCAF_141	34497	2078474	60.25	0	2783
SCAF_141_region	34497	2078474	60.25	0	2783
SCAF_142	34440	1901637	55.22	0	216
SCAF_142_region	34440	1901637	55.22	0	216
SCAF_143	34384	339788	9.88	0	111
SCAF_143_region	34384	339788	9.88	0	111
SCAF_144	34330	383532	11.17	0	135
SCAF_144_region	34330	383532	11.17	0	135
SCAF_145	34087	887729	26.04	0	131
SCAF_145_region	34087	887729	26.04	0	131
SCAF_146	33692	1997479	59.29	0	161
SCAF_146_region	33692	1997479	59.29	0	161
SCAF_147	33483	1936464	57.83	0	734
SCAF_147_region	33483	1936464	57.83	0	734
SCAF_148	33469	321224	9.60	0	173
SCAF_148_region	33469	321224	9.60	0	173
SCAF_149	33420	1212264	36.27	0	255
SCAF_149_region	33420	1212264	36.27	0	255
SCAF_150	33347	151268	4.54	0	116
SCAF_150_region	33347	151268	4.54	0	116
SCAF_151	33283	288023	8.65	0	400
SCAF_151_region	33283	288023	8.65	0	400
SCAF_152	33266	243658	7.32	0	119
SCAF_152_region	33266	243658	7.32	0	119
SCAF_153	33237	146097	4.40	0	43
SCAF_153_region	33237	146097	4.40	0	43
SCAF_154	33139	86936	2.62	0	122
SCAF_154_region	33139	86936	2.62	0	122
SCAF_155	33127	2802930	84.61	0	507
SCAF_155_region	33127	2802930	84.61	0	507
SCAF_156	32748	616314	18.82	0	644
SCAF_156_region	32748	616314	18.82	0	644
SCAF_157	32666	1406043	43.04	0	1676
SCAF_157_region	32666	1406043	43.04	0	1676
SCAF_158	32618	102062	3.13	0	70
SCAF_158_region	32618	102062	3.13	0	70
SCAF_159	32358	11172	0.35	0	41
SCAF_159_region	32358	11172	0.35	0	41
SCAF_160	32136	328280	10.22	0	156
SCAF_160_region	32136	328280	10.22	0	156
SCAF_161	32035	402097	12.55	0	296
SCAF_161_region	32035	402097	12.55	0	296
SCAF_162	31954	748811	23.43	0	320
SCAF_162_region	31954	748811	23.43	0	320
SCAF_163	31782	493906	15.54	0	221
SCAF_163_region	31782	493906	15.54	0	221
SCAF_164	31669	173954	5.49	0	88
SCAF_164_region	31669	173954	5.49	0	88
SCAF_165	31629	2145787	67.84	0	169
SCAF_165_region	31629	2145787	67.84	0	169
SCAF_166	31581	23953	0.76	0	60
SCAF_166_region	31581	23953	0.76	0	60
SCAF_167	31556	329909	10.45	0	117
SCAF_167_region	31556	329909	10.45	0	117
SCAF_168	31421	467850	14.89	0	65
SCAF_168_region	31421	467850	14.89	0	65
SCAF_169	31314	349404	11.16	0	133
SCAF_169_region	31314	349404	11.16	0	133
SCAF_170	31127	167883	5.39	0	67
SCAF_170_region	31127	167883	5.39	0	67
SCAF_171	31061	1832787	59.01	0	295
SCAF_171_region	31061	1832787	59.01	0	295
SCAF_172	31059	4707	0.15	0	7
SCAF_172_region	31059	4707	0.15	0	7
SCAF_173	30866	175280	5.68	0	99
SCAF_173_region	30866	175280	5.68	0	99
SCAF_174	30739	2268299	73.79	0	1185
SCAF_174_region	30739	2268299	73.79	0	1185
SCAF_175	30330	167778	5.53	0	159
SCAF_175_region	30330	167778	5.53	0	159
SCAF_176	30301	2860202	94.39	0	8373
SCAF_176_region	30301	2860202	94.39	0	8373
SCAF_177	30226	410964	13.60	0	257
SCAF_177_region	30226	410964	13.60	0	257
SCAF_178	30187	112327	3.72	0	117
SCAF_178_region	30187	112327	3.72	0	117
SCAF_179	30183	456575	15.13	0	95
SCAF_179_region	30183	456575	15.13	0	95
SCAF_180	30131	844451	28.03	0	291
SCAF_180_region	30131	844451	28.03	0	291
SCAF_181	30071	266840	8.87	0	154
SCAF_181_region	30071	266840	8.87	0	154
SCAF_182	30032	1164617	38.78	0	120
SCAF_182_region	30032	1164617	38.78	0	120
SCAF_183	30005	52732	1.76	0	35
SCAF_183_region	30005	52732	1.76	0	35
SCAF_184	29541	17320	0.59	0	87
SCAF_184_region	29541	17320	0.59	0	87
SCAF_185	29415	114186	3.88	0	73
SCAF_185_region	29415	114186	3.88	0	73
SCAF_186	29375	254779	8.67	0	81
SCAF_186_region	29375	254779	8.67	0	81
SCAF_187	29360	318326	10.84	0	160
SCAF_187_region	29360	318326	10.84	0	160
SCAF_188	29327	1554008	52.99	0	170
SCAF_188_region	29327	1554008	52.99	0	170
SCAF_189	29236	252550	8.64	0	178
SCAF_189_region	29236	252550	8.64	0	178
SCAF_190	29216	427321	14.63	0	321
SCAF_190_region	29216	427321	14.63	0	321
SCAF_191	29200	62813	2.15	0	29
SCAF_191_region	29200	62813	2.15	0	29
SCAF_192	29083	2246649	77.25	0	296
SCAF_192_region	29083	2246649	77.25	0	296
SCAF_193	29081	267959	9.21	0	214
SCAF_193_region	29081	267959	9.21	0	214
SCAF_194	28863	1337791	46.35	0	483
SCAF_194_region	28863	1337791	46.35	0	483
SCAF_195	28688	112956	3.94	0	117
SCAF_195_region	28688	112956	3.94	0	117
SCAF_196	28688	868697	30.28	0	1218
SCAF_196_region	28688	868697	30.28	0	1218
SCAF_197	28670	123787	4.32	0	63
SCAF_197_region	28670	123787	4.32	0	63
SCAF_198	28585	1175322	41.12	0	141
SCAF_198_region	28585	1175322	41.12	0	141
SCAF_199	28585	24971	0.87	0	56
SCAF_199_region	28585	24971	0.87	0	56
SCAF_200	28563	421538	14.76	0	129
SCAF_200_region	28563	421538	14.76	0	129
SCAF_201	28551	40749	1.43	0	49
SCAF_201_region	28551	40749	1.43	0	49
SCAF_202	28219	410980	14.56	0	145
SCAF_202_region	28219	410980	14.56	0	145
SCAF_203	28217	103671	3.67	0	72
SCAF_203_region	28217	103671	3.67	0	72
SCAF_204	28187	355208	12.60	0	1825
SCAF_204_region	28187	355208	12.60	0	1825
SCAF_205	28138	213361	7.58	0	135
SCAF_205_region	28138	213361	7.58	0	135
SCAF_206	28111	159771	5.68	0	127
SCAF_206_region	28111	159771	5.68	0	127
SCAF_207	27959	1474239	52.73	0	138
SCAF_207_region	27959	1474239	52.73	0	138
SCAF_208	27935	1731011	61.97	0	1663
SCAF_208_region	27935	1731011	61.97	0	1663
SCAF_209	27830	367409	13.20	0	67
SCAF_209_region	27830	367409	13.20	0	67
SCAF_210	27781	218708	7.87	0	105
SCAF_210_region	27781	218708	7.87	0	105
SCAF_211	27774	1900029	68.41	0	237
SCAF_211_region	27774	1900029	68.41	0	237
SCAF_212	27772	325985	11.74	0	121
SCAF_212_region	27772	325985	11.74	0	121
SCAF_213	27728	222055	8.01	0	187
SCAF_213_region	27728	222055	8.01	0	187
SCAF_214	27690	396972	14.34	0	83
SCAF_214_region	27690	396972	14.34	0	83
SCAF_215	27659	1800055	65.08	0	267
SCAF_215_region	27659	1800055	65.08	0	267
SCAF_216	27637	238093	8.62	0	111
SCAF_216_region	27637	238093	8.62	0	111
SCAF_217	27634	55631	2.01	0	30
SCAF_217_region	27634	55631	2.01	0	30
SCAF_218	27594	1430765	51.85	0	129
SCAF_218_region	27594	1430765	51.85	0	129
SCAF_219	27563	8889	0.32	0	34
SCAF_219_region	27563	8889	0.32	0	34
SCAF_220	27545	1594061	57.87	0	148
SCAF_220_region	27545	1594061	57.87	0	148
SCAF_221	27530	398765	14.48	0	74
SCAF_221_region	27530	398765	14.48	0	74
SCAF_222	27515	35790	1.30	0	15
SCAF_222_region	27515	35790	1.30	0	15
SCAF_223	27476	146833	5.34	0	72
SCAF_223_region	27476	146833	5.34	0	72
SCAF_224	27450	74419	2.71	0	34
SCAF_224_region	27450	74419	2.71	0	34
SCAF_225	27344	44103	1.61	0	44
SCAF_225_region	27344	44103	1.61	0	44
SCAF_226	27270	741400	27.19	0	210
SCAF_226_region	27270	741400	27.19	0	210
SCAF_227	27232	145511	5.34	0	78
SCAF_227_region	27232	145511	5.34	0	78
SCAF_228	27189	1653452	60.81	0	729
SCAF_228_region	27189	1653452	60.81	0	729
SCAF_229	27037	174002	6.44	0	73
SCAF_229_region	27037	174002	6.44	0	73
SCAF_230	26948	500556	18.57	0	97
SCAF_230_region	26948	500556	18.57	0	97
SCAF_231	26899	163395	6.07	0	59
SCAF_231_region	26899	163395	6.07	0	59
SCAF_232	26856	209402	7.80	0	68
SCAF_232_region	26856	209402	7.80	0	68
SCAF_233	26767	144606	5.40	0	81
SCAF_233_region	26767	144606	5.40	0	81
SCAF_234	26700	1378268	51.62	0	239
SCAF_234_region	26700	1378268	51.62	0	239
SCAF_235	26660	2663935	99.92	0	641
SCAF_235_region	26660	2663935	99.92	0	641
SCAF_236	26499	454421	17.15	0	111
SCAF_236_region	26499	454421	17.15	0	111
SCAF_237	26482	709787	26.80	0	75
SCAF_237_region	26482	709787	26.80	0	75
SCAF_238	26369	210547	7.98	0	116
SCAF_238_region	26369	210547	7.98	0	116
SCAF_239	26171	302726	11.57	0	107
SCAF_239_region	26171	302726	11.57	0	107
SCAF_240	26148	99573	3.81	0	70
SCAF_240_region	26148	99573	3.81	0	70
SCAF_241	26131	1337238	51.17	0	209
SCAF_241_region	26131	1337238	51.17	0	209
SCAF_242	26114	163917	6.28	0	111
SCAF_242_region	26114	163917	6.28	0	111
SCAF_243	26085	178424	6.84	0	56
SCAF_243_region	26085	178424	6.84	0	56
SCAF_244	26060	35018	1.34	0	34
SCAF_244_region	26060	35018	1.34	0	34
SCAF_245	25968	74260	2.86	0	67
SCAF_245_region	25968	74260	2.86	0	67
SCAF_246	25946	1591452	61.34	0	1142
SCAF_246_region	25946	1591452	61.34	0	1142
SCAF_247	25940	1787352	68.90	0	254
SCAF_247_region	25940	1787352	68.90	0	254
SCAF_248	25895	23591	0.91	0	23
SCAF_248_region	25895	23591	0.91	0	23
SCAF_249	25885	530996	20.51	0	68
SCAF_249_region	25885	530996	20.51	0	68
SCAF_250	25884	1205528	46.57	0	174
SCAF_250_region	25884	1205528	46.57	0	174
SCAF_251	25874	147729	5.71	0	99
SCAF_251_region	25874	147729	5.71	0	99
SCAF_252	25864	6101	0.24	0	6
SCAF_252_region	25864	6101	0.24	0	6
SCAF_253	25825	122774	4.75	0	56
SCAF_253_region	25825	122774	4.75	0	56
SCAF_254	25798	425822	16.51	0	599
SCAF_254_region	25798	425822	16.51	0	599
SCAF_255	25728	44609	1.73	0	43
SCAF_255_region	25728	44609	1.73	0	43
SCAF_256	25725	103109	4.01	0	71
SCAF_256_region	25725	103109	4.01	0	71
SCAF_257	25720	806360	31.35	0	85
SCAF_257_region	25720	806360	31.35	0	85
SCAF_258	25700	418097	16.27	0	1163
SCAF_258_region	25700	418097	16.27	0	1163
SCAF_259	25645	250596	9.77	0	251
SCAF_259_region	25645	250596	9.77	0	251
SCAF_260	25595	921063	35.99	0	113
SCAF_260_region	25595	921063	35.99	0	113
SCAF_261	25593	242827	9.49	0	48
SCAF_261_region	25593	242827	9.49	0	48
SCAF_262	25592	245261	9.58	0	47
SCAF_262_region	25592	245261	9.58	0	47
SCAF_263	25481	152313	5.98	0	135
SCAF_263_region	25481	152313	5.98	0	135
SCAF_264	25444	1669345	65.61	0	177
SCAF_264_region	25444	1669345	65.61	0	177
SCAF_265	25436	105187	4.14	0	97
SCAF_265_region	25436	105187	4.14	0	97
SCAF_266	25377	419167	16.52	0	141
SCAF_266_region	25377	419167	16.52	0	141
SCAF_267	25340	1589162	62.71	0	145
SCAF_267_region	25340	1589162	62.71	0	145
SCAF_268	25329	284011	11.21	0	131
SCAF_268_region	25329	284011	11.21	0	131
SCAF_269	25264	100723	3.99	0	84
SCAF_269_region	25264	100723	3.99	0	84
SCAF_270	25225	112356	4.45	0	91
SCAF_270_region	25225	112356	4.45	0	91
SCAF_271	25206	153586	6.09	0	80
SCAF_271_region	25206	153586	6.09	0	80
SCAF_272	25161	189252	7.52	0	224
SCAF_272_region	25161	189252	7.52	0	224
SCAF_273	25090	62301	2.48	0	22
SCAF_273_region	25090	62301	2.48	0	22
SCAF_274	24834	57696	2.32	0	43
SCAF_274_region	24834	57696	2.32	0	43
SCAF_275	24832	19770505	796.17	0	8894
SCAF_275_region	24832	19770505	796.17	0	8894
SCAF_276	24811	615409	24.80	0	408
SCAF_276_region	24811	615409	24.80	0	408
SCAF_277	24713	3463206	140.14	0	2502
SCAF_277_region	24713	3463206	140.14	0	2502
SCAF_278	24673	138827	5.63	0	120
SCAF_278_region	24673	138827	5.63	0	120
SCAF_279	24542	188879	7.70	0	41
SCAF_279_region	24542	188879	7.70	0	41
SCAF_280	24528	144732	5.90	0	88
SCAF_280_region	24528	144732	5.90	0	88
SCAF_281	24435	9514	0.39	0	23
SCAF_281_region	24435	9514	0.39	0	23
SCAF_282	24359	66536	2.73	0	108
SCAF_282_region	24359	66536	2.73	0	108
SCAF_283	24173	1074929	44.47	0	99
SCAF_283_region	24173	1074929	44.47	0	99
SCAF_284	24152	1100560	45.57	0	208
SCAF_284_region	24152	1100560	45.57	0	208
SCAF_285	24110	4153	0.17	0	10
SCAF_285_region	24110	4153	0.17	0	10
SCAF_286	24066	87936	3.65	0	250
SCAF_286_region	24066	87936	3.65	0	250
SCAF_287	23981	106843	4.46	0	248
SCAF_287_region	23981	106843	4.46	0	248
SCAF_288	23980	192807	8.04	0	70
SCAF_288_region	23980	192807	8.04	0	70
SCAF_289	23950	160882	6.72	0	70
SCAF_289_region	23950	160882	6.72	0	70
SCAF_290	23945	211123	8.82	0	78
SCAF_290_region	23945	211123	8.82	0	78
SCAF_291	23886	67981	2.85	0	46
SCAF_291_region	23886	67981	2.85	0	46
SCAF_292	23860	261096	10.94	0	227
SCAF_292_region	23860	261096	10.94	0	227
SCAF_293	23814	404905	17.00	0	50
SCAF_293_region	23814	404905	17.00	0	50
SCAF_294	23796	189676	7.97	0	115
SCAF_294_region	23796	189676	7.97	0	115
SCAF_295	23767	365043	15.36	0	177
SCAF_295_region	23767	365043	15.36	0	177
SCAF_296	23762	758820	31.93	0	6456
SCAF_296_region	23762	758820	31.93	0	6456
SCAF_297	23695	525077	22.16	0	270
SCAF_297_region	23695	525077	22.16	0	270
SCAF_298	23666	36530	1.54	0	80
SCAF_298_region	23666	36530	1.54	0	80
SCAF_299	23648	46555	1.97	0	266
SCAF_299_region	23648	46555	1.97	0	266
SCAF_300	23643	1654576	69.98	0	447
SCAF_300_region	23643	1654576	69.98	0	447
SCAF_301	23638	104495	4.42	0	60
SCAF_301_region	23638	104495	4.42	0	60
SCAF_302	23633	229411	9.71	0	200
SCAF_302_region	23633	229411	9.71	0	200
SCAF_303	23629	273327	11.57	0	60
SCAF_303_region	23629	273327	11.57	0	60
SCAF_304	23571	473604	20.09	0	215
SCAF_304_region	23571	473604	20.09	0	215
SCAF_305	23555	820906	34.85	0	161
SCAF_305_region	23555	820906	34.85	0	161
SCAF_306	23322	372947	15.99	0	425
SCAF_306_region	23322	372947	15.99	0	425
SCAF_307	23295	170048	7.30	0	87
SCAF_307_region	23295	170048	7.30	0	87
SCAF_308	23075	1198225	51.93	0	898
SCAF_308_region	23075	1198225	51.93	0	898
SCAF_309	23057	240121	10.41	0	113
SCAF_309_region	23057	240121	10.41	0	113
SCAF_310	23011	409187	17.78	0	95
SCAF_310_region	23011	409187	17.78	0	95
SCAF_311	22999	11147	0.48	0	152
SCAF_311_region	22999	11147	0.48	0	152
SCAF_312	22896	400854	17.51	0	74
SCAF_312_region	22896	400854	17.51	0	74
SCAF_313	22877	37502	1.64	0	17
SCAF_313_region	22877	37502	1.64	0	17
SCAF_314	22871	1918793	83.90	0	1300
SCAF_314_region	22871	1918793	83.90	0	1300
SCAF_315	22844	12770	0.56	0	65
SCAF_315_region	22844	12770	0.56	0	65
SCAF_316	22844	65588	2.87	0	109
SCAF_316_region	22844	65588	2.87	0	109
SCAF_317	22833	289101	12.66	0	104
SCAF_317_region	22833	289101	12.66	0	104
SCAF_318	22713	126102	5.55	0	42
SCAF_318_region	22713	126102	5.55	0	42
SCAF_319	22685	74830	3.30	0	104
SCAF_319_region	22685	74830	3.30	0	104
SCAF_320	22653	64579	2.85	0	25
SCAF_320_region	22653	64579	2.85	0	25
SCAF_321	22554	207153	9.18	0	60
SCAF_321_region	22554	207153	9.18	0	60
SCAF_322	22539	185334	8.22	0	66
SCAF_322_region	22539	185334	8.22	0	66
SCAF_323	22525	230531	10.23	0	346
SCAF_323_region	22525	230531	10.23	0	346
SCAF_324	22489	1237260	55.02	0	100
SCAF_324_region	22489	1237260	55.02	0	100
SCAF_325	22468	417246	18.57	0	83
SCAF_325_region	22468	417246	18.57	0	83
SCAF_326	22392	1730534	77.28	0	1093
SCAF_326_region	22392	1730534	77.28	0	1093
SCAF_327	22337	102324	4.58	0	127
SCAF_327_region	22337	102324	4.58	0	127
SCAF_328	22280	1809178	81.20	0	335
SCAF_328_region	22280	1809178	81.20	0	335
SCAF_329	22245	91604	4.12	0	91
SCAF_329_region	22245	91604	4.12	0	91
SCAF_330	22040	107703	4.89	0	44
SCAF_330_region	22040	107703	4.89	0	44
SCAF_331	22029	9496	0.43	0	15
SCAF_331_region	22029	9496	0.43	0	15
SCAF_332	21923	142445	6.50	0	56
SCAF_332_region	21923	142445	6.50	0	56
SCAF_333	21867	142167	6.50	0	102
SCAF_333_region	21867	142167	6.50	0	102
SCAF_334	21813	236486	10.84	0	169
SCAF_334_region	21813	236486	10.84	0	169
SCAF_335	21800	661674	30.35	0	104
SCAF_335_region	21800	661674	30.35	0	104
SCAF_336	21691	57287	2.64	0	55
SCAF_336_region	21691	57287	2.64	0	55
SCAF_337	21675	89836	4.14	0	62
SCAF_337_region	21675	89836	4.14	0	62
SCAF_338	21621	179030	8.28	0	166
SCAF_338_region	21621	179030	8.28	0	166
SCAF_339	21529	170456	7.92	0	246
SCAF_339_region	21529	170456	7.92	0	246
SCAF_340	21472	337263	15.71	0	130
SCAF_340_region	21472	337263	15.71	0	130
SCAF_341	21449	149007	6.95	0	61
SCAF_341_region	21449	149007	6.95	0	61
SCAF_342	21444	248660	11.60	0	332
SCAF_342_region	21444	248660	11.60	0	332
SCAF_343	21365	77140	3.61	0	75
SCAF_343_region	21365	77140	3.61	0	75
SCAF_344	21355	640433	29.99	0	114
SCAF_344_region	21355	640433	29.99	0	114
SCAF_345	21334	242753	11.38	0	129
SCAF_345_region	21334	242753	11.38	0	129
SCAF_346	21294	1218100	57.20	0	216
SCAF_346_region	21294	1218100	57.20	0	216
SCAF_347	21288	13749	0.65	0	147
SCAF_347_region	21288	13749	0.65	0	147
SCAF_348	21209	191444	9.03	0	139
SCAF_348_region	21209	191444	9.03	0	139
SCAF_349	21199	5654	0.27	0	28
SCAF_349_region	21199	5654	0.27	0	28
SCAF_350	21189	89029	4.20	0	175
SCAF_350_region	21189	89029	4.20	0	175
SCAF_351	21106	1016193	48.15	0	102
SCAF_351_region	21106	1016193	48.15	0	102
SCAF_352	21098	191198	9.06	0	97
SCAF_352_region	21098	191198	9.06	0	97
SCAF_353	21078	48336	2.29	0	46
SCAF_353_region	21078	48336	2.29	0	46
SCAF_354	20991	45420	2.16	0	68
SCAF_354_region	20991	45420	2.16	0	68
SCAF_355	20981	88419	4.21	0	261
SCAF_355_region	20981	88419	4.21	0	261
SCAF_356	20980	281467	13.42	0	119
SCAF_356_region	20980	281467	13.42	0	119
SCAF_357	20976	77372	3.69	0	140
SCAF_357_region	20976	77372	3.69	0	140
SCAF_358	20871	23174	1.11	0	19
SCAF_358_region	20871	23174	1.11	0	19
SCAF_359	20831	55558	2.67	0	33
SCAF_359_region	20831	55558	2.67	0	33
SCAF_360	20777	70315	3.38	0	127
SCAF_360_region	20777	70315	3.38	0	127
SCAF_361	20737	229073	11.05	0	87
SCAF_361_region	20737	229073	11.05	0	87
SCAF_362	20702	1185138	57.25	0	180
SCAF_362_region	20702	1185138	57.25	0	180
SCAF_363	20586	2801	0.14	0	8
SCAF_363_region	20586	2801	0.14	0	8
SCAF_364	20574	203119	9.87	0	137
SCAF_364_region	20574	203119	9.87	0	137
SCAF_365	20553	94731	4.61	0	241
SCAF_365_region	20553	94731	4.61	0	241
SCAF_366	20522	30623	1.49	0	81
SCAF_366_region	20522	30623	1.49	0	81
SCAF_367	20517	46865	2.28	0	54
SCAF_367_region	20517	46865	2.28	0	54
SCAF_368	20452	859569	42.03	0	276
SCAF_368_region	20452	859569	42.03	0	276
SCAF_369	20438	768922	37.62	0	144
SCAF_369_region	20438	768922	37.62	0	144
SCAF_370	20350	182833	8.98	0	123
SCAF_370_region	20350	182833	8.98	0	123
SCAF_371	20349	196911	9.68	0	363
SCAF_371_region	20349	196911	9.68	0	363
SCAF_372	20285	252446	12.44	0	159
SCAF_372_region	20285	252446	12.44	0	159
SCAF_373	20282	7730	0.38	0	43
SCAF_373_region	20282	7730	0.38	0	43
SCAF_374	20282	1235622	60.92	0	260
SCAF_374_region	20282	1235622	60.92	0	260
SCAF_375	20179	727197	36.04	0	937
SCAF_375_region	20179	727197	36.04	0	937
SCAF_376	20174	387326	19.20	0	78
SCAF_376_region	20174	387326	19.20	0	78
SCAF_377	20160	280666	13.92	0	103
SCAF_377_region	20160	280666	13.92	0	103
SCAF_378	20157	898944	44.60	0	254
SCAF_378_region	20157	898944	44.60	0	254
SCAF_379	20150	568178	28.20	0	94
SCAF_379_region	20150	568178	28.20	0	94
SCAF_380	20140	193040	9.58	0	294
SCAF_380_region	20140	193040	9.58	0	294
SCAF_381	20082	99106	4.94	0	58
SCAF_381_region	20082	99106	4.94	0	58
SCAF_382	20068	28450	1.42	0	30
SCAF_382_region	20068	28450	1.42	0	30
SCAF_383	20052	39448	1.97	0	32
SCAF_383_region	20052	39448	1.97	0	32
SCAF_384	20039	784133	39.13	0	164
SCAF_384_region	20039	784133	39.13	0	164
SCAF_385	20036	139849	6.98	0	145
SCAF_385_region	20036	139849	6.98	0	145
SCAF_386	20004	318259	15.91	0	55
SCAF_386_region	20004	318259	15.91	0	55
SCAF_387	19967	220439	11.04	0	132
SCAF_387_region	19967	220439	11.04	0	132
SCAF_388	19953	1112591	55.76	0	215
SCAF_388_region	19953	1112591	55.76	0	215
SCAF_389	19874	99289	5.00	0	76
SCAF_389_region	19874	99289	5.00	0	76
SCAF_390	19870	835893	42.07	0	335
SCAF_390_region	19870	835893	42.07	0	335
SCAF_391	19819	84130	4.24	0	88
SCAF_391_region	19819	84130	4.24	0	88
SCAF_392	19814	72872	3.68	0	81
SCAF_392_region	19814	72872	3.68	0	81
SCAF_393	19805	123602	6.24	0	64
SCAF_393_region	19805	123602	6.24	0	64
SCAF_394	19796	260845	13.18	0	127
SCAF_394_region	19796	260845	13.18	0	127
SCAF_395	19788	2945736	148.86	0	991
SCAF_395_region	19788	2945736	148.86	0	991
SCAF_396	19769	133795	6.77	0	49
SCAF_396_region	19769	133795	6.77	0	49
SCAF_397	19737	195020	9.88	0	86
SCAF_397_region	19737	195020	9.88	0	86
SCAF_398	19694	491611	24.96	0	106
SCAF_398_region	19694	491611	24.96	0	106
SCAF_399	19627	179387	9.14	0	43
SCAF_399_region	19627	179387	9.14	0	43
SCAF_400	19559	307081	15.70	0	169
SCAF_400_region	19559	307081	15.70	0	169
SCAF_401	19529	142130	7.28	0	93
SCAF_401_region	19529	142130	7.28	0	93
SCAF_402	19485	43848	2.25	0	40
SCAF_402_region	19485	43848	2.25	0	40
SCAF_403	19440	126826	6.52	0	117
SCAF_403_region	19440	126826	6.52	0	117
SCAF_404	19429	71267	3.67	0	44
SCAF_404_region	19429	71267	3.67	0	44
SCAF_405	19412	56339	2.90	0	73
SCAF_405_region	19412	56339	2.90	0	73
SCAF_406	19412	99830	5.14	0	93
SCAF_406_region	19412	99830	5.14	0	93
SCAF_407	19392	90282	4.66	0	76
SCAF_407_region	19392	90282	4.66	0	76
SCAF_408	19383	3283	0.17	0	7
SCAF_408_region	19383	3283	0.17	0	7
SCAF_409	19350	50191	2.59	0	62
SCAF_409_region	19350	50191	2.59	0	62
SCAF_410	19334	122087	6.31	0	61
SCAF_410_region	19334	122087	6.31	0	61
SCAF_411	19319	8776	0.45	0	9
SCAF_411_region	19319	8776	0.45	0	9
SCAF_412	19298	859723	44.55	0	96
SCAF_412_region	19298	859723	44.55	0	96
SCAF_413	19281	825861	42.83	0	159
SCAF_413_region	19281	825861	42.83	0	159
SCAF_414	19250	224423	11.66	0	147
SCAF_414_region	19250	224423	11.66	0	147
SCAF_415	19240	125923	6.54	0	80
SCAF_415_region	19240	125923	6.54	0	80
SCAF_416	19198	81774	4.26	0	71
SCAF_416_region	19198	81774	4.26	0	71
SCAF_417	19156	31746	1.66	0	141
SCAF_417_region	19156	31746	1.66	0	141
SCAF_418	19069	915642	48.02	0	176
SCAF_418_region	19069	915642	48.02	0	176
SCAF_419	19061	268100	14.07	0	71
SCAF_419_region	19061	268100	14.07	0	71
SCAF_420	19040	41234	2.17	0	55
SCAF_420_region	19040	41234	2.17	0	55
SCAF_421	19012	219520	11.55	0	60
SCAF_421_region	19012	219520	11.55	0	60
SCAF_422	18950	677074	35.73	0	208
SCAF_422_region	18950	677074	35.73	0	208
SCAF_423	18945	170181	8.98	0	94
SCAF_423_region	18945	170181	8.98	0	94
SCAF_424	18943	78866	4.16	0	146
SCAF_424_region	18943	78866	4.16	0	146
SCAF_425	18932	387183	20.45	0	102
SCAF_425_region	18932	387183	20.45	0	102
SCAF_426	18882	80020	4.24	0	36
SCAF_426_region	18882	80020	4.24	0	36
SCAF_427	18874	216734	11.48	0	315
SCAF_427_region	18874	216734	11.48	0	315
SCAF_428	18866	1218484	64.59	0	214
SCAF_428_region	18866	1218484	64.59	0	214
SCAF_429	18866	123724	6.56	0	50
SCAF_429_region	18866	123724	6.56	0	50
SCAF_430	18815	67432	3.58	0	43
SCAF_430_region	18815	67432	3.58	0	43
SCAF_431	18805	911120	48.45	0	108
SCAF_431_region	18805	911120	48.45	0	108
SCAF_432	18790	385814	20.53	0	159
SCAF_432_region	18790	385814	20.53	0	159
SCAF_433	18773	42018	2.24	0	47
SCAF_433_region	18773	42018	2.24	0	47
SCAF_434	18766	84419	4.50	0	60
SCAF_434_region	18766	84419	4.50	0	60
SCAF_435	18753	497368	26.52	0	138
SCAF_435_region	18753	497368	26.52	0	138
SCAF_436	18746	303216	16.17	0	150
SCAF_436_region	18746	303216	16.17	0	150
SCAF_437	18721	316297	16.90	0	155
SCAF_437_region	18721	316297	16.90	0	155
SCAF_438	18669	38262	2.05	0	73
SCAF_438_region	18669	38262	2.05	0	73
SCAF_439	18588	6762	0.36	0	79
SCAF_439_region	18588	6762	0.36	0	79
SCAF_440	18561	152437	8.21	0	539
SCAF_440_region	18561	152437	8.21	0	539
SCAF_441	18530	421195	22.73	0	259
SCAF_441_region	18530	421195	22.73	0	259
SCAF_442	18489	39810	2.15	0	36
SCAF_442_region	18489	39810	2.15	0	36
SCAF_443	18479	96908	5.24	0	101
SCAF_443_region	18479	96908	5.24	0	101
SCAF_444	18424	544250	29.54	0	123
SCAF_444_region	18424	544250	29.54	0	123
SCAF_445	18396	299381	16.27	0	56
SCAF_445_region	18396	299381	16.27	0	56
SCAF_446	18392	672274	36.55	0	91
SCAF_446_region	18392	672274	36.55	0	91
SCAF_447	18255	100706	5.52	0	50
SCAF_447_region	18255	100706	5.52	0	50
SCAF_448	18252	747518	40.96	0	89
SCAF_448_region	18252	747518	40.96	0	89
SCAF_449	18248	230852	12.65	0	52
SCAF_449_region	18248	230852	12.65	0	52
SCAF_450	18208	83260	4.57	0	109
SCAF_450_region	18208	83260	4.57	0	109
SCAF_451	18202	64566	3.55	0	68
SCAF_451_region	18202	64566	3.55	0	68
SCAF_452	18192	39886	2.19	0	24
SCAF_452_region	18192	39886	2.19	0	24
SCAF_453	18150	36328	2.00	0	67
SCAF_453_region	18150	36328	2.00	0	67
SCAF_454	18134	31007	1.71	0	81
SCAF_454_region	18134	31007	1.71	0	81
SCAF_455	18114	5648	0.31	0	79
SCAF_455_region	18114	5648	0.31	0	79
SCAF_456	18112	47773	2.64	0	38
SCAF_456_region	18112	47773	2.64	0	38
SCAF_457	18054	949733	52.61	0	101
SCAF_457_region	18054	949733	52.61	0	101
SCAF_458	18006	218986	12.16	0	50
SCAF_458_region	18006	218986	12.16	0	50
SCAF_459	18000	12365	0.69	0	41
SCAF_459_region	18000	12365	0.69	0	41
SCAF_460	17967	127375	7.09	0	77
SCAF_460_region	17967	127375	7.09	0	77
SCAF_461	17943	40382	2.25	0	38
SCAF_461_region	17943	40382	2.25	0	38
SCAF_462	17929	2176	0.12	0	39
SCAF_462_region	17929	2176	0.12	0	39
SCAF_463	17921	14247	0.79	0	14
SCAF_463_region	17921	14247	0.79	0	14
SCAF_464	17913	328841	18.36	0	139
SCAF_464_region	17913	328841	18.36	0	139
SCAF_465	17912	87374	4.88	0	62
SCAF_465_region	17912	87374	4.88	0	62
SCAF_466	17886	261838	14.64	0	113
SCAF_466_region	17886	261838	14.64	0	113
SCAF_467	17859	8201	0.46	0	56
SCAF_467_region	17859	8201	0.46	0	56
SCAF_468	17837	79660	4.47	0	138
SCAF_468_region	17837	79660	4.47	0	138
SCAF_469	17802	4275	0.24	0	13
SCAF_469_region	17802	4275	0.24	0	13
SCAF_470	17776	103944	5.85	0	138
SCAF_470_region	17776	103944	5.85	0	138
SCAF_471	17682	77970	4.41	0	63
SCAF_471_region	17682	77970	4.41	0	63
SCAF_472	17646	503793	28.55	0	328
SCAF_472_region	17646	503793	28.55	0	328
SCAF_473	17646	425456	24.11	0	87
SCAF_473_region	17646	425456	24.11	0	87
SCAF_474	17642	943146	53.46	0	214
SCAF_474_region	17642	943146	53.46	0	214
SCAF_475	17613	3978	0.23	0	30
SCAF_475_region	17613	3978	0.23	0	30
SCAF_476	17602	178451	10.14	0	701
SCAF_476_region	17602	178451	10.14	0	701
SCAF_477	17571	6442	0.37	0	29
SCAF_477_region	17571	6442	0.37	0	29
SCAF_478	17535	68799	3.92	0	47
SCAF_478_region	17535	68799	3.92	0	47
SCAF_479	17528	92602	5.28	0	488
SCAF_479_region	17528	92602	5.28	0	488
SCAF_480	17503	92563	5.29	0	37
SCAF_480_region	17503	92563	5.29	0	37
SCAF_481	17502	61835	3.53	0	108
SCAF_481_region	17502	61835	3.53	0	108
SCAF_482	17480	76530	4.38	0	94
SCAF_482_region	17480	76530	4.38	0	94
SCAF_483	17476	69084	3.95	0	80
SCAF_483_region	17476	69084	3.95	0	80
SCAF_484	17457	154385	8.84	0	180
SCAF_484_region	17457	154385	8.84	0	180
SCAF_485	17386	295974	17.02	0	121
SCAF_485_region	17386	295974	17.02	0	121
SCAF_486	17362	267414	15.40	0	61
SCAF_486_region	17362	267414	15.40	0	61
SCAF_487	17332	100829	5.82	0	76
SCAF_487_region	17332	100829	5.82	0	76
SCAF_488	17327	255125	14.72	0	64
SCAF_488_region	17327	255125	14.72	0	64
SCAF_489	17303	224275	12.96	0	60
SCAF_489_region	17303	224275	12.96	0	60
SCAF_490	17273	253925	14.70	0	104
SCAF_490_region	17273	253925	14.70	0	104
SCAF_491	17245	29346	1.70	0	56
SCAF_491_region	17245	29346	1.70	0	56
SCAF_492	17239	229702	13.32	0	106
SCAF_492_region	17239	229702	13.32	0	106
SCAF_493	17219	318739	18.51	0	53
SCAF_493_region	17219	318739	18.51	0	53
SCAF_494	17218	93798	5.45	0	33
SCAF_494_region	17218	93798	5.45	0	33
SCAF_495	17211	62160	3.61	0	64
SCAF_495_region	17211	62160	3.61	0	64
SCAF_496	17198	169684	9.87	0	340
SCAF_496_region	17198	169684	9.87	0	340
SCAF_497	17190	5659	0.33	0	28
SCAF_497_region	17190	5659	0.33	0	28
SCAF_498	17162	394750	23.00	0	195
SCAF_498_region	17162	394750	23.00	0	195
SCAF_499	17147	87242	5.09	0	66
SCAF_499_region	17147	87242	5.09	0	66
SCAF_500	17144	62469	3.64	0	32
SCAF_500_region	17144	62469	3.64	0	32
SCAF_501	17142	46403	2.71	0	52
SCAF_501_region	17142	46403	2.71	0	52
SCAF_502	17124	154105	9.00	0	123
SCAF_502_region	17124	154105	9.00	0	123
SCAF_503	17118	2349602	137.26	0	651
SCAF_503_region	17118	2349602	137.26	0	651
SCAF_504	17076	136808	8.01	0	84
SCAF_504_region	17076	136808	8.01	0	84
SCAF_505	17047	718341	42.14	0	181
SCAF_505_region	17047	718341	42.14	0	181
SCAF_506	17043	3069	0.18	0	69
SCAF_506_region	17043	3069	0.18	0	69
SCAF_507	17035	213333	12.52	0	218
SCAF_507_region	17035	213333	12.52	0	218
SCAF_508	17021	264422	15.54	0	328
SCAF_508_region	17021	264422	15.54	0	328
SCAF_509	16971	253826	14.96	0	96
SCAF_509_region	16971	253826	14.96	0	96
SCAF_510	16897	807587	47.79	0	114
SCAF_510_region	16897	807587	47.79	0	114
SCAF_511	16849	109916	6.52	0	53
SCAF_511_region	16849	109916	6.52	0	53
SCAF_512	16807	114923	6.84	0	54
SCAF_512_region	16807	114923	6.84	0	54
SCAF_513	16787	4651	0.28	0	7
SCAF_513_region	16787	4651	0.28	0	7
SCAF_514	16784	198021	11.80	0	46
SCAF_514_region	16784	198021	11.80	0	46
SCAF_515	16776	216387	12.90	0	58
SCAF_515_region	16776	216387	12.90	0	58
SCAF_516	16745	24616	1.47	0	44
SCAF_516_region	16745	24616	1.47	0	44
SCAF_517	16741	92549	5.53	0	33
SCAF_517_region	16741	92549	5.53	0	33
SCAF_518	16733	680447	40.66	0	142
SCAF_518_region	16733	680447	40.66	0	142
SCAF_519	16710	86546	5.18	0	111
SCAF_519_region	16710	86546	5.18	0	111
SCAF_520	16702	931933	55.80	0	844
SCAF_520_region	16702	931933	55.80	0	844
SCAF_521	16701	163223	9.77	0	56
SCAF_521_region	16701	163223	9.77	0	56
SCAF_522	16645	45278	2.72	0	155
SCAF_522_region	16645	45278	2.72	0	155
SCAF_523	16623	171118	10.29	0	68
SCAF_523_region	16623	171118	10.29	0	68
SCAF_524	16568	20109	1.21	0	33
SCAF_524_region	16568	20109	1.21	0	33
SCAF_525	16548	90220	5.45	0	116
SCAF_525_region	16548	90220	5.45	0	116
SCAF_526	16541	95568	5.78	0	78
SCAF_526_region	16541	95568	5.78	0	78
SCAF_527	16518	724326	43.85	0	267
SCAF_527_region	16518	724326	43.85	0	267
SCAF_528	16510	234738	14.22	0	204
SCAF_528_region	16510	234738	14.22	0	204
SCAF_529	16492	114946	6.97	0	65
SCAF_529_region	16492	114946	6.97	0	65
SCAF_530	16462	434558	26.40	0	172
SCAF_530_region	16462	434558	26.40	0	172
SCAF_531	16461	4568	0.28	0	14
SCAF_531_region	16461	4568	0.28	0	14
SCAF_532	16447	98863	6.01	0	42
SCAF_532_region	16447	98863	6.01	0	42
SCAF_533	16383	157202	9.60	0	66
SCAF_533_region	16383	157202	9.60	0	66
SCAF_534	16345	114933	7.03	0	64
SCAF_534_region	16345	114933	7.03	0	64
SCAF_535	16343	34323	2.10	0	40
SCAF_535_region	16343	34323	2.10	0	40
SCAF_536	16333	50650	3.10	0	56
SCAF_536_region	16333	50650	3.10	0	56
SCAF_537	16287	663343	40.73	0	110
SCAF_537_region	16287	663343	40.73	0	110
SCAF_538	16266	160593	9.87	0	116
SCAF_538_region	16266	160593	9.87	0	116
SCAF_539	16246	3979	0.24	0	6
SCAF_539_region	16246	3979	0.24	0	6
SCAF_540	16245	75665	4.66	0	61
SCAF_540_region	16245	75665	4.66	0	61
SCAF_541	16215	73716	4.55	0	46
SCAF_541_region	16215	73716	4.55	0	46
SCAF_542	16208	49211	3.04	0	41
SCAF_542_region	16208	49211	3.04	0	41
SCAF_543	16160	105982	6.56	0	87
SCAF_543_region	16160	105982	6.56	0	87
SCAF_544	16140	5923	0.37	0	15
SCAF_544_region	16140	5923	0.37	0	15
SCAF_545	16102	30850	1.92	0	28
SCAF_545_region	16102	30850	1.92	0	28
SCAF_546	16083	270067	16.79	0	97
SCAF_546_region	16083	270067	16.79	0	97
SCAF_547	16037	22692	1.41	0	46
SCAF_547_region	16037	22692	1.41	0	46
SCAF_548	16034	348077	21.71	0	739
SCAF_548_region	16034	348077	21.71	0	739
SCAF_549	16030	213967	13.35	0	134
SCAF_549_region	16030	213967	13.35	0	134
SCAF_550	16027	26574	1.66	0	59
SCAF_550_region	16027	26574	1.66	0	59
SCAF_551	15990	437450	27.36	0	82
SCAF_551_region	15990	437450	27.36	0	82
SCAF_552	15913	1117620	70.23	0	168
SCAF_552_region	15913	1117620	70.23	0	168
SCAF_553	15906	34934	2.20	0	51
SCAF_553_region	15906	34934	2.20	0	51
SCAF_554	15898	142784	8.98	0	45
SCAF_554_region	15898	142784	8.98	0	45
SCAF_555	15891	89599	5.64	0	58
SCAF_555_region	15891	89599	5.64	0	58
SCAF_556	15885	171913	10.82	0	79
SCAF_556_region	15885	171913	10.82	0	79
SCAF_557	15855	39507	2.49	0	46
SCAF_557_region	15855	39507	2.49	0	46
SCAF_558	15839	105816	6.68	0	158
SCAF_558_region	15839	105816	6.68	0	158
SCAF_559	15827	332228	20.99	0	60
SCAF_559_region	15827	332228	20.99	0	60
SCAF_560	15823	249827	15.79	0	203
SCAF_560_region	15823	249827	15.79	0	203
SCAF_561	15791	217412	13.77	0	48
SCAF_561_region	15791	217412	13.77	0	48
SCAF_562	15777	1044934	66.23	0	257
SCAF_562_region	15777	1044934	66.23	0	257
SCAF_563	15776	82631	5.24	0	43
SCAF_563_region	15776	82631	5.24	0	43
SCAF_564	15761	98513	6.25	0	183
SCAF_564_region	15761	98513	6.25	0	183
SCAF_565	15717	150404	9.57	0	115
SCAF_565_region	15717	150404	9.57	0	115
SCAF_566	15706	5827	0.37	0	23
SCAF_566_region	15706	5827	0.37	0	23
SCAF_567	15696	175633	11.19	0	100
SCAF_567_region	15696	175633	11.19	0	100
SCAF_568	15657	204537	13.06	0	52
SCAF_568_region	15657	204537	13.06	0	52
SCAF_569	15650	95175	6.08	0	185
SCAF_569_region	15650	95175	6.08	0	185
SCAF_570	15646	82673	5.28	0	64
SCAF_570_region	15646	82673	5.28	0	64
SCAF_571	15619	2460	0.16	0	4
SCAF_571_region	15619	2460	0.16	0	4
SCAF_572	15612	106560	6.83	0	91
SCAF_572_region	15612	106560	6.83	0	91
SCAF_573	15605	25812	1.65	0	20
SCAF_573_region	15605	25812	1.65	0	20
SCAF_574	15575	61513	3.95	0	31
SCAF_574_region	15575	61513	3.95	0	31
SCAF_575	15573	31867	2.05	0	28
SCAF_575_region	15573	31867	2.05	0	28
SCAF_576	15571	218061	14.00	0	107
SCAF_576_region	15571	218061	14.00	0	107
SCAF_577	15544	36968	2.38	0	22
SCAF_577_region	15544	36968	2.38	0	22
SCAF_578	15521	1452	0.09	0	4
SCAF_578_region	15521	1452	0.09	0	4
SCAF_579	15497	114970	7.42	0	481
SCAF_579_region	15497	114970	7.42	0	481
SCAF_580	15481	83315	5.38	0	45
SCAF_580_region	15481	83315	5.38	0	45
SCAF_581	15458	252309	16.32	0	134
SCAF_581_region	15458	252309	16.32	0	134
SCAF_582	15439	166079	10.76	0	129
SCAF_582_region	15439	166079	10.76	0	129
SCAF_583	15421	310977	20.17	0	65
SCAF_583_region	15421	310977	20.17	0	65
SCAF_584	15337	49799	3.25	0	56
SCAF_584_region	15337	49799	3.25	0	56
SCAF_585	15336	83503	5.44	0	70
SCAF_585_region	15336	83503	5.44	0	70
SCAF_586	15301	322381	21.07	0	126
SCAF_586_region	15301	322381	21.07	0	126
SCAF_587	15300	564604	36.90	0	1768
SCAF_587_region	15300	564604	36.90	0	1768
SCAF_588	15298	136424	8.92	0	55
SCAF_588_region	15298	136424	8.92	0	55
SCAF_589	15238	109413	7.18	0	92
SCAF_589_region	15238	109413	7.18	0	92
SCAF_590	15205	793444	52.18	0	158
SCAF_590_region	15205	793444	52.18	0	158
SCAF_591	15162	607758	40.08	0	105
SCAF_591_region	15162	607758	40.08	0	105
SCAF_592	15154	81955	5.41	0	39
SCAF_592_region	15154	81955	5.41	0	39
SCAF_593	15087	159019	10.54	0	114
SCAF_593_region	15087	159019	10.54	0	114
SCAF_594	15082	552752	36.65	0	172
SCAF_594_region	15082	552752	36.65	0	172
SCAF_595	15055	889497	59.08	0	93
SCAF_595_region	15055	889497	59.08	0	93
SCAF_596	15045	34101	2.27	0	61
SCAF_596_region	15045	34101	2.27	0	61
SCAF_597	15030	146070	9.72	0	140
SCAF_597_region	15030	146070	9.72	0	140
SCAF_598	15027	99419	6.62	0	122
SCAF_598_region	15027	99419	6.62	0	122
SCAF_599	15000	805153	53.68	0	97
SCAF_599_region	15000	805153	53.68	0	97
SCAF_600	14995	77840	5.19	0	73
SCAF_600_region	14995	77840	5.19	0	73
SCAF_601	14985	152133	10.15	0	92
SCAF_601_region	14985	152133	10.15	0	92
SCAF_602	14930	221274	14.82	0	83
SCAF_602_region	14930	221274	14.82	0	83
SCAF_603	14898	87918	5.90	0	36
SCAF_603_region	14898	87918	5.90	0	36
SCAF_604	14863	129395	8.71	0	52
SCAF_604_region	14863	129395	8.71	0	52
SCAF_605	14840	41125	2.77	0	17
SCAF_605_region	14840	41125	2.77	0	17
SCAF_606	14808	5020	0.34	0	10
SCAF_606_region	14808	5020	0.34	0	10
SCAF_607	14807	251741	17.00	0	86
SCAF_607_region	14807	251741	17.00	0	86
SCAF_608	14785	113287	7.66	0	71
SCAF_608_region	14785	113287	7.66	0	71
SCAF_609	14742	94418	6.40	0	130
SCAF_609_region	14742	94418	6.40	0	130
SCAF_610	14738	108741	7.38	0	44
SCAF_610_region	14738	108741	7.38	0	44
SCAF_611	14737	471230	31.98	0	113
SCAF_611_region	14737	471230	31.98	0	113
SCAF_612	14712	661821	44.99	0	159
SCAF_612_region	14712	661821	44.99	0	159
SCAF_613	14708	117662	8.00	0	104
SCAF_613_region	14708	117662	8.00	0	104
SCAF_614	14694	2383	0.16	0	28
SCAF_614_region	14694	2383	0.16	0	28
SCAF_615	14684	78007	5.31	0	209
SCAF_615_region	14684	78007	5.31	0	209
SCAF_616	14676	2405	0.16	0	4
SCAF_616_region	14676	2405	0.16	0	4
SCAF_617	14662	86212	5.88	0	86
SCAF_617_region	14662	86212	5.88	0	86
SCAF_618	14658	138714	9.46	0	35
SCAF_618_region	14658	138714	9.46	0	35
SCAF_619	14650	78625	5.37	0	234
SCAF_619_region	14650	78625	5.37	0	234
SCAF_620	14639	39714	2.71	0	46
SCAF_620_region	14639	39714	2.71	0	46
SCAF_621	14614	290597	19.88	0	213
SCAF_621_region	14614	290597	19.88	0	213
SCAF_622	14596	127203	8.71	0	84
SCAF_622_region	14596	127203	8.71	0	84
SCAF_623	14590	169697	11.63	0	82
SCAF_623_region	14590	169697	11.63	0	82
SCAF_624	14581	9275	0.64	0	62
SCAF_624_region	14581	9275	0.64	0	62
SCAF_625	14547	87581	6.02	0	77
SCAF_625_region	14547	87581	6.02	0	77
SCAF_626	14527	113603	7.82	0	117
SCAF_626_region	14527	113603	7.82	0	117
SCAF_627	14523	66726	4.59	0	65
SCAF_627_region	14523	66726	4.59	0	65
SCAF_628	14498	165335	11.40	0	133
SCAF_628_region	14498	165335	11.40	0	133
SCAF_629	14453	37030	2.56	0	27
SCAF_629_region	14453	37030	2.56	0	27
SCAF_630	14414	87715	6.09	0	90
SCAF_630_region	14414	87715	6.09	0	90
SCAF_631	14395	45644	3.17	0	45
SCAF_631_region	14395	45644	3.17	0	45
SCAF_632	14385	94170	6.55	0	110
SCAF_632_region	14385	94170	6.55	0	110
SCAF_633	14371	48730	3.39	0	75
SCAF_633_region	14371	48730	3.39	0	75
SCAF_634	14371	56477	3.93	0	56
SCAF_634_region	14371	56477	3.93	0	56
SCAF_635	14280	536515	37.57	0	329
SCAF_635_region	14280	536515	37.57	0	329
SCAF_636	14276	69144	4.84	0	60
SCAF_636_region	14276	69144	4.84	0	60
SCAF_637	14236	408259	28.68	0	84
SCAF_637_region	14236	408259	28.68	0	84
SCAF_638	14229	212594	14.94	0	46
SCAF_638_region	14229	212594	14.94	0	46
SCAF_639	14202	1947	0.14	0	4
SCAF_639_region	14202	1947	0.14	0	4
SCAF_640	14111	176087	12.48	0	96
SCAF_640_region	14111	176087	12.48	0	96
SCAF_641	14088	234326	16.63	0	84
SCAF_641_region	14088	234326	16.63	0	84
SCAF_642	14005	219514	15.67	0	65
SCAF_642_region	14005	219514	15.67	0	65
SCAF_643	13977	379625	27.16	0	161
SCAF_643_region	13977	379625	27.16	0	161
SCAF_644	13890	26107	1.88	0	14
SCAF_644_region	13890	26107	1.88	0	14
SCAF_645	13875	157951	11.38	0	55
SCAF_645_region	13875	157951	11.38	0	55
SCAF_646	13874	812230	58.54	0	578
SCAF_646_region	13874	812230	58.54	0	578
SCAF_647	13848	137540	9.93	0	71
SCAF_647_region	13848	137540	9.93	0	71
SCAF_648	13847	74186	5.36	0	178
SCAF_648_region	13847	74186	5.36	0	178
SCAF_649	13838	122784	8.87	0	114
SCAF_649_region	13838	122784	8.87	0	114
SCAF_650	13812	30602	2.22	0	44
SCAF_650_region	13812	30602	2.22	0	44
SCAF_651	13758	688157	50.02	0	127
SCAF_651_region	13758	688157	50.02	0	127
SCAF_652	13727	54681	3.98	0	33
SCAF_652_region	13727	54681	3.98	0	33
SCAF_653	13703	19813	1.45	0	23
SCAF_653_region	13703	19813	1.45	0	23
SCAF_654	13701	2318	0.17	0	4
SCAF_654_region	13701	2318	0.17	0	4
SCAF_655	13677	13601	0.99	0	28
SCAF_655_region	13677	13601	0.99	0	28
SCAF_656	13622	187394	13.76	0	56
SCAF_656_region	13622	187394	13.76	0	56
SCAF_657	13584	22361	1.65	0	52
SCAF_657_region	13584	22361	1.65	0	52
SCAF_658	13583	167376	12.32	0	89
SCAF_658_region	13583	167376	12.32	0	89
SCAF_659	13535	177952	13.15	0	61
SCAF_659_region	13535	177952	13.15	0	61
SCAF_660	13535	6366	0.47	0	35
SCAF_660_region	13535	6366	0.47	0	35
SCAF_661	13499	34990	2.59	0	17
SCAF_661_region	13499	34990	2.59	0	17
SCAF_662	13464	30647	2.28	0	31
SCAF_662_region	13464	30647	2.28	0	31
SCAF_663	13438	176306	13.12	0	86
SCAF_663_region	13438	176306	13.12	0	86
SCAF_664	13385	687642	51.37	0	191
SCAF_664_region	13385	687642	51.37	0	191
SCAF_665	13357	4299	0.32	0	33
SCAF_665_region	13357	4299	0.32	0	33
SCAF_666	13330	135136	10.14	0	67
SCAF_666_region	13330	135136	10.14	0	67
SCAF_667	13327	163284	12.25	0	156
SCAF_667_region	13327	163284	12.25	0	156
SCAF_668	13319	185094	13.90	0	430
SCAF_668_region	13319	185094	13.90	0	430
SCAF_669	13303	83914	6.31	0	203
SCAF_669_region	13303	83914	6.31	0	203
SCAF_670	13293	214795	16.16	0	56
SCAF_670_region	13293	214795	16.16	0	56
SCAF_671	13288	536590	40.38	0	102
SCAF_671_region	13288	536590	40.38	0	102
SCAF_672	13266	62325	4.70	0	59
SCAF_672_region	13266	62325	4.70	0	59
SCAF_673	13189	17594	1.33	0	68
SCAF_673_region	13189	17594	1.33	0	68
SCAF_674	13149	267009	20.31	0	156
SCAF_674_region	13149	267009	20.31	0	156
SCAF_675	13128	220537	16.80	0	195
SCAF_675_region	13128	220537	16.80	0	195
SCAF_676	13120	313577	23.90	0	92
SCAF_676_region	13120	313577	23.90	0	92
SCAF_677	13080	239677	18.32	0	1397
SCAF_677_region	13080	239677	18.32	0	1397
SCAF_678	13050	30353	2.33	0	48
SCAF_678_region	13050	30353	2.33	0	48
SCAF_679	13043	53190	4.08	0	123
SCAF_679_region	13043	53190	4.08	0	123
SCAF_680	13008	50373	3.87	0	27
SCAF_680_region	13008	50373	3.87	0	27
SCAF_681	13001	36492	2.81	0	77
SCAF_681_region	13001	36492	2.81	0	77
SCAF_682	12997	474906	36.54	0	106
SCAF_682_region	12997	474906	36.54	0	106
SCAF_683	12986	84389	6.50	0	68
SCAF_683_region	12986	84389	6.50	0	68
SCAF_684	12871	43062	3.35	0	71
SCAF_684_region	12871	43062	3.35	0	71
SCAF_685	12842	97934	7.63	0	131
SCAF_685_region	12842	97934	7.63	0	131
SCAF_686	12830	29743	2.32	0	41
SCAF_686_region	12830	29743	2.32	0	41
SCAF_687	12781	79716	6.24	0	48
SCAF_687_region	12781	79716	6.24	0	48
SCAF_688	12768	253994	19.89	0	123
SCAF_688_region	12768	253994	19.89	0	123
SCAF_689	12768	140925	11.04	0	55
SCAF_689_region	12768	140925	11.04	0	55
SCAF_690	12764	61370	4.81	0	54
SCAF_690_region	12764	61370	4.81	0	54
SCAF_691	12677	17770	1.40	0	24
SCAF_691_region	12677	17770	1.40	0	24
SCAF_692	12675	3943	0.31	0	10
SCAF_692_region	12675	3943	0.31	0	10
SCAF_693	12651	34315	2.71	0	37
SCAF_693_region	12651	34315	2.71	0	37
SCAF_694	12646	55139	4.36	0	49
SCAF_694_region	12646	55139	4.36	0	49
SCAF_695	12643	534953	42.31	0	123
SCAF_695_region	12643	534953	42.31	0	123
SCAF_696	12633	50931	4.03	0	46
SCAF_696_region	12633	50931	4.03	0	46
SCAF_697	12625	93730	7.42	0	152
SCAF_697_region	12625	93730	7.42	0	152
SCAF_698	12617	652363	51.71	0	503
SCAF_698_region	12617	652363	51.71	0	503
SCAF_699	12540	52574	4.19	0	63
SCAF_699_region	12540	52574	4.19	0	63
SCAF_700	12515	1086	0.09	0	5
SCAF_700_region	12515	1086	0.09	0	5
SCAF_701	12482	11919	0.95	0	24
SCAF_701_region	12482	11919	0.95	0	24
SCAF_702	12461	99569	7.99	0	133
SCAF_702_region	12461	99569	7.99	0	133
SCAF_703	12456	447701	35.94	0	391
SCAF_703_region	12456	447701	35.94	0	391
SCAF_704	12456	32272	2.59	0	68
SCAF_704_region	12456	32272	2.59	0	68
SCAF_705	12358	58547	4.74	0	38
SCAF_705_region	12358	58547	4.74	0	38
SCAF_706	12350	723800	58.61	0	120
SCAF_706_region	12350	723800	58.61	0	120
SCAF_707	12343	16790	1.36	0	25
SCAF_707_region	12343	16790	1.36	0	25
SCAF_708	12333	2891	0.23	0	8
SCAF_708_region	12333	2891	0.23	0	8
SCAF_709	12319	794128	64.46	0	615
SCAF_709_region	12319	794128	64.46	0	615
SCAF_710	12288	16401	1.33	0	23
SCAF_710_region	12288	16401	1.33	0	23
SCAF_711	12252	761557	62.16	0	132
SCAF_711_region	12252	761557	62.16	0	132
SCAF_712	12218	1188409	97.27	0	2222
SCAF_712_region	12218	1188409	97.27	0	2222
SCAF_713	12177	804001	66.03	0	121
SCAF_713_region	12177	804001	66.03	0	121
SCAF_714	12167	21543	1.77	0	36
SCAF_714_region	12167	21543	1.77	0	36
SCAF_715	12163	7061	0.58	0	12
SCAF_715_region	12163	7061	0.58	0	12
SCAF_716	12143	63300	5.21	0	40
SCAF_716_region	12143	63300	5.21	0	40
SCAF_717	12102	30124	2.49	0	83
SCAF_717_region	12102	30124	2.49	0	83
SCAF_718	12099	99605	8.23	0	149
SCAF_718_region	12099	99605	8.23	0	149
SCAF_719	12095	21909	1.81	0	33
SCAF_719_region	12095	21909	1.81	0	33
SCAF_720	12085	92482	7.65	0	72
SCAF_720_region	12085	92482	7.65	0	72
SCAF_721	12078	36421	3.02	0	41
SCAF_721_region	12078	36421	3.02	0	41
SCAF_722	12066	179879	14.91	0	119
SCAF_722_region	12066	179879	14.91	0	119
SCAF_723	12015	143247	11.92	0	43
SCAF_723_region	12015	143247	11.92	0	43
SCAF_724	12004	80260	6.69	0	41
SCAF_724_region	12004	80260	6.69	0	41
SCAF_725	11949	112156	9.39	0	90
SCAF_725_region	11949	112156	9.39	0	90
SCAF_726	11911	6391	0.54	0	33
SCAF_726_region	11911	6391	0.54	0	33
SCAF_727	11900	27660	2.32	0	53
SCAF_727_region	11900	27660	2.32	0	53
SCAF_728	11869	464447	39.13	0	522
SCAF_728_region	11869	464447	39.13	0	522
SCAF_729	11788	688348	58.39	0	139
SCAF_729_region	11788	688348	58.39	0	139
SCAF_730	11785	185524	15.74	0	62
SCAF_730_region	11785	185524	15.74	0	62
SCAF_731	11750	105436	8.97	0	95
SCAF_731_region	11750	105436	8.97	0	95
SCAF_732	11699	17788	1.52	0	38
SCAF_732_region	11699	17788	1.52	0	38
SCAF_733	11674	8839	0.76	0	8
SCAF_733_region	11674	8839	0.76	0	8
SCAF_734	11658	80675	6.92	0	83
SCAF_734_region	11658	80675	6.92	0	83
SCAF_735	11648	634869	54.50	0	107
SCAF_735_region	11648	634869	54.50	0	107
SCAF_736	11642	186689	16.04	0	95
SCAF_736_region	11642	186689	16.04	0	95
SCAF_737	11612	3257	0.28	0	10
SCAF_737_region	11612	3257	0.28	0	10
SCAF_738	11595	1589	0.14	0	5
SCAF_738_region	11595	1589	0.14	0	5
SCAF_739	11525	127522	11.06	0	528
SCAF_739_region	11525	127522	11.06	0	528
SCAF_740	11505	141801	12.33	0	95
SCAF_740_region	11505	141801	12.33	0	95
SCAF_741	11492	52556	4.57	0	66
SCAF_741_region	11492	52556	4.57	0	66
SCAF_742	11467	1593778	138.99	0	549
SCAF_742_region	11467	1593778	138.99	0	549
SCAF_743	11404	2078	0.18	0	7
SCAF_743_region	11404	2078	0.18	0	7
SCAF_744	11377	74505	6.55	0	50
SCAF_744_region	11377	74505	6.55	0	50
SCAF_745	11364	113048	9.95	0	116
SCAF_745_region	11364	113048	9.95	0	116
SCAF_746	11318	12579	1.11	0	6
SCAF_746_region	11318	12579	1.11	0	6
SCAF_747	11311	16186	1.43	0	92
SCAF_747_region	11311	16186	1.43	0	92
SCAF_748	11306	203475	18.00	0	371
SCAF_748_region	11306	203475	18.00	0	371
SCAF_749	11299	56846	5.03	0	34
SCAF_749_region	11299	56846	5.03	0	34
SCAF_750	11284	58019	5.14	0	66
SCAF_750_region	11284	58019	5.14	0	66
SCAF_751	11276	21213	1.88	0	50
SCAF_751_region	11276	21213	1.88	0	50
SCAF_752	11267	7906	0.70	0	18
SCAF_752_region	11267	7906	0.70	0	18
SCAF_753	11254	42919	3.81	0	41
SCAF_753_region	11254	42919	3.81	0	41
SCAF_754	11236	258635	23.02	0	101
SCAF_754_region	11236	258635	23.02	0	101
SCAF_755	11231	54614	4.86	0	44
SCAF_755_region	11231	54614	4.86	0	44
SCAF_756	11200	372694	33.28	0	141
SCAF_756_region	11200	372694	33.28	0	141
SCAF_757	11195	120008	10.72	0	72
SCAF_757_region	11195	120008	10.72	0	72
SCAF_758	11126	30357	2.73	0	15
SCAF_758_region	11126	30357	2.73	0	15
SCAF_759	11118	88568	7.97	0	42
SCAF_759_region	11118	88568	7.97	0	42
SCAF_760	11100	44349	4.00	0	41
SCAF_760_region	11100	44349	4.00	0	41
SCAF_761	11097	40616	3.66	0	33
SCAF_761_region	11097	40616	3.66	0	33
SCAF_762	11029	29176	2.65	0	39
SCAF_762_region	11029	29176	2.65	0	39
SCAF_763	11019	121895	11.06	0	56
SCAF_763_region	11019	121895	11.06	0	56
SCAF_764	10979	4335	0.39	0	55
SCAF_764_region	10979	4335	0.39	0	55
SCAF_765	10957	997	0.09	0	7
SCAF_765_region	10957	997	0.09	0	7
SCAF_766	10940	81713	7.47	0	70
SCAF_766_region	10940	81713	7.47	0	70
SCAF_767	10913	49270	4.51	0	76
SCAF_767_region	10913	49270	4.51	0	76
SCAF_768	10886	261048	23.98	0	87
SCAF_768_region	10886	261048	23.98	0	87
SCAF_769	10867	37690	3.47	0	49
SCAF_769_region	10867	37690	3.47	0	49
SCAF_770	10816	18628	1.72	0	80
SCAF_770_region	10816	18628	1.72	0	80
SCAF_771	10810	7690	0.71	0	31
SCAF_771_region	10810	7690	0.71	0	31
SCAF_772	10709	46924	4.38	0	93
SCAF_772_region	10709	46924	4.38	0	93
SCAF_773	10688	693710	64.91	0	1097
SCAF_773_region	10688	693710	64.91	0	1097
SCAF_774	10648	322148	30.25	0	355
SCAF_774_region	10648	322148	30.25	0	355
SCAF_775	10642	2551	0.24	0	7
SCAF_775_region	10642	2551	0.24	0	7
SCAF_776	10612	28599	2.69	0	59
SCAF_776_region	10612	28599	2.69	0	59
SCAF_777	10608	413195	38.95	0	125
SCAF_777_region	10608	413195	38.95	0	125
SCAF_778	10604	50159	4.73	0	35
SCAF_778_region	10604	50159	4.73	0	35
SCAF_779	10578	31062	2.94	0	27
SCAF_779_region	10578	31062	2.94	0	27
SCAF_780	10571	3458	0.33	0	10
SCAF_780_region	10571	3458	0.33	0	10
SCAF_781	10511	10361	0.99	0	21
SCAF_781_region	10511	10361	0.99	0	21
SCAF_782	10492	2432	0.23	0	21
SCAF_782_region	10492	2432	0.23	0	21
SCAF_783	10421	95473	9.16	0	34
SCAF_783_region	10421	95473	9.16	0	34
SCAF_784	10379	367011	35.36	0	89
SCAF_784_region	10379	367011	35.36	0	89
SCAF_785	10337	64358	6.23	0	45
SCAF_785_region	10337	64358	6.23	0	45
SCAF_786	10326	147536	14.29	0	95
SCAF_786_region	10326	147536	14.29	0	95
SCAF_787	10326	25685	2.49	0	21
SCAF_787_region	10326	25685	2.49	0	21
SCAF_788	10316	21890	2.12	0	86
SCAF_788_region	10316	21890	2.12	0	86
SCAF_789	10256	1409	0.14	0	4
SCAF_789_region	10256	1409	0.14	0	4
SCAF_790	10228	52136	5.10	0	97
SCAF_790_region	10228	52136	5.10	0	97
SCAF_791	10185	105819	10.39	0	40
SCAF_791_region	10185	105819	10.39	0	40
SCAF_792	10184	169583	16.65	0	74
SCAF_792_region	10184	169583	16.65	0	74
SCAF_793	10160	97560	9.60	0	59
SCAF_793_region	10160	97560	9.60	0	59
SCAF_794	10147	4616	0.45	0	28
SCAF_794_region	10147	4616	0.45	0	28
SCAF_795	10110	30204	2.99	0	51
SCAF_795_region	10110	30204	2.99	0	51
SCAF_796	10045	1385	0.14	0	4
SCAF_796_region	10045	1385	0.14	0	4
SCAF_797	10015	3023	0.30	0	8
SCAF_797_region	10015	3023	0.30	0	8
SCAF_798	10012	170953	17.07	0	104
SCAF_798_region	10012	170953	17.07	0	104
SCAF_799	9978	110874	11.11	0	55
SCAF_799_region	9978	110874	11.11	0	55
SCAF_800	9947	15524	1.56	0	55
SCAF_800_region	9947	15524	1.56	0	55
SCAF_801	9941	59100	5.95	0	30
SCAF_801_region	9941	59100	5.95	0	30
SCAF_802	9910	1703	0.17	0	8
SCAF_802_region	9910	1703	0.17	0	8
SCAF_803	9879	70126	7.10	0	41
SCAF_803_region	9879	70126	7.10	0	41
SCAF_804	9861	208953	21.19	0	83
SCAF_804_region	9861	208953	21.19	0	83
SCAF_805	9859	3032	0.31	0	8
SCAF_805_region	9859	3032	0.31	0	8
SCAF_806	9855	85353	8.66	0	39
SCAF_806_region	9855	85353	8.66	0	39
SCAF_807	9792	43008	4.39	0	75
SCAF_807_region	9792	43008	4.39	0	75
SCAF_808	9784	85282	8.72	0	40
SCAF_808_region	9784	85282	8.72	0	40
SCAF_809	9773	58617	6.00	0	51
SCAF_809_region	9773	58617	6.00	0	51
SCAF_810	9756	8500	0.87	0	41
SCAF_810_region	9756	8500	0.87	0	41
SCAF_811	9753	52729	5.41	0	288
SCAF_811_region	9753	52729	5.41	0	288
SCAF_812	9719	21362	2.20	0	64
SCAF_812_region	9719	21362	2.20	0	64
SCAF_813	9715	26217	2.70	0	50
SCAF_813_region	9715	26217	2.70	0	50
SCAF_814	9708	82698	8.52	0	86
SCAF_814_region	9708	82698	8.52	0	86
SCAF_815	9700	35130	3.62	0	21
SCAF_815_region	9700	35130	3.62	0	21
SCAF_816	9673	33056	3.42	0	76
SCAF_816_region	9673	33056	3.42	0	76
SCAF_817	9638	76405	7.93	0	47
SCAF_817_region	9638	76405	7.93	0	47
SCAF_818	9601	107436	11.19	0	116
SCAF_818_region	9601	107436	11.19	0	116
SCAF_819	9601	46323	4.82	0	36
SCAF_819_region	9601	46323	4.82	0	36
SCAF_820	9550	38127	3.99	0	47
SCAF_820_region	9550	38127	3.99	0	47
SCAF_821	9533	25046	2.63	0	30
SCAF_821_region	9533	25046	2.63	0	30
SCAF_822	9498	25453	2.68	0	68
SCAF_822_region	9498	25453	2.68	0	68
SCAF_823	9466	509873	53.86	0	276
SCAF_823_region	9466	509873	53.86	0	276
SCAF_824	9457	12236	1.29	0	96
SCAF_824_region	9457	12236	1.29	0	96
SCAF_825	9446	146569	15.52	0	96
SCAF_825_region	9446	146569	15.52	0	96
SCAF_826	9385	267850	28.54	0	69
SCAF_826_region	9385	267850	28.54	0	69
SCAF_827	9376	190156	20.28	0	148
SCAF_827_region	9376	190156	20.28	0	148
SCAF_828	9365	4684	0.50	0	6
SCAF_828_region	9365	4684	0.50	0	6
SCAF_829	9320	69080	7.41	0	109
SCAF_829_region	9320	69080	7.41	0	109
SCAF_830	9303	34864	3.75	0	16
SCAF_830_region	9303	34864	3.75	0	16
SCAF_831	9295	38185	4.11	0	75
SCAF_831_region	9295	38185	4.11	0	75
SCAF_832	9282	50511	5.44	0	38
SCAF_832_region	9282	50511	5.44	0	38
SCAF_833	9263	4828	0.52	0	22
SCAF_833_region	9263	4828	0.52	0	22
SCAF_834	9159	69222	7.56	0	452
SCAF_834_region	9159	69222	7.56	0	452
SCAF_835	9159	176979	19.32	0	56
SCAF_835_region	9159	176979	19.32	0	56
SCAF_836	9157	61805	6.75	0	112
SCAF_836_region	9157	61805	6.75	0	112
SCAF_837	9095	1342	0.15	0	18
SCAF_837_region	9095	1342	0.15	0	18
SCAF_838	9078	120727	13.30	0	177
SCAF_838_region	9078	120727	13.30	0	177
SCAF_839	9057	140239	15.48	0	140
SCAF_839_region	9057	140239	15.48	0	140
SCAF_840	9014	17727	1.97	0	19
SCAF_840_region	9014	17727	1.97	0	19
SCAF_841	8986	126712	14.10	0	34
SCAF_841_region	8986	126712	14.10	0	34
SCAF_842	8986	9400	1.05	0	61
SCAF_842_region	8986	9400	1.05	0	61
SCAF_843	8952	10932	1.22	0	103
SCAF_843_region	8952	10932	1.22	0	103
SCAF_844	8935	140230	15.69	0	819
SCAF_844_region	8935	140230	15.69	0	819
SCAF_845	8927	652936	73.14	0	414
SCAF_845_region	8927	652936	73.14	0	414
SCAF_846	8908	372549	41.82	0	726
SCAF_846_region	8908	372549	41.82	0	726
SCAF_847	8868	38553	4.35	0	104
SCAF_847_region	8868	38553	4.35	0	104
SCAF_848	8867	9548	1.08	0	43
SCAF_848_region	8867	9548	1.08	0	43
SCAF_849	8825	65297	7.40	0	74
SCAF_849_region	8825	65297	7.40	0	74
SCAF_850	8771	12101	1.38	0	35
SCAF_850_region	8771	12101	1.38	0	35
SCAF_851	8703	109266	12.55	0	47
SCAF_851_region	8703	109266	12.55	0	47
SCAF_852	8695	6329	0.73	0	25
SCAF_852_region	8695	6329	0.73	0	25
SCAF_853	8662	814	0.09	0	3
SCAF_853_region	8662	814	0.09	0	3
SCAF_854	8634	3163	0.37	0	9
SCAF_854_region	8634	3163	0.37	0	9
SCAF_855	8630	2214	0.26	0	8
SCAF_855_region	8630	2214	0.26	0	8
SCAF_856	8617	708622	82.24	0	341
SCAF_856_region	8617	708622	82.24	0	341
SCAF_857	8469	115486	13.64	0	97
SCAF_857_region	8469	115486	13.64	0	97
SCAF_858	8431	10136	1.20	0	26
SCAF_858_region	8431	10136	1.20	0	26
SCAF_859	8397	7022	0.84	0	30
SCAF_859_region	8397	7022	0.84	0	30
SCAF_860	8390	20711	2.47	0	46
SCAF_860_region	8390	20711	2.47	0	46
SCAF_861	8357	5594	0.67	0	28
SCAF_861_region	8357	5594	0.67	0	28
SCAF_862	8342	15721949	1884.67	0	9254
SCAF_862_region	8342	15721949	1884.67	0	9254
SCAF_863	8337	2806	0.34	0	9
SCAF_863_region	8337	2806	0.34	0	9
SCAF_864	8258	48896	5.92	0	52
SCAF_864_region	8258	48896	5.92	0	52
SCAF_865	8103	29615	3.65	0	20
SCAF_865_region	8103	29615	3.65	0	20
SCAF_866	8034	8129	1.01	0	23
SCAF_866_region	8034	8129	1.01	0	23
SCAF_867	8027	95829	11.94	0	102
SCAF_867_region	8027	95829	11.94	0	102
SCAF_868	8017	82832	10.33	0	82
SCAF_868_region	8017	82832	10.33	0	82
SCAF_869	8015	36803	4.59	0	78
SCAF_869_region	8015	36803	4.59	0	78
SCAF_870	8015	48723	6.08	0	31
SCAF_870_region	8015	48723	6.08	0	31
SCAF_871	8000	4474	0.56	0	10
SCAF_871_region	8000	4474	0.56	0	10
SCAF_872	7790	35789	4.59	0	37
SCAF_872_region	7790	35789	4.59	0	37
SCAF_873	7773	2232	0.29	0	11
SCAF_873_region	7773	2232	0.29	0	11
SCAF_874	7763	330431	42.56	0	326
SCAF_874_region	7763	330431	42.56	0	326
SCAF_875	7721	9383	1.22	0	8
SCAF_875_region	7721	9383	1.22	0	8
SCAF_876	7701	220006	28.57	0	73
SCAF_876_region	7701	220006	28.57	0	73
SCAF_877	7680	2718	0.35	0	16
SCAF_877_region	7680	2718	0.35	0	16
SCAF_878	7622	34403	4.51	0	31
SCAF_878_region	7622	34403	4.51	0	31
SCAF_879	7582	10024	1.32	0	17
SCAF_879_region	7582	10024	1.32	0	17
SCAF_880	7559	325136	43.01	0	428
SCAF_880_region	7559	325136	43.01	0	428
SCAF_881	7416	511629	68.99	0	1180
SCAF_881_region	7416	511629	68.99	0	1180
SCAF_882	7394	209348	28.31	0	108
SCAF_882_region	7394	209348	28.31	0	108
SCAF_883	7363	9635	1.31	0	16
SCAF_883_region	7363	9635	1.31	0	16
SCAF_884	7338	95086	12.96	0	65
SCAF_884_region	7338	95086	12.96	0	65
SCAF_885	7324	3649	0.50	0	7
SCAF_885_region	7324	3649	0.50	0	7
SCAF_886	7276	90487	12.44	0	253
SCAF_886_region	7276	90487	12.44	0	253
SCAF_887	7242	38264	5.28	0	28
SCAF_887_region	7242	38264	5.28	0	28
SCAF_888	7231	10713	1.48	0	20
SCAF_888_region	7231	10713	1.48	0	20
SCAF_889	7198	2035	0.28	0	7
SCAF_889_region	7198	2035	0.28	0	7
SCAF_890	7142	16415	2.30	0	11
SCAF_890_region	7142	16415	2.30	0	11
SCAF_891	7028	81316	11.57	0	146
SCAF_891_region	7028	81316	11.57	0	146
SCAF_892	7025	43884	6.25	0	45
SCAF_892_region	7025	43884	6.25	0	45
SCAF_893	7015	42843	6.11	0	54
SCAF_893_region	7015	42843	6.11	0	54
SCAF_894	6958	107751	15.49	0	50
SCAF_894_region	6958	107751	15.49	0	50
SCAF_895	6948	59333	8.54	0	60
SCAF_895_region	6948	59333	8.54	0	60
SCAF_896	6829	350042	51.26	0	165
SCAF_896_region	6829	350042	51.26	0	165
SCAF_897	6804	21631	3.18	0	17
SCAF_897_region	6804	21631	3.18	0	17
SCAF_898	6754	260558	38.58	0	520
SCAF_898_region	6754	260558	38.58	0	520
SCAF_899	6732	83063	12.34	0	41
SCAF_899_region	6732	83063	12.34	0	41
SCAF_900	6698	113520	16.95	0	186
SCAF_900_region	6698	113520	16.95	0	186
SCAF_901	6642	31012	4.67	0	33
SCAF_901_region	6642	31012	4.67	0	33
SCAF_902	6588	148345	22.52	0	63
SCAF_902_region	6588	148345	22.52	0	63
SCAF_903	6549	310096	47.35	0	96
SCAF_903_region	6549	310096	47.35	0	96
SCAF_904	6496	54982	8.46	0	72
SCAF_904_region	6496	54982	8.46	0	72
SCAF_905	6483	1193	0.18	0	5
SCAF_905_region	6483	1193	0.18	0	5
SCAF_906	6367	2269	0.36	0	15
SCAF_906_region	6367	2269	0.36	0	15
SCAF_907	6367	143452	22.53	0	187
SCAF_907_region	6367	143452	22.53	0	187
SCAF_908	6228	43108	6.92	0	62
SCAF_908_region	6228	43108	6.92	0	62
SCAF_909	6173	174199	28.22	0	304
SCAF_909_region	6173	174199	28.22	0	304
SCAF_910	6170	4558	0.74	0	40
SCAF_910_region	6170	4558	0.74	0	40
SCAF_911	6077	25328	4.17	0	20
SCAF_911_region	6077	25328	4.17	0	20
SCAF_912	6073	149730	24.66	0	72
SCAF_912_region	6073	149730	24.66	0	72
SCAF_913	6059	119175	19.67	0	233
SCAF_913_region	6059	119175	19.67	0	233
SCAF_914	6001	60575	10.09	0	41
SCAF_914_region	6001	60575	10.09	0	41
SCAF_915	5869	1118201	190.53	0	2610
SCAF_915_region	5869	1118201	190.53	0	2610
SCAF_916	5803	48470	8.35	0	64
SCAF_916_region	5803	48470	8.35	0	64
SCAF_917	5661	60244	10.64	0	39
SCAF_917_region	5661	60244	10.64	0	39
SCAF_918	5277	78567	14.89	0	97
SCAF_918_region	5277	78567	14.89	0	97
total	51514314	1646551691	31.96	0	214906
total_region	51514314	1646551691	31.96	0	214906
