chrom	length	bases	mean	min	max
SCAF_1	5574741	673229101	120.76	0	5154
SCAF_1_region	5574741	673229101	120.76	0	5154
SCAF_2	4079479	527717699	129.36	0	6324
SCAF_2_region	4079479	527717699	129.36	0	6324
SCAF_3	3666439	468395401	127.75	0	10664
SCAF_3_region	3666439	468395401	127.75	0	10664
SCAF_4	2601389	395579807	152.06	0	7633
SCAF_4_region	2601389	395579807	152.06	0	7633
SCAF_5	2032088	256047468	126.00	0	6444
SCAF_5_region	2032088	256047468	126.00	0	6444
SCAF_6	1976889	281983521	142.64	0	5920
SCAF_6_region	1976889	281983521	142.64	0	5920
SCAF_7	1932263	249200941	128.97	0	3273
SCAF_7_region	1932263	249200941	128.97	0	3273
SCAF_8	1669080	196007880	117.43	0	3179
SCAF_8_region	1669080	196007880	117.43	0	3179
SCAF_9	1646134	211735288	128.63	0	3283
SCAF_9_region	1646134	211735288	128.63	0	3283
SCAF_10	1570817	204339754	130.09	0	2967
SCAF_10_region	1570817	204339754	130.09	0	2967
SCAF_11	1437752	197852334	137.61	0	1131
SCAF_11_region	1437752	197852334	137.61	0	1131
SCAF_12	978195	151655782	155.04	0	433398
SCAF_12_region	978195	151655782	155.04	0	433398
SCAF_13	598471	32586398	54.45	0	4683
SCAF_13_region	598471	32586398	54.45	0	4683
SCAF_14	247525	145563669	588.08	0	8517
SCAF_14_region	247525	145563669	588.08	0	8517
SCAF_15	224905	1012477	4.50	0	39
SCAF_15_region	224905	1012477	4.50	0	39
SCAF_16	181804	4918028	27.05	0	6516
SCAF_16_region	181804	4918028	27.05	0	6516
SCAF_17	176395	938625	5.32	0	32
SCAF_17_region	176395	938625	5.32	0	32
SCAF_18	160122	193623	1.21	0	55
SCAF_18_region	160122	193623	1.21	0	55
SCAF_19	139354	246415	1.77	0	45
SCAF_19_region	139354	246415	1.77	0	45
SCAF_20	131876	935477	7.09	0	64
SCAF_20_region	131876	935477	7.09	0	64
SCAF_21	130124	764515	5.88	0	165
SCAF_21_region	130124	764515	5.88	0	165
SCAF_22	121580	739471	6.08	0	38
SCAF_22_region	121580	739471	6.08	0	38
SCAF_23	117381	564378	4.81	0	38
SCAF_23_region	117381	564378	4.81	0	38
SCAF_24	115879	547744	4.73	0	37
SCAF_24_region	115879	547744	4.73	0	37
SCAF_25	115495	514658	4.46	0	36
SCAF_25_region	115495	514658	4.46	0	36
SCAF_26	113072	607321	5.37	0	50
SCAF_26_region	113072	607321	5.37	0	50
SCAF_27	110609	6000511	54.25	0	4457
SCAF_27_region	110609	6000511	54.25	0	4457
SCAF_28	109542	158504	1.45	0	35
SCAF_28_region	109542	158504	1.45	0	35
SCAF_29	108319	10663415	98.44	0	2705
SCAF_29_region	108319	10663415	98.44	0	2705
SCAF_30	107902	1242258	11.51	0	1111
SCAF_30_region	107902	1242258	11.51	0	1111
SCAF_31	106626	437892	4.11	0	611
SCAF_31_region	106626	437892	4.11	0	611
SCAF_32	102192	694642	6.80	0	1107
SCAF_32_region	102192	694642	6.80	0	1107
SCAF_33	98221	630934	6.42	0	38
SCAF_33_region	98221	630934	6.42	0	38
SCAF_34	97882	712155	7.28	0	28
SCAF_34_region	97882	712155	7.28	0	28
SCAF_35	95705	115668	1.21	0	339
SCAF_35_region	95705	115668	1.21	0	339
SCAF_36	94431	395870	4.19	0	37
SCAF_36_region	94431	395870	4.19	0	37
SCAF_37	92851	163163	1.76	0	28
SCAF_37_region	92851	163163	1.76	0	28
SCAF_38	89142	604926	6.79	0	156
SCAF_38_region	89142	604926	6.79	0	156
SCAF_39	88257	411222	4.66	0	24
SCAF_39_region	88257	411222	4.66	0	24
SCAF_40	85354	599042	7.02	0	127
SCAF_40_region	85354	599042	7.02	0	127
SCAF_41	82239	470251	5.72	0	35
SCAF_41_region	82239	470251	5.72	0	35
SCAF_42	77162	447496	5.80	0	105
SCAF_42_region	77162	447496	5.80	0	105
SCAF_43	76714	470714	6.14	0	28
SCAF_43_region	76714	470714	6.14	0	28
SCAF_44	76272	196344	2.57	0	464
SCAF_44_region	76272	196344	2.57	0	464
SCAF_45	73110	28950	0.40	0	19
SCAF_45_region	73110	28950	0.40	0	19
SCAF_46	72118	571482	7.92	0	25
SCAF_46_region	72118	571482	7.92	0	25
SCAF_47	70166	372003	5.30	0	29
SCAF_47_region	70166	372003	5.30	0	29
SCAF_48	69627	519111	7.46	0	26
SCAF_48_region	69627	519111	7.46	0	26
SCAF_49	69624	377587	5.42	0	232
SCAF_49_region	69624	377587	5.42	0	232
SCAF_50	68258	448731	6.57	0	48
SCAF_50_region	68258	448731	6.57	0	48
SCAF_51	66966	207762	3.10	0	70
SCAF_51_region	66966	207762	3.10	0	70
SCAF_52	66855	164007	2.45	0	32
SCAF_52_region	66855	164007	2.45	0	32
SCAF_53	65552	118625	1.81	0	25
SCAF_53_region	65552	118625	1.81	0	25
SCAF_54	65267	91455	1.40	0	24
SCAF_54_region	65267	91455	1.40	0	24
SCAF_55	65114	242956	3.73	0	28
SCAF_55_region	65114	242956	3.73	0	28
SCAF_56	62812	102170	1.63	0	22
SCAF_56_region	62812	102170	1.63	0	22
SCAF_57	62187	39855	0.64	0	17
SCAF_57_region	62187	39855	0.64	0	17
SCAF_58	61544	97977	1.59	0	143
SCAF_58_region	61544	97977	1.59	0	143
SCAF_59	61533	108388	1.76	0	41
SCAF_59_region	61533	108388	1.76	0	41
SCAF_60	61411	2564427	41.76	0	3746
SCAF_60_region	61411	2564427	41.76	0	3746
SCAF_61	61115	513276	8.40	0	37
SCAF_61_region	61115	513276	8.40	0	37
SCAF_62	59972	18894	0.32	0	132
SCAF_62_region	59972	18894	0.32	0	132
SCAF_63	59743	132516	2.22	0	159
SCAF_63_region	59743	132516	2.22	0	159
SCAF_64	58841	208247	3.54	0	460
SCAF_64_region	58841	208247	3.54	0	460
SCAF_65	58838	107152	1.82	0	72
SCAF_65_region	58838	107152	1.82	0	72
SCAF_66	58483	75355	1.29	0	146
SCAF_66_region	58483	75355	1.29	0	146
SCAF_67	57162	150389	2.63	0	59
SCAF_67_region	57162	150389	2.63	0	59
SCAF_68	56404	672887	11.93	0	354
SCAF_68_region	56404	672887	11.93	0	354
SCAF_69	55942	18287	0.33	0	17
SCAF_69_region	55942	18287	0.33	0	17
SCAF_70	55722	415875	7.46	0	34
SCAF_70_region	55722	415875	7.46	0	34
SCAF_71	55604	354844	6.38	0	25
SCAF_71_region	55604	354844	6.38	0	25
SCAF_72	54709	9908	0.18	0	10
SCAF_72_region	54709	9908	0.18	0	10
SCAF_73	52157	5557	0.11	0	20
SCAF_73_region	52157	5557	0.11	0	20
SCAF_74	52077	318099	6.11	0	24
SCAF_74_region	52077	318099	6.11	0	24
SCAF_75	51185	109945	2.15	0	34
SCAF_75_region	51185	109945	2.15	0	34
SCAF_76	50428	5787924	114.78	0	1961
SCAF_76_region	50428	5787924	114.78	0	1961
SCAF_77	50384	26695	0.53	0	17
SCAF_77_region	50384	26695	0.53	0	17
SCAF_78	49366	379930	7.70	0	33
SCAF_78_region	49366	379930	7.70	0	33
SCAF_79	49160	35748	0.73	0	19
SCAF_79_region	49160	35748	0.73	0	19
SCAF_80	48966	259961	5.31	0	25
SCAF_80_region	48966	259961	5.31	0	25
SCAF_81	48848	15801	0.32	0	19
SCAF_81_region	48848	15801	0.32	0	19
SCAF_82	48542	206198	4.25	0	122
SCAF_82_region	48542	206198	4.25	0	122
SCAF_83	48542	10246	0.21	0	24
SCAF_83_region	48542	10246	0.21	0	24
SCAF_84	47775	83846	1.76	0	16
SCAF_84_region	47775	83846	1.76	0	16
SCAF_85	47318	380119	8.03	0	31
SCAF_85_region	47318	380119	8.03	0	31
SCAF_86	46994	294065	6.26	0	36
SCAF_86_region	46994	294065	6.26	0	36
SCAF_87	46805	295463	6.31	0	27
SCAF_87_region	46805	295463	6.31	0	27
SCAF_88	46738	27154	0.58	0	22
SCAF_88_region	46738	27154	0.58	0	22
SCAF_89	46547	220431	4.74	0	25
SCAF_89_region	46547	220431	4.74	0	25
SCAF_90	46221	54288	1.17	0	24
SCAF_90_region	46221	54288	1.17	0	24
SCAF_91	44916	353482	7.87	0	40
SCAF_91_region	44916	353482	7.87	0	40
SCAF_92	44616	13669911	306.39	0	5792
SCAF_92_region	44616	13669911	306.39	0	5792
SCAF_93	44136	43604	0.99	0	17
SCAF_93_region	44136	43604	0.99	0	17
SCAF_94	43913	48381	1.10	0	20
SCAF_94_region	43913	48381	1.10	0	20
SCAF_95	43808	21543	0.49	0	27
SCAF_95_region	43808	21543	0.49	0	27
SCAF_96	43342	75136	1.73	0	22
SCAF_96_region	43342	75136	1.73	0	22
SCAF_97	43038	10665699	247.82	0	8474
SCAF_97_region	43038	10665699	247.82	0	8474
SCAF_98	42896	41437	0.97	0	20
SCAF_98_region	42896	41437	0.97	0	20
SCAF_99	42178	145169	3.44	0	31
SCAF_99_region	42178	145169	3.44	0	31
SCAF_100	41993	43320	1.03	0	25
SCAF_100_region	41993	43320	1.03	0	25
SCAF_101	41585	242153	5.82	0	21
SCAF_101_region	41585	242153	5.82	0	21
SCAF_102	41267	10553577	255.74	0	630
SCAF_102_region	41267	10553577	255.74	0	630
SCAF_103	41164	7110	0.17	0	22
SCAF_103_region	41164	7110	0.17	0	22
SCAF_104	40984	8607	0.21	0	23
SCAF_104_region	40984	8607	0.21	0	23
SCAF_105	40971	136326	3.33	0	71
SCAF_105_region	40971	136326	3.33	0	71
SCAF_106	40689	249989	6.14	0	29
SCAF_106_region	40689	249989	6.14	0	29
SCAF_107	40038	67956	1.70	0	30
SCAF_107_region	40038	67956	1.70	0	30
SCAF_108	39998	49367	1.23	0	37
SCAF_108_region	39998	49367	1.23	0	37
SCAF_109	39904	46235	1.16	0	16
SCAF_109_region	39904	46235	1.16	0	16
SCAF_110	39605	90886	2.29	0	22
SCAF_110_region	39605	90886	2.29	0	22
SCAF_111	39279	21948	0.56	0	51
SCAF_111_region	39279	21948	0.56	0	51
SCAF_112	39164	10619688	271.16	0	735
SCAF_112_region	39164	10619688	271.16	0	735
SCAF_113	39049	22895	0.59	0	12
SCAF_113_region	39049	22895	0.59	0	12
SCAF_114	38983	67342	1.73	0	27
SCAF_114_region	38983	67342	1.73	0	27
SCAF_115	38824	1256614	32.37	0	1600
SCAF_115_region	38824	1256614	32.37	0	1600
SCAF_116	37823	68363	1.81	0	27
SCAF_116_region	37823	68363	1.81	0	27
SCAF_117	37728	10479526	277.77	0	3917
SCAF_117_region	37728	10479526	277.77	0	3917
SCAF_118	37705	232575	6.17	0	26
SCAF_118_region	37705	232575	6.17	0	26
SCAF_119	37514	223244	5.95	0	103
SCAF_119_region	37514	223244	5.95	0	103
SCAF_120	37456	5823483	155.48	0	1069
SCAF_120_region	37456	5823483	155.48	0	1069
SCAF_121	37441	5675998	151.60	0	2553
SCAF_121_region	37441	5675998	151.60	0	2553
SCAF_122	37347	282631	7.57	0	782
SCAF_122_region	37347	282631	7.57	0	782
SCAF_123	37222	6985	0.19	0	16
SCAF_123_region	37222	6985	0.19	0	16
SCAF_124	36961	140450	3.80	0	459
SCAF_124_region	36961	140450	3.80	0	459
SCAF_125	36710	8824	0.24	0	19
SCAF_125_region	36710	8824	0.24	0	19
SCAF_126	36614	45003	1.23	0	14
SCAF_126_region	36614	45003	1.23	0	14
SCAF_127	36584	211356	5.78	0	22
SCAF_127_region	36584	211356	5.78	0	22
SCAF_128	36068	302860	8.40	0	32
SCAF_128_region	36068	302860	8.40	0	32
SCAF_129	35972	222315	6.18	0	34
SCAF_129_region	35972	222315	6.18	0	34
SCAF_130	35925	229992	6.40	0	31
SCAF_130_region	35925	229992	6.40	0	31
SCAF_131	35704	806	0.02	0	4
SCAF_131_region	35704	806	0.02	0	4
SCAF_132	35264	179229	5.08	0	19
SCAF_132_region	35264	179229	5.08	0	19
SCAF_133	35121	8733119	248.66	0	4543
SCAF_133_region	35121	8733119	248.66	0	4543
SCAF_134	35117	68934	1.96	0	45
SCAF_134_region	35117	68934	1.96	0	45
SCAF_135	34903	4918	0.14	0	25
SCAF_135_region	34903	4918	0.14	0	25
SCAF_136	34900	7028408	201.39	0	981
SCAF_136_region	34900	7028408	201.39	0	981
SCAF_137	34765	4550	0.13	0	31
SCAF_137_region	34765	4550	0.13	0	31
SCAF_138	34687	92058	2.65	0	116
SCAF_138_region	34687	92058	2.65	0	116
SCAF_139	34615	162602	4.70	0	25
SCAF_139_region	34615	162602	4.70	0	25
SCAF_140	34599	7398158	213.83	0	2195
SCAF_140_region	34599	7398158	213.83	0	2195
SCAF_141	34497	6068047	175.90	0	7714
SCAF_141_region	34497	6068047	175.90	0	7714
SCAF_142	34440	6955036	201.95	0	943
SCAF_142_region	34440	6955036	201.95	0	943
SCAF_143	34384	12823	0.37	0	11
SCAF_143_region	34384	12823	0.37	0	11
SCAF_144	34330	14430	0.42	0	12
SCAF_144_region	34330	14430	0.42	0	12
SCAF_145	34087	89714	2.63	0	18
SCAF_145_region	34087	89714	2.63	0	18
SCAF_146	33692	238961	7.09	0	26
SCAF_146_region	33692	238961	7.09	0	26
SCAF_147	33483	6664157	199.03	0	1596
SCAF_147_region	33483	6664157	199.03	0	1596
SCAF_148	33469	57671	1.72	0	24
SCAF_148_region	33469	57671	1.72	0	24
SCAF_149	33420	4000300	119.70	0	876
SCAF_149_region	33420	4000300	119.70	0	876
SCAF_150	33347	24514	0.74	0	17
SCAF_150_region	33347	24514	0.74	0	17
SCAF_151	33283	43674	1.31	0	50
SCAF_151_region	33283	43674	1.31	0	50
SCAF_152	33266	8516	0.26	0	21
SCAF_152_region	33266	8516	0.26	0	21
SCAF_153	33237	15818	0.48	0	11
SCAF_153_region	33237	15818	0.48	0	11
SCAF_154	33139	32730	0.99	0	16
SCAF_154_region	33139	32730	0.99	0	16
SCAF_155	33127	10277212	310.24	0	2014
SCAF_155_region	33127	10277212	310.24	0	2014
SCAF_156	32748	166195	5.07	0	305
SCAF_156_region	32748	166195	5.07	0	305
SCAF_157	32666	702456	21.50	0	312
SCAF_157_region	32666	702456	21.50	0	312
SCAF_158	32618	4064	0.12	0	14
SCAF_158_region	32618	4064	0.12	0	14
SCAF_159	32358	882	0.03	0	4
SCAF_159_region	32358	882	0.03	0	4
SCAF_160	32136	9980	0.31	0	7
SCAF_160_region	32136	9980	0.31	0	7
SCAF_161	32035	11558	0.36	0	20
SCAF_161_region	32035	11558	0.36	0	20
SCAF_162	31954	72900	2.28	0	25
SCAF_162_region	31954	72900	2.28	0	25
SCAF_163	31782	14177	0.45	0	12
SCAF_163_region	31782	14177	0.45	0	12
SCAF_164	31669	6204	0.20	0	23
SCAF_164_region	31669	6204	0.20	0	23
SCAF_165	31629	263735	8.34	0	23
SCAF_165_region	31629	263735	8.34	0	23
SCAF_166	31581	1729	0.05	0	27
SCAF_166_region	31581	1729	0.05	0	27
SCAF_167	31556	56647	1.80	0	20
SCAF_167_region	31556	56647	1.80	0	20
SCAF_168	31421	12698	0.40	0	19
SCAF_168_region	31421	12698	0.40	0	19
SCAF_169	31314	10624	0.34	0	22
SCAF_169_region	31314	10624	0.34	0	22
SCAF_170	31127	1086	0.03	0	2
SCAF_170_region	31127	1086	0.03	0	2
SCAF_171	31061	6326605	203.68	0	1239
SCAF_171_region	31061	6326605	203.68	0	1239
SCAF_172	31059	772	0.02	0	27
SCAF_172_region	31059	772	0.02	0	27
SCAF_173	30866	41248	1.34	0	19
SCAF_173_region	30866	41248	1.34	0	19
SCAF_174	30739	8275797	269.23	0	4540
SCAF_174_region	30739	8275797	269.23	0	4540
SCAF_175	30330	34194	1.13	0	22
SCAF_175_region	30330	34194	1.13	0	22
SCAF_176	30301	618697	20.42	0	2092
SCAF_176_region	30301	618697	20.42	0	2092
SCAF_177	30226	75749	2.51	0	52
SCAF_177_region	30226	75749	2.51	0	52
SCAF_178	30187	29684	0.98	0	23
SCAF_178_region	30187	29684	0.98	0	23
SCAF_179	30183	8396	0.28	0	15
SCAF_179_region	30183	8396	0.28	0	15
SCAF_180	30131	87658	2.91	0	40
SCAF_180_region	30131	87658	2.91	0	40
SCAF_181	30071	30884	1.03	0	22
SCAF_181_region	30071	30884	1.03	0	22
SCAF_182	30032	113231	3.77	0	24
SCAF_182_region	30032	113231	3.77	0	24
SCAF_183	30005	11543	0.38	0	12
SCAF_183_region	30005	11543	0.38	0	12
SCAF_184	29541	77690	2.63	0	490
SCAF_184_region	29541	77690	2.63	0	490
SCAF_185	29415	30825	1.05	0	22
SCAF_185_region	29415	30825	1.05	0	22
SCAF_186	29375	4605	0.16	0	6
SCAF_186_region	29375	4605	0.16	0	6
SCAF_187	29360	29339	1.00	0	16
SCAF_187_region	29360	29339	1.00	0	16
SCAF_188	29327	200498	6.84	0	27
SCAF_188_region	29327	200498	6.84	0	27
SCAF_189	29236	34164	1.17	0	24
SCAF_189_region	29236	34164	1.17	0	24
SCAF_190	29216	126567	4.33	0	126
SCAF_190_region	29216	126567	4.33	0	126
SCAF_191	29200	5517	0.19	0	4
SCAF_191_region	29200	5517	0.19	0	4
SCAF_192	29083	6613878	227.41	0	651
SCAF_192_region	29083	6613878	227.41	0	651
SCAF_193	29081	30415	1.05	0	22
SCAF_193_region	29081	30415	1.05	0	22
SCAF_194	28863	3913651	135.59	0	944
SCAF_194_region	28863	3913651	135.59	0	944
SCAF_195	28688	10301	0.36	0	16
SCAF_195_region	28688	10301	0.36	0	16
SCAF_196	28688	72486	2.53	0	151
SCAF_196_region	28688	72486	2.53	0	151
SCAF_197	28670	46724	1.63	0	16
SCAF_197_region	28670	46724	1.63	0	16
SCAF_198	28585	124911	4.37	0	21
SCAF_198_region	28585	124911	4.37	0	21
SCAF_199	28585	73042	2.56	0	187
SCAF_199_region	28585	73042	2.56	0	187
SCAF_200	28563	13695	0.48	0	20
SCAF_200_region	28563	13695	0.48	0	20
SCAF_201	28551	23457	0.82	0	6
SCAF_201_region	28551	23457	0.82	0	6
SCAF_202	28219	9459	0.34	0	8
SCAF_202_region	28219	9459	0.34	0	8
SCAF_203	28217	34062	1.21	0	24
SCAF_203_region	28217	34062	1.21	0	24
SCAF_204	28187	72882	2.59	0	400
SCAF_204_region	28187	72882	2.59	0	400
SCAF_205	28138	8333	0.30	0	20
SCAF_205_region	28138	8333	0.30	0	20
SCAF_206	28111	4745	0.17	0	6
SCAF_206_region	28111	4745	0.17	0	6
SCAF_207	27959	172815	6.18	0	18
SCAF_207_region	27959	172815	6.18	0	18
SCAF_208	27935	6151134	220.19	0	5921
SCAF_208_region	27935	6151134	220.19	0	5921
SCAF_209	27830	7231	0.26	0	3
SCAF_209_region	27830	7231	0.26	0	3
SCAF_210	27781	7964	0.29	0	11
SCAF_210_region	27781	7964	0.29	0	11
SCAF_211	27774	214018	7.71	0	23
SCAF_211_region	27774	214018	7.71	0	23
SCAF_212	27772	54598	1.97	0	19
SCAF_212_region	27772	54598	1.97	0	19
SCAF_213	27728	49412	1.78	0	28
SCAF_213_region	27728	49412	1.78	0	28
SCAF_214	27690	11011	0.40	0	21
SCAF_214_region	27690	11011	0.40	0	21
SCAF_215	27659	6541971	236.52	0	1103
SCAF_215_region	27659	6541971	236.52	0	1103
SCAF_216	27637	61081	2.21	0	35
SCAF_216_region	27637	61081	2.21	0	35
SCAF_217	27634	4677	0.17	0	20
SCAF_217_region	27634	4677	0.17	0	20
SCAF_218	27594	189860	6.88	0	62
SCAF_218_region	27594	189860	6.88	0	62
SCAF_219	27563	1116	0.04	0	22
SCAF_219_region	27563	1116	0.04	0	22
SCAF_220	27545	192128	6.98	0	24
SCAF_220_region	27545	192128	6.98	0	24
SCAF_221	27530	7132	0.26	0	14
SCAF_221_region	27530	7132	0.26	0	14
SCAF_222	27515	2978	0.11	0	3
SCAF_222_region	27515	2978	0.11	0	3
SCAF_223	27476	11288	0.41	0	7
SCAF_223_region	27476	11288	0.41	0	7
SCAF_224	27450	3018	0.11	0	14
SCAF_224_region	27450	3018	0.11	0	14
SCAF_225	27344	24124	0.88	0	12
SCAF_225_region	27344	24124	0.88	0	12
SCAF_226	27270	350267	12.84	0	412
SCAF_226_region	27270	350267	12.84	0	412
SCAF_227	27232	39348	1.44	0	20
SCAF_227_region	27232	39348	1.44	0	20
SCAF_228	27189	181722	6.68	0	104
SCAF_228_region	27189	181722	6.68	0	104
SCAF_229	27037	14754	0.55	0	10
SCAF_229_region	27037	14754	0.55	0	10
SCAF_230	26948	56254	2.09	0	15
SCAF_230_region	26948	56254	2.09	0	15
SCAF_231	26899	6939	0.26	0	18
SCAF_231_region	26899	6939	0.26	0	18
SCAF_232	26856	7415	0.28	0	15
SCAF_232_region	26856	7415	0.28	0	15
SCAF_233	26767	43526	1.63	0	37
SCAF_233_region	26767	43526	1.63	0	37
SCAF_234	26700	4956890	185.65	0	864
SCAF_234_region	26700	4956890	185.65	0	864
SCAF_235	26660	9827561	368.63	0	2905
SCAF_235_region	26660	9827561	368.63	0	2905
SCAF_236	26499	13976	0.53	0	14
SCAF_236_region	26499	13976	0.53	0	14
SCAF_237	26482	61259	2.31	0	12
SCAF_237_region	26482	61259	2.31	0	12
SCAF_238	26369	10702	0.41	0	18
SCAF_238_region	26369	10702	0.41	0	18
SCAF_239	26171	9881	0.38	0	23
SCAF_239_region	26171	9881	0.38	0	23
SCAF_240	26148	31663	1.21	0	20
SCAF_240_region	26148	31663	1.21	0	20
SCAF_241	26131	121441	4.65	0	32
SCAF_241_region	26131	121441	4.65	0	32
SCAF_242	26114	4050	0.16	0	5
SCAF_242_region	26114	4050	0.16	0	5
SCAF_243	26085	5325	0.20	0	21
SCAF_243_region	26085	5325	0.20	0	21
SCAF_244	26060	1387	0.05	0	15
SCAF_244_region	26060	1387	0.05	0	15
SCAF_245	25968	3849	0.15	0	27
SCAF_245_region	25968	3849	0.15	0	27
SCAF_246	25946	6165144	237.61	0	5409
SCAF_246_region	25946	6165144	237.61	0	5409
SCAF_247	25940	200959	7.75	0	32
SCAF_247_region	25940	200959	7.75	0	32
SCAF_248	25895	19684	0.76	0	15
SCAF_248_region	25895	19684	0.76	0	15
SCAF_249	25885	11897	0.46	0	11
SCAF_249_region	25885	11897	0.46	0	11
SCAF_250	25884	133113	5.14	0	21
SCAF_250_region	25884	133113	5.14	0	21
SCAF_251	25874	14300	0.55	0	19
SCAF_251_region	25874	14300	0.55	0	19
SCAF_252	25864	270	0.01	0	1
SCAF_252_region	25864	270	0.01	0	1
SCAF_253	25825	3310	0.13	0	5
SCAF_253_region	25825	3310	0.13	0	5
SCAF_254	25798	98183	3.81	0	162
SCAF_254_region	25798	98183	3.81	0	162
SCAF_255	25728	28022	1.09	0	8
SCAF_255_region	25728	28022	1.09	0	8
SCAF_256	25725	4348	0.17	0	20
SCAF_256_region	25725	4348	0.17	0	20
SCAF_257	25720	87556	3.40	0	19
SCAF_257_region	25720	87556	3.40	0	19
SCAF_258	25700	94486	3.68	0	231
SCAF_258_region	25700	94486	3.68	0	231
SCAF_259	25645	44714	1.74	0	29
SCAF_259_region	25645	44714	1.74	0	29
SCAF_260	25595	117476	4.59	0	28
SCAF_260_region	25595	117476	4.59	0	28
SCAF_261	25593	6879	0.27	0	19
SCAF_261_region	25593	6879	0.27	0	19
SCAF_262	25592	7663	0.30	0	19
SCAF_262_region	25592	7663	0.30	0	19
SCAF_263	25481	25119	0.99	0	29
SCAF_263_region	25481	25119	0.99	0	29
SCAF_264	25444	201119	7.90	0	27
SCAF_264_region	25444	201119	7.90	0	27
SCAF_265	25436	3386	0.13	0	14
SCAF_265_region	25436	3386	0.13	0	14
SCAF_266	25377	42565	1.68	0	19
SCAF_266_region	25377	42565	1.68	0	19
SCAF_267	25340	185114	7.31	0	37
SCAF_267_region	25340	185114	7.31	0	37
SCAF_268	25329	24563	0.97	0	20
SCAF_268_region	25329	24563	0.97	0	20
SCAF_269	25264	6001	0.24	0	6
SCAF_269_region	25264	6001	0.24	0	6
SCAF_270	25225	3800	0.15	0	20
SCAF_270_region	25225	3800	0.15	0	20
SCAF_271	25206	29329	1.16	0	31
SCAF_271_region	25206	29329	1.16	0	31
SCAF_272	25161	15915	0.63	0	17
SCAF_272_region	25161	15915	0.63	0	17
SCAF_273	25090	6237	0.25	0	14
SCAF_273_region	25090	6237	0.25	0	14
SCAF_274	24834	2083	0.08	0	34
SCAF_274_region	24834	2083	0.08	0	34
SCAF_275	24832	3519773	141.74	0	1576
SCAF_275_region	24832	3519773	141.74	0	1576
SCAF_276	24811	49845	2.01	0	51
SCAF_276_region	24811	49845	2.01	0	51
SCAF_277	24713	163688	6.62	0	117
SCAF_277_region	24713	163688	6.62	0	117
SCAF_278	24673	4430	0.18	0	17
SCAF_278_region	24673	4430	0.18	0	17
SCAF_279	24542	3967	0.16	0	16
SCAF_279_region	24542	3967	0.16	0	16
SCAF_280	24528	13803	0.56	0	13
SCAF_280_region	24528	13803	0.56	0	13
SCAF_281	24435	1334	0.05	0	28
SCAF_281_region	24435	1334	0.05	0	28
SCAF_282	24359	2425	0.10	0	15
SCAF_282_region	24359	2425	0.10	0	15
SCAF_283	24173	120915	5.00	0	24
SCAF_283_region	24173	120915	5.00	0	24
SCAF_284	24152	3909081	161.85	0	682
SCAF_284_region	24152	3909081	161.85	0	682
SCAF_285	24110	665	0.03	0	10
SCAF_285_region	24110	665	0.03	0	10
SCAF_286	24066	250718	10.42	0	803
SCAF_286_region	24066	250718	10.42	0	803
SCAF_287	23981	10089	0.42	0	22
SCAF_287_region	23981	10089	0.42	0	22
SCAF_288	23980	4737	0.20	0	26
SCAF_288_region	23980	4737	0.20	0	26
SCAF_289	23950	19458	0.81	0	17
SCAF_289_region	23950	19458	0.81	0	17
SCAF_290	23945	41346	1.73	0	18
SCAF_290_region	23945	41346	1.73	0	18
SCAF_291	23886	2044	0.09	0	3
SCAF_291_region	23886	2044	0.09	0	3
SCAF_292	23860	23468	0.98	0	17
SCAF_292_region	23860	23468	0.98	0	17
SCAF_293	23814	8987	0.38	0	7
SCAF_293_region	23814	8987	0.38	0	7
SCAF_294	23796	6612	0.28	0	34
SCAF_294_region	23796	6612	0.28	0	34
SCAF_295	23767	11691	0.49	0	15
SCAF_295_region	23767	11691	0.49	0	15
SCAF_296	23762	260502	10.96	0	1899
SCAF_296_region	23762	260502	10.96	0	1899
SCAF_297	23695	65024	2.74	0	26
SCAF_297_region	23695	65024	2.74	0	26
SCAF_298	23666	1584	0.07	0	10
SCAF_298_region	23666	1584	0.07	0	10
SCAF_299	23648	173284	7.33	0	475
SCAF_299_region	23648	173284	7.33	0	475
SCAF_300	23643	5899224	249.51	0	1463
SCAF_300_region	23643	5899224	249.51	0	1463
SCAF_301	23638	20252	0.86	0	7
SCAF_301_region	23638	20252	0.86	0	7
SCAF_302	23633	7207	0.30	0	17
SCAF_302_region	23633	7207	0.30	0	17
SCAF_303	23629	6612	0.28	0	5
SCAF_303_region	23629	6612	0.28	0	5
SCAF_304	23571	67991	2.88	0	35
SCAF_304_region	23571	67991	2.88	0	35
SCAF_305	23555	65277	2.77	0	19
SCAF_305_region	23555	65277	2.77	0	19
SCAF_306	23322	57425	2.46	0	58
SCAF_306_region	23322	57425	2.46	0	58
SCAF_307	23295	4756	0.20	0	12
SCAF_307_region	23295	4756	0.20	0	12
SCAF_308	23075	4117261	178.43	0	3119
SCAF_308_region	23075	4117261	178.43	0	3119
SCAF_309	23057	5949	0.26	0	21
SCAF_309_region	23057	5949	0.26	0	21
SCAF_310	23011	7059	0.31	0	7
SCAF_310_region	23011	7059	0.31	0	7
SCAF_311	22999	1638	0.07	0	27
SCAF_311_region	22999	1638	0.07	0	27
SCAF_312	22896	7340	0.32	0	16
SCAF_312_region	22896	7340	0.32	0	16
SCAF_313	22877	1686	0.07	0	2
SCAF_313_region	22877	1686	0.07	0	2
SCAF_314	22871	7010023	306.50	0	5457
SCAF_314_region	22871	7010023	306.50	0	5457
SCAF_315	22844	39690	1.74	0	301
SCAF_315_region	22844	39690	1.74	0	301
SCAF_316	22844	2114	0.09	0	8
SCAF_316_region	22844	2114	0.09	0	8
SCAF_317	22833	6677	0.29	0	8
SCAF_317_region	22833	6677	0.29	0	8
SCAF_318	22713	26951	1.19	0	11
SCAF_318_region	22713	26951	1.19	0	11
SCAF_319	22685	13276	0.59	0	31
SCAF_319_region	22685	13276	0.59	0	31
SCAF_320	22653	5806	0.26	0	10
SCAF_320_region	22653	5806	0.26	0	10
SCAF_321	22554	5152	0.23	0	10
SCAF_321_region	22554	5152	0.23	0	10
SCAF_322	22539	7849	0.35	0	22
SCAF_322_region	22539	7849	0.35	0	22
SCAF_323	22525	40340	1.79	0	30
SCAF_323_region	22525	40340	1.79	0	30
SCAF_324	22489	146564	6.52	0	24
SCAF_324_region	22489	146564	6.52	0	24
SCAF_325	22468	47943	2.13	0	12
SCAF_325_region	22468	47943	2.13	0	12
SCAF_326	22392	6237535	278.56	0	3752
SCAF_326_region	22392	6237535	278.56	0	3752
SCAF_327	22337	16814	0.75	0	19
SCAF_327_region	22337	16814	0.75	0	19
SCAF_328	22280	6244231	280.26	0	1301
SCAF_328_region	22280	6244231	280.26	0	1301
SCAF_329	22245	4524	0.20	0	21
SCAF_329_region	22245	4524	0.20	0	21
SCAF_330	22040	7356	0.33	0	20
SCAF_330_region	22040	7356	0.33	0	20
SCAF_331	22029	274	0.01	0	2
SCAF_331_region	22029	274	0.01	0	2
SCAF_332	21923	3961	0.18	0	3
SCAF_332_region	21923	3961	0.18	0	3
SCAF_333	21867	17672	0.81	0	22
SCAF_333_region	21867	17672	0.81	0	22
SCAF_334	21813	5714	0.26	0	20
SCAF_334_region	21813	5714	0.26	0	20
SCAF_335	21800	82096	3.77	0	27
SCAF_335_region	21800	82096	3.77	0	27
SCAF_336	21691	4349	0.20	0	9
SCAF_336_region	21691	4349	0.20	0	9
SCAF_337	21675	7418	0.34	0	16
SCAF_337_region	21675	7418	0.34	0	16
SCAF_338	21621	38742	1.79	0	98
SCAF_338_region	21621	38742	1.79	0	98
SCAF_339	21529	34650	1.61	0	57
SCAF_339_region	21529	34650	1.61	0	57
SCAF_340	21472	18885	0.88	0	8
SCAF_340_region	21472	18885	0.88	0	8
SCAF_341	21449	4293	0.20	0	26
SCAF_341_region	21449	4293	0.20	0	26
SCAF_342	21444	251976	11.75	0	488
SCAF_342_region	21444	251976	11.75	0	488
SCAF_343	21365	6425	0.30	0	19
SCAF_343_region	21365	6425	0.30	0	19
SCAF_344	21355	64785	3.03	0	22
SCAF_344_region	21355	64785	3.03	0	22
SCAF_345	21334	6417	0.30	0	15
SCAF_345_region	21334	6417	0.30	0	15
SCAF_346	21294	4250715	199.62	0	755
SCAF_346_region	21294	4250715	199.62	0	755
SCAF_347	21288	895	0.04	0	11
SCAF_347_region	21288	895	0.04	0	11
SCAF_348	21209	28723	1.35	0	24
SCAF_348_region	21209	28723	1.35	0	24
SCAF_349	21199	1088	0.05	0	21
SCAF_349_region	21199	1088	0.05	0	21
SCAF_350	21189	27486	1.30	0	107
SCAF_350_region	21189	27486	1.30	0	107
SCAF_351	21106	122985	5.83	0	19
SCAF_351_region	21106	122985	5.83	0	19
SCAF_352	21098	25338	1.20	0	20
SCAF_352_region	21098	25338	1.20	0	20
SCAF_353	21078	14428	0.68	0	18
SCAF_353_region	21078	14428	0.68	0	18
SCAF_354	20991	18190	0.87	0	22
SCAF_354_region	20991	18190	0.87	0	22
SCAF_355	20981	6186	0.29	0	17
SCAF_355_region	20981	6186	0.29	0	17
SCAF_356	20980	8417	0.40	0	16
SCAF_356_region	20980	8417	0.40	0	16
SCAF_357	20976	5748	0.27	0	19
SCAF_357_region	20976	5748	0.27	0	19
SCAF_358	20871	1549	0.07	0	14
SCAF_358_region	20871	1549	0.07	0	14
SCAF_359	20831	4077	0.20	0	23
SCAF_359_region	20831	4077	0.20	0	23
SCAF_360	20777	7541	0.36	0	77
SCAF_360_region	20777	7541	0.36	0	77
SCAF_361	20737	22020	1.06	0	19
SCAF_361_region	20737	22020	1.06	0	19
SCAF_362	20702	163948	7.92	0	29
SCAF_362_region	20702	163948	7.92	0	29
SCAF_363	20586	383	0.02	0	2
SCAF_363_region	20586	383	0.02	0	2
SCAF_364	20574	59961	2.91	0	32
SCAF_364_region	20574	59961	2.91	0	32
SCAF_365	20553	25224	1.23	0	32
SCAF_365_region	20553	25224	1.23	0	32
SCAF_366	20522	8701	0.42	0	19
SCAF_366_region	20522	8701	0.42	0	19
SCAF_367	20517	21271	1.04	0	21
SCAF_367_region	20517	21271	1.04	0	21
SCAF_368	20452	58600	2.87	0	28
SCAF_368_region	20452	58600	2.87	0	28
SCAF_369	20438	91581	4.48	0	22
SCAF_369_region	20438	91581	4.48	0	22
SCAF_370	20350	44928	2.21	0	55
SCAF_370_region	20350	44928	2.21	0	55
SCAF_371	20349	48237	2.37	0	189
SCAF_371_region	20349	48237	2.37	0	189
SCAF_372	20285	5646	0.28	0	8
SCAF_372_region	20285	5646	0.28	0	8
SCAF_373	20282	167391	8.25	0	226
SCAF_373_region	20282	167391	8.25	0	226
SCAF_374	20282	4394467	216.67	0	1093
SCAF_374_region	20282	4394467	216.67	0	1093
SCAF_375	20179	96073	4.76	0	122
SCAF_375_region	20179	96073	4.76	0	122
SCAF_376	20174	11060	0.55	0	9
SCAF_376_region	20174	11060	0.55	0	9
SCAF_377	20160	7116	0.35	0	11
SCAF_377_region	20160	7116	0.35	0	11
SCAF_378	20157	2974608	147.57	0	838
SCAF_378_region	20157	2974608	147.57	0	838
SCAF_379	20150	67923	3.37	0	16
SCAF_379_region	20150	67923	3.37	0	16
SCAF_380	20140	42615	2.12	0	81
SCAF_380_region	20140	42615	2.12	0	81
SCAF_381	20082	3270	0.16	0	8
SCAF_381_region	20082	3270	0.16	0	8
SCAF_382	20068	16405	0.82	0	22
SCAF_382_region	20068	16405	0.82	0	22
SCAF_383	20052	22492	1.12	0	26
SCAF_383_region	20052	22492	1.12	0	26
SCAF_384	20039	94300	4.71	0	23
SCAF_384_region	20039	94300	4.71	0	23
SCAF_385	20036	13787	0.69	0	8
SCAF_385_region	20036	13787	0.69	0	8
SCAF_386	20004	11475	0.57	0	8
SCAF_386_region	20004	11475	0.57	0	8
SCAF_387	19967	16604	0.83	0	18
SCAF_387_region	19967	16604	0.83	0	18
SCAF_388	19953	70431	3.53	0	20
SCAF_388_region	19953	70431	3.53	0	20
SCAF_389	19874	4054	0.20	0	7
SCAF_389_region	19874	4054	0.20	0	7
SCAF_390	19870	2910507	146.48	0	1725
SCAF_390_region	19870	2910507	146.48	0	1725
SCAF_391	19819	6862	0.35	0	21
SCAF_391_region	19819	6862	0.35	0	21
SCAF_392	19814	7450	0.38	0	13
SCAF_392_region	19814	7450	0.38	0	13
SCAF_393	19805	8495	0.43	0	11
SCAF_393_region	19805	8495	0.43	0	11
SCAF_394	19796	6319	0.32	0	4
SCAF_394_region	19796	6319	0.32	0	4
SCAF_395	19788	10976669	554.71	0	3872
SCAF_395_region	19788	10976669	554.71	0	3872
SCAF_396	19769	17800	0.90	0	10
SCAF_396_region	19769	17800	0.90	0	10
SCAF_397	19737	24497	1.24	0	13
SCAF_397_region	19737	24497	1.24	0	13
SCAF_398	19694	71985	3.66	0	21
SCAF_398_region	19694	71985	3.66	0	21
SCAF_399	19627	4103	0.21	0	14
SCAF_399_region	19627	4103	0.21	0	14
SCAF_400	19559	35256	1.80	0	14
SCAF_400_region	19559	35256	1.80	0	14
SCAF_401	19529	10747	0.55	0	13
SCAF_401_region	19529	10747	0.55	0	13
SCAF_402	19485	21676	1.11	0	8
SCAF_402_region	19485	21676	1.11	0	8
SCAF_403	19440	26737	1.38	0	29
SCAF_403_region	19440	26737	1.38	0	29
SCAF_404	19429	6017	0.31	0	34
SCAF_404_region	19429	6017	0.31	0	34
SCAF_405	19412	19401	1.00	0	23
SCAF_405_region	19412	19401	1.00	0	23
SCAF_406	19412	10112	0.52	0	18
SCAF_406_region	19412	10112	0.52	0	18
SCAF_407	19392	7733	0.40	0	17
SCAF_407_region	19392	7733	0.40	0	17
SCAF_408	19383	172	0.01	0	3
SCAF_408_region	19383	172	0.01	0	3
SCAF_409	19350	17545	0.91	0	6
SCAF_409_region	19350	17545	0.91	0	6
SCAF_410	19334	2954	0.15	0	6
SCAF_410_region	19334	2954	0.15	0	6
SCAF_411	19319	252	0.01	0	1
SCAF_411_region	19319	252	0.01	0	1
SCAF_412	19298	115323	5.98	0	40
SCAF_412_region	19298	115323	5.98	0	40
SCAF_413	19281	91573	4.75	0	19
SCAF_413_region	19281	91573	4.75	0	19
SCAF_414	19250	28910	1.50	0	18
SCAF_414_region	19250	28910	1.50	0	18
SCAF_415	19240	29978	1.56	0	20
SCAF_415_region	19240	29978	1.56	0	20
SCAF_416	19198	33991	1.77	0	33
SCAF_416_region	19198	33991	1.77	0	33
SCAF_417	19156	1192	0.06	0	4
SCAF_417_region	19156	1192	0.06	0	4
SCAF_418	19069	3065273	160.75	0	612
SCAF_418_region	19069	3065273	160.75	0	612
SCAF_419	19061	33180	1.74	0	14
SCAF_419_region	19061	33180	1.74	0	14
SCAF_420	19040	2247	0.12	0	4
SCAF_420_region	19040	2247	0.12	0	4
SCAF_421	19012	3966	0.21	0	2
SCAF_421_region	19012	3966	0.21	0	2
SCAF_422	18950	116024	6.12	0	49
SCAF_422_region	18950	116024	6.12	0	49
SCAF_423	18945	5584	0.29	0	30
SCAF_423_region	18945	5584	0.29	0	30
SCAF_424	18943	18482	0.98	0	22
SCAF_424_region	18943	18482	0.98	0	22
SCAF_425	18932	54628	2.89	0	15
SCAF_425_region	18932	54628	2.89	0	15
SCAF_426	18882	5757	0.30	0	26
SCAF_426_region	18882	5757	0.30	0	26
SCAF_427	18874	22662	1.20	0	31
SCAF_427_region	18874	22662	1.20	0	31
SCAF_428	18866	1402622	74.35	0	793
SCAF_428_region	18866	1402622	74.35	0	793
SCAF_429	18866	23833	1.26	0	17
SCAF_429_region	18866	23833	1.26	0	17
SCAF_430	18815	2040	0.11	0	28
SCAF_430_region	18815	2040	0.11	0	28
SCAF_431	18805	87770	4.67	0	25
SCAF_431_region	18805	87770	4.67	0	25
SCAF_432	18790	67704	3.60	0	25
SCAF_432_region	18790	67704	3.60	0	25
SCAF_433	18773	20910	1.11	0	36
SCAF_433_region	18773	20910	1.11	0	36
SCAF_434	18766	11559	0.62	0	9
SCAF_434_region	18766	11559	0.62	0	9
SCAF_435	18753	58786	3.13	0	31
SCAF_435_region	18753	58786	3.13	0	31
SCAF_436	18746	181002	9.66	0	48
SCAF_436_region	18746	181002	9.66	0	48
SCAF_437	18721	10518	0.56	0	12
SCAF_437_region	18721	10518	0.56	0	12
SCAF_438	18669	4813	0.26	0	13
SCAF_438_region	18669	4813	0.26	0	13
SCAF_439	18588	126261	6.79	0	330
SCAF_439_region	18588	126261	6.79	0	330
SCAF_440	18561	48575	2.62	0	237
SCAF_440_region	18561	48575	2.62	0	237
SCAF_441	18530	62006	3.35	0	26
SCAF_441_region	18530	62006	3.35	0	26
SCAF_442	18489	16254	0.88	0	12
SCAF_442_region	18489	16254	0.88	0	12
SCAF_443	18479	10186	0.55	0	22
SCAF_443_region	18479	10186	0.55	0	22
SCAF_444	18424	40869	2.22	0	20
SCAF_444_region	18424	40869	2.22	0	20
SCAF_445	18396	8624	0.47	0	30
SCAF_445_region	18396	8624	0.47	0	30
SCAF_446	18392	86006	4.68	0	18
SCAF_446_region	18392	86006	4.68	0	18
SCAF_447	18255	6460	0.35	0	15
SCAF_447_region	18255	6460	0.35	0	15
SCAF_448	18252	86099	4.72	0	18
SCAF_448_region	18252	86099	4.72	0	18
SCAF_449	18248	4908	0.27	0	4
SCAF_449_region	18248	4908	0.27	0	4
SCAF_450	18208	23659	1.30	0	30
SCAF_450_region	18208	23659	1.30	0	30
SCAF_451	18202	243932	13.40	0	202
SCAF_451_region	18202	243932	13.40	0	202
SCAF_452	18192	2233	0.12	0	23
SCAF_452_region	18192	2233	0.12	0	23
SCAF_453	18150	12461	0.69	0	22
SCAF_453_region	18150	12461	0.69	0	22
SCAF_454	18134	1263	0.07	0	18
SCAF_454_region	18134	1263	0.07	0	18
SCAF_455	18114	1325	0.07	0	57
SCAF_455_region	18114	1325	0.07	0	57
SCAF_456	18112	16541	0.91	0	18
SCAF_456_region	18112	16541	0.91	0	18
SCAF_457	18054	106769	5.91	0	20
SCAF_457_region	18054	106769	5.91	0	20
SCAF_458	18006	6279	0.35	0	5
SCAF_458_region	18006	6279	0.35	0	5
SCAF_459	18000	1515	0.08	0	22
SCAF_459_region	18000	1515	0.08	0	22
SCAF_460	17967	16862	0.94	0	14
SCAF_460_region	17967	16862	0.94	0	14
SCAF_461	17943	16478	0.92	0	8
SCAF_461_region	17943	16478	0.92	0	8
SCAF_462	17929	1011	0.06	0	26
SCAF_462_region	17929	1011	0.06	0	26
SCAF_463	17921	470	0.03	0	3
SCAF_463_region	17921	470	0.03	0	3
SCAF_464	17913	9272	0.52	0	5
SCAF_464_region	17913	9272	0.52	0	5
SCAF_465	17912	2891	0.16	0	3
SCAF_465_region	17912	2891	0.16	0	3
SCAF_466	17886	30498	1.71	0	31
SCAF_466_region	17886	30498	1.71	0	31
SCAF_467	17859	19027	1.07	0	141
SCAF_467_region	17859	19027	1.07	0	141
SCAF_468	17837	13221	0.74	0	29
SCAF_468_region	17837	13221	0.74	0	29
SCAF_469	17802	281	0.02	0	4
SCAF_469_region	17802	281	0.02	0	4
SCAF_470	17776	11275	0.63	0	17
SCAF_470_region	17776	11275	0.63	0	17
SCAF_471	17682	2189	0.12	0	5
SCAF_471_region	17682	2189	0.12	0	5
SCAF_472	17646	65703	3.72	0	34
SCAF_472_region	17646	65703	3.72	0	34
SCAF_473	17646	48743	2.76	0	20
SCAF_473_region	17646	48743	2.76	0	20
SCAF_474	17642	3385157	191.88	0	664
SCAF_474_region	17642	3385157	191.88	0	664
SCAF_475	17613	15539	0.88	0	169
SCAF_475_region	17613	15539	0.88	0	169
SCAF_476	17602	48103	2.73	0	421
SCAF_476_region	17602	48103	2.73	0	421
SCAF_477	17571	403	0.02	0	12
SCAF_477_region	17571	403	0.02	0	12
SCAF_478	17535	2451	0.14	0	28
SCAF_478_region	17535	2451	0.14	0	28
SCAF_479	17528	21998	1.26	0	151
SCAF_479_region	17528	21998	1.26	0	151
SCAF_480	17503	4065	0.23	0	6
SCAF_480_region	17503	4065	0.23	0	6
SCAF_481	17502	20759	1.19	0	16
SCAF_481_region	17502	20759	1.19	0	16
SCAF_482	17480	2796	0.16	0	5
SCAF_482_region	17480	2796	0.16	0	5
SCAF_483	17476	19361	1.11	0	15
SCAF_483_region	17476	19361	1.11	0	15
SCAF_484	17457	286569	16.42	0	751
SCAF_484_region	17457	286569	16.42	0	751
SCAF_485	17386	8620	0.50	0	23
SCAF_485_region	17386	8620	0.50	0	23
SCAF_486	17362	4883	0.28	0	3
SCAF_486_region	17362	4883	0.28	0	3
SCAF_487	17332	3518	0.20	0	22
SCAF_487_region	17332	3518	0.20	0	22
SCAF_488	17327	6155	0.36	0	4
SCAF_488_region	17327	6155	0.36	0	4
SCAF_489	17303	7270	0.42	0	17
SCAF_489_region	17303	7270	0.42	0	17
SCAF_490	17273	7434	0.43	0	8
SCAF_490_region	17273	7434	0.43	0	8
SCAF_491	17245	164944	9.56	0	217
SCAF_491_region	17245	164944	9.56	0	217
SCAF_492	17239	7439	0.43	0	23
SCAF_492_region	17239	7439	0.43	0	23
SCAF_493	17219	9485	0.55	0	5
SCAF_493_region	17219	9485	0.55	0	5
SCAF_494	17218	2025	0.12	0	13
SCAF_494_region	17218	2025	0.12	0	13
SCAF_495	17211	20163	1.17	0	10
SCAF_495_region	17211	20163	1.17	0	10
SCAF_496	17198	13459	0.78	0	152
SCAF_496_region	17198	13459	0.78	0	152
SCAF_497	17190	334	0.02	0	1
SCAF_497_region	17190	334	0.02	0	1
SCAF_498	17162	25591	1.49	0	10
SCAF_498_region	17162	25591	1.49	0	10
SCAF_499	17147	2665	0.16	0	12
SCAF_499_region	17147	2665	0.16	0	12
SCAF_500	17144	1979	0.12	0	5
SCAF_500_region	17144	1979	0.12	0	5
SCAF_501	17142	2896	0.17	0	5
SCAF_501_region	17142	2896	0.17	0	5
SCAF_502	17124	47483	2.77	0	27
SCAF_502_region	17124	47483	2.77	0	27
SCAF_503	17118	27337	1.60	0	37
SCAF_503_region	17118	27337	1.60	0	37
SCAF_504	17076	17497	1.02	0	10
SCAF_504_region	17076	17497	1.02	0	10
SCAF_505	17047	2401497	140.88	0	641
SCAF_505_region	17047	2401497	140.88	0	641
SCAF_506	17043	147682	8.67	0	240
SCAF_506_region	17043	147682	8.67	0	240
SCAF_507	17035	36370	2.14	0	32
SCAF_507_region	17035	36370	2.14	0	32
SCAF_508	17021	38863	2.28	0	70
SCAF_508_region	17021	38863	2.28	0	70
SCAF_509	16971	5746	0.34	0	13
SCAF_509_region	16971	5746	0.34	0	13
SCAF_510	16897	84091	4.98	0	18
SCAF_510_region	16897	84091	4.98	0	18
SCAF_511	16849	2720	0.16	0	15
SCAF_511_region	16849	2720	0.16	0	15
SCAF_512	16807	3881	0.23	0	4
SCAF_512_region	16807	3881	0.23	0	4
SCAF_513	16787	1283	0.08	0	25
SCAF_513_region	16787	1283	0.08	0	25
SCAF_514	16784	5330	0.32	0	14
SCAF_514_region	16784	5330	0.32	0	14
SCAF_515	16776	5674	0.34	0	17
SCAF_515_region	16776	5674	0.34	0	17
SCAF_516	16745	968	0.06	0	6
SCAF_516_region	16745	968	0.06	0	6
SCAF_517	16741	2565	0.15	0	9
SCAF_517_region	16741	2565	0.15	0	9
SCAF_518	16733	67788	4.05	0	23
SCAF_518_region	16733	67788	4.05	0	23
SCAF_519	16710	9714	0.58	0	27
SCAF_519_region	16710	9714	0.58	0	27
SCAF_520	16702	3503232	209.75	0	3163
SCAF_520_region	16702	3503232	209.75	0	3163
SCAF_521	16701	4376	0.26	0	17
SCAF_521_region	16701	4376	0.26	0	17
SCAF_522	16645	22611	1.36	0	23
SCAF_522_region	16645	22611	1.36	0	23
SCAF_523	16623	4310	0.26	0	7
SCAF_523_region	16623	4310	0.26	0	7
SCAF_524	16568	3099	0.19	0	8
SCAF_524_region	16568	3099	0.19	0	8
SCAF_525	16548	7735	0.47	0	17
SCAF_525_region	16548	7735	0.47	0	17
SCAF_526	16541	3895	0.24	0	16
SCAF_526_region	16541	3895	0.24	0	16
SCAF_527	16518	2338916	141.60	0	1043
SCAF_527_region	16518	2338916	141.60	0	1043
SCAF_528	16510	7936	0.48	0	19
SCAF_528_region	16510	7936	0.48	0	19
SCAF_529	16492	43531	2.64	0	20
SCAF_529_region	16492	43531	2.64	0	20
SCAF_530	16462	35387	2.15	0	23
SCAF_530_region	16462	35387	2.15	0	23
SCAF_531	16461	632	0.04	0	21
SCAF_531_region	16461	632	0.04	0	21
SCAF_532	16447	16255	0.99	0	10
SCAF_532_region	16447	16255	0.99	0	10
SCAF_533	16383	15266	0.93	0	9
SCAF_533_region	16383	15266	0.93	0	9
SCAF_534	16345	8711	0.53	0	9
SCAF_534_region	16345	8711	0.53	0	9
SCAF_535	16343	1211	0.07	0	2
SCAF_535_region	16343	1211	0.07	0	2
SCAF_536	16333	2854	0.17	0	20
SCAF_536_region	16333	2854	0.17	0	20
SCAF_537	16287	72388	4.44	0	22
SCAF_537_region	16287	72388	4.44	0	22
SCAF_538	16266	8993	0.55	0	10
SCAF_538_region	16266	8993	0.55	0	10
SCAF_539	16246	205	0.01	0	1
SCAF_539_region	16246	205	0.01	0	1
SCAF_540	16245	4770	0.29	0	10
SCAF_540_region	16245	4770	0.29	0	10
SCAF_541	16215	5545	0.34	0	16
SCAF_541_region	16215	5545	0.34	0	16
SCAF_542	16208	4458	0.28	0	7
SCAF_542_region	16208	4458	0.28	0	7
SCAF_543	16160	9224	0.57	0	11
SCAF_543_region	16160	9224	0.57	0	11
SCAF_544	16140	341	0.02	0	3
SCAF_544_region	16140	341	0.02	0	3
SCAF_545	16102	20437	1.27	0	17
SCAF_545_region	16102	20437	1.27	0	17
SCAF_546	16083	7490	0.47	0	20
SCAF_546_region	16083	7490	0.47	0	20
SCAF_547	16037	15073	0.94	0	5
SCAF_547_region	16037	15073	0.94	0	5
SCAF_548	16034	33195	2.07	0	27
SCAF_548_region	16034	33195	2.07	0	27
SCAF_549	16030	32445	2.02	0	19
SCAF_549_region	16030	32445	2.02	0	19
SCAF_550	16027	5222	0.33	0	14
SCAF_550_region	16027	5222	0.33	0	14
SCAF_551	15990	50223	3.14	0	15
SCAF_551_region	15990	50223	3.14	0	15
SCAF_552	15913	165419	10.40	0	26
SCAF_552_region	15913	165419	10.40	0	26
SCAF_553	15906	15609	0.98	0	12
SCAF_553_region	15906	15609	0.98	0	12
SCAF_554	15898	2895	0.18	0	11
SCAF_554_region	15898	2895	0.18	0	11
SCAF_555	15891	2564	0.16	0	5
SCAF_555_region	15891	2564	0.16	0	5
SCAF_556	15885	4734	0.30	0	9
SCAF_556_region	15885	4734	0.30	0	9
SCAF_557	15855	17373	1.10	0	6
SCAF_557_region	15855	17373	1.10	0	6
SCAF_558	15839	21653	1.37	0	18
SCAF_558_region	15839	21653	1.37	0	18
SCAF_559	15827	10075	0.64	0	6
SCAF_559_region	15827	10075	0.64	0	6
SCAF_560	15823	31287	1.98	0	27
SCAF_560_region	15823	31287	1.98	0	27
SCAF_561	15791	7855	0.50	0	9
SCAF_561_region	15791	7855	0.50	0	9
SCAF_562	15777	3118640	197.67	0	609
SCAF_562_region	15777	3118640	197.67	0	609
SCAF_563	15776	21718	1.38	0	10
SCAF_563_region	15776	21718	1.38	0	10
SCAF_564	15761	2590	0.16	0	5
SCAF_564_region	15761	2590	0.16	0	5
SCAF_565	15717	3927	0.25	0	5
SCAF_565_region	15717	3927	0.25	0	5
SCAF_566	15706	407	0.03	0	2
SCAF_566_region	15706	407	0.03	0	2
SCAF_567	15696	5438	0.35	0	9
SCAF_567_region	15696	5438	0.35	0	9
SCAF_568	15657	3295	0.21	0	4
SCAF_568_region	15657	3295	0.21	0	4
SCAF_569	15650	12561	0.80	0	26
SCAF_569_region	15650	12561	0.80	0	26
SCAF_570	15646	15685	1.00	0	13
SCAF_570_region	15646	15685	1.00	0	13
SCAF_571	15619	368	0.02	0	14
SCAF_571_region	15619	368	0.02	0	14
SCAF_572	15612	9657	0.62	0	12
SCAF_572_region	15612	9657	0.62	0	12
SCAF_573	15605	12659	0.81	0	8
SCAF_573_region	15605	12659	0.81	0	8
SCAF_574	15575	21069	1.35	0	30
SCAF_574_region	15575	21069	1.35	0	30
SCAF_575	15573	1497	0.10	0	23
SCAF_575_region	15573	1497	0.10	0	23
SCAF_576	15571	26504	1.70	0	30
SCAF_576_region	15571	26504	1.70	0	30
SCAF_577	15544	1527	0.10	0	15
SCAF_577_region	15544	1527	0.10	0	15
SCAF_578	15521	125	0.01	0	1
SCAF_578_region	15521	125	0.01	0	1
SCAF_579	15497	29976	1.93	0	213
SCAF_579_region	15497	29976	1.93	0	213
SCAF_580	15481	2777	0.18	0	19
SCAF_580_region	15481	2777	0.18	0	19
SCAF_581	15458	35944	2.33	0	20
SCAF_581_region	15458	35944	2.33	0	20
SCAF_582	15439	24273	1.57	0	29
SCAF_582_region	15439	24273	1.57	0	29
SCAF_583	15421	28929	1.88	0	13
SCAF_583_region	15421	28929	1.88	0	13
SCAF_584	15337	20334	1.33	0	20
SCAF_584_region	15337	20334	1.33	0	20
SCAF_585	15336	20466	1.33	0	17
SCAF_585_region	15336	20466	1.33	0	17
SCAF_586	15301	48125	3.15	0	31
SCAF_586_region	15301	48125	3.15	0	31
SCAF_587	15300	1318326	86.17	0	4410
SCAF_587_region	15300	1318326	86.17	0	4410
SCAF_588	15298	5045	0.33	0	22
SCAF_588_region	15298	5045	0.33	0	22
SCAF_589	15238	14990	0.98	0	15
SCAF_589_region	15238	14990	0.98	0	15
SCAF_590	15205	97518	6.41	0	37
SCAF_590_region	15205	97518	6.41	0	37
SCAF_591	15162	59437	3.92	0	16
SCAF_591_region	15162	59437	3.92	0	16
SCAF_592	15154	5176	0.34	0	5
SCAF_592_region	15154	5176	0.34	0	5
SCAF_593	15087	8017	0.53	0	19
SCAF_593_region	15087	8017	0.53	0	19
SCAF_594	15082	44939	2.98	0	32
SCAF_594_region	15082	44939	2.98	0	32
SCAF_595	15055	93125	6.19	0	20
SCAF_595_region	15055	93125	6.19	0	20
SCAF_596	15045	2019	0.13	0	25
SCAF_596_region	15045	2019	0.13	0	25
SCAF_597	15030	4493	0.30	0	13
SCAF_597_region	15030	4493	0.30	0	13
SCAF_598	15027	9316	0.62	0	30
SCAF_598_region	15027	9316	0.62	0	30
SCAF_599	15000	71827	4.79	0	20
SCAF_599_region	15000	71827	4.79	0	20
SCAF_600	14995	5235	0.35	0	29
SCAF_600_region	14995	5235	0.35	0	29
SCAF_601	14985	23509	1.57	0	20
SCAF_601_region	14985	23509	1.57	0	20
SCAF_602	14930	5039	0.34	0	4
SCAF_602_region	14930	5039	0.34	0	4
SCAF_603	14898	2738	0.18	0	4
SCAF_603_region	14898	2738	0.18	0	4
SCAF_604	14863	4194	0.28	0	6
SCAF_604_region	14863	4194	0.28	0	6
SCAF_605	14840	1959	0.13	0	12
SCAF_605_region	14840	1959	0.13	0	12
SCAF_606	14808	695	0.05	0	3
SCAF_606_region	14808	695	0.05	0	3
SCAF_607	14807	56947	3.85	0	63
SCAF_607_region	14807	56947	3.85	0	63
SCAF_608	14785	23160	1.57	0	15
SCAF_608_region	14785	23160	1.57	0	15
SCAF_609	14742	418651	28.40	0	464
SCAF_609_region	14742	418651	28.40	0	464
SCAF_610	14738	10137	0.69	0	10
SCAF_610_region	14738	10137	0.69	0	10
SCAF_611	14737	56096	3.81	0	15
SCAF_611_region	14737	56096	3.81	0	15
SCAF_612	14712	2390563	162.49	0	550
SCAF_612_region	14712	2390563	162.49	0	550
SCAF_613	14708	25503	1.73	0	15
SCAF_613_region	14708	25503	1.73	0	15
SCAF_614	14694	9315	0.63	0	95
SCAF_614_region	14694	9315	0.63	0	95
SCAF_615	14684	7503	0.51	0	25
SCAF_615_region	14684	7503	0.51	0	25
SCAF_616	14676	274	0.02	0	5
SCAF_616_region	14676	274	0.02	0	5
SCAF_617	14662	10629	0.72	0	17
SCAF_617_region	14662	10629	0.72	0	17
SCAF_618	14658	3042	0.21	0	3
SCAF_618_region	14658	3042	0.21	0	3
SCAF_619	14650	91757	6.26	0	227
SCAF_619_region	14650	91757	6.26	0	227
SCAF_620	14639	18770	1.28	0	10
SCAF_620_region	14639	18770	1.28	0	10
SCAF_621	14614	90180	6.17	0	540
SCAF_621_region	14614	90180	6.17	0	540
SCAF_622	14596	10823	0.74	0	12
SCAF_622_region	14596	10823	0.74	0	12
SCAF_623	14590	22159	1.52	0	21
SCAF_623_region	14590	22159	1.52	0	21
SCAF_624	14581	580	0.04	0	22
SCAF_624_region	14581	580	0.04	0	22
SCAF_625	14547	4893	0.34	0	7
SCAF_625_region	14547	4893	0.34	0	7
SCAF_626	14527	10768	0.74	0	13
SCAF_626_region	14527	10768	0.74	0	13
SCAF_627	14523	2210	0.15	0	12
SCAF_627_region	14523	2210	0.15	0	12
SCAF_628	14498	33065	2.28	0	11
SCAF_628_region	14498	33065	2.28	0	11
SCAF_629	14453	17673	1.22	0	15
SCAF_629_region	14453	17673	1.22	0	15
SCAF_630	14414	5070	0.35	0	6
SCAF_630_region	14414	5070	0.35	0	6
SCAF_631	14395	1299	0.09	0	5
SCAF_631_region	14395	1299	0.09	0	5
SCAF_632	14385	3783	0.26	0	28
SCAF_632_region	14385	3783	0.26	0	28
SCAF_633	14371	3680	0.26	0	8
SCAF_633_region	14371	3680	0.26	0	8
SCAF_634	14371	13080	0.91	0	9
SCAF_634_region	14371	13080	0.91	0	9
SCAF_635	14280	68329	4.78	0	60
SCAF_635_region	14280	68329	4.78	0	60
SCAF_636	14276	8284	0.58	0	10
SCAF_636_region	14276	8284	0.58	0	10
SCAF_637	14236	46274	3.25	0	14
SCAF_637_region	14236	46274	3.25	0	14
SCAF_638	14229	7273	0.51	0	12
SCAF_638_region	14229	7273	0.51	0	12
SCAF_639	14202	194	0.01	0	1
SCAF_639_region	14202	194	0.01	0	1
SCAF_640	14111	20946	1.48	0	16
SCAF_640_region	14111	20946	1.48	0	16
SCAF_641	14088	7744	0.55	0	9
SCAF_641_region	14088	7744	0.55	0	9
SCAF_642	14005	4566	0.33	0	4
SCAF_642_region	14005	4566	0.33	0	4
SCAF_643	13977	1355884	97.01	0	597
SCAF_643_region	13977	1355884	97.01	0	597
SCAF_644	13890	1255	0.09	0	3
SCAF_644_region	13890	1255	0.09	0	3
SCAF_645	13875	4943	0.36	0	21
SCAF_645_region	13875	4943	0.36	0	21
SCAF_646	13874	74879	5.40	0	43
SCAF_646_region	13874	74879	5.40	0	43
SCAF_647	13848	5279	0.38	0	30
SCAF_647_region	13848	5279	0.38	0	30
SCAF_648	13847	19960	1.44	0	63
SCAF_648_region	13847	19960	1.44	0	63
SCAF_649	13838	14846	1.07	0	43
SCAF_649_region	13838	14846	1.07	0	43
SCAF_650	13812	12887	0.93	0	10
SCAF_650_region	13812	12887	0.93	0	10
SCAF_651	13758	84251	6.12	0	21
SCAF_651_region	13758	84251	6.12	0	21
SCAF_652	13727	2887	0.21	0	7
SCAF_652_region	13727	2887	0.21	0	7
SCAF_653	13703	5157	0.38	0	7
SCAF_653_region	13703	5157	0.38	0	7
SCAF_654	13701	268	0.02	0	1
SCAF_654_region	13701	268	0.02	0	1
SCAF_655	13677	13273	0.97	0	7
SCAF_655_region	13677	13273	0.97	0	7
SCAF_656	13622	4937	0.36	0	19
SCAF_656_region	13622	4937	0.36	0	19
SCAF_657	13584	11865	0.87	0	11
SCAF_657_region	13584	11865	0.87	0	11
SCAF_658	13583	3592	0.26	0	4
SCAF_658_region	13583	3592	0.26	0	4
SCAF_659	13535	3943	0.29	0	3
SCAF_659_region	13535	3943	0.29	0	3
SCAF_660	13535	486	0.04	0	9
SCAF_660_region	13535	486	0.04	0	9
SCAF_661	13499	15091	1.12	0	7
SCAF_661_region	13499	15091	1.12	0	7
SCAF_662	13464	2053	0.15	0	3
SCAF_662_region	13464	2053	0.15	0	3
SCAF_663	13438	26069	1.94	0	47
SCAF_663_region	13438	26069	1.94	0	47
SCAF_664	13385	2406607	179.80	0	667
SCAF_664_region	13385	2406607	179.80	0	667
SCAF_665	13357	280	0.02	0	7
SCAF_665_region	13357	280	0.02	0	7
SCAF_666	13330	3238	0.24	0	20
SCAF_666_region	13330	3238	0.24	0	20
SCAF_667	13327	21244	1.59	0	37
SCAF_667_region	13327	21244	1.59	0	37
SCAF_668	13319	12737	0.96	0	32
SCAF_668_region	13319	12737	0.96	0	32
SCAF_669	13303	16143	1.21	0	28
SCAF_669_region	13303	16143	1.21	0	28
SCAF_670	13293	4417	0.33	0	16
SCAF_670_region	13293	4417	0.33	0	16
SCAF_671	13288	57475	4.33	0	15
SCAF_671_region	13288	57475	4.33	0	15
SCAF_672	13266	2782	0.21	0	6
SCAF_672_region	13266	2782	0.21	0	6
SCAF_673	13189	31312	2.37	0	135
SCAF_673_region	13189	31312	2.37	0	135
SCAF_674	13149	36816	2.80	0	21
SCAF_674_region	13149	36816	2.80	0	21
SCAF_675	13128	37658	2.87	0	22
SCAF_675_region	13128	37658	2.87	0	22
SCAF_676	13120	37218	2.84	0	14
SCAF_676_region	13120	37218	2.84	0	14
SCAF_677	13080	56542	4.32	0	353
SCAF_677_region	13080	56542	4.32	0	353
SCAF_678	13050	1120	0.09	0	6
SCAF_678_region	13050	1120	0.09	0	6
SCAF_679	13043	5281	0.40	0	23
SCAF_679_region	13043	5281	0.40	0	23
SCAF_680	13008	14010	1.08	0	26
SCAF_680_region	13008	14010	1.08	0	26
SCAF_681	13001	3542	0.27	0	16
SCAF_681_region	13001	3542	0.27	0	16
SCAF_682	12997	58284	4.48	0	19
SCAF_682_region	12997	58284	4.48	0	19
SCAF_683	12986	2410	0.19	0	2
SCAF_683_region	12986	2410	0.19	0	2
SCAF_684	12871	2393	0.19	0	7
SCAF_684_region	12871	2393	0.19	0	7
SCAF_685	12842	2121	0.17	0	12
SCAF_685_region	12842	2121	0.17	0	12
SCAF_686	12830	16142	1.26	0	8
SCAF_686_region	12830	16142	1.26	0	8
SCAF_687	12781	2370	0.19	0	8
SCAF_687_region	12781	2370	0.19	0	8
SCAF_688	12768	62373	4.89	0	30
SCAF_688_region	12768	62373	4.89	0	30
SCAF_689	12768	3568	0.28	0	29
SCAF_689_region	12768	3568	0.28	0	29
SCAF_690	12764	4786	0.37	0	9
SCAF_690_region	12764	4786	0.37	0	9
SCAF_691	12677	13547	1.07	0	25
SCAF_691_region	12677	13547	1.07	0	25
SCAF_692	12675	1155	0.09	0	21
SCAF_692_region	12675	1155	0.09	0	21
SCAF_693	12651	3413	0.27	0	23
SCAF_693_region	12651	3413	0.27	0	23
SCAF_694	12646	1935	0.15	0	8
SCAF_694_region	12646	1935	0.15	0	8
SCAF_695	12643	69125	5.47	0	17
SCAF_695_region	12643	69125	5.47	0	17
SCAF_696	12633	2548	0.20	0	3
SCAF_696_region	12633	2548	0.20	0	3
SCAF_697	12625	2506	0.20	0	12
SCAF_697_region	12625	2506	0.20	0	12
SCAF_698	12617	114333	9.06	0	90
SCAF_698_region	12617	114333	9.06	0	90
SCAF_699	12540	3271	0.26	0	9
SCAF_699_region	12540	3271	0.26	0	9
SCAF_700	12515	79	0.01	0	3
SCAF_700_region	12515	79	0.01	0	3
SCAF_701	12482	275	0.02	0	1
SCAF_701_region	12482	275	0.02	0	1
SCAF_702	12461	12746	1.02	0	13
SCAF_702_region	12461	12746	1.02	0	13
SCAF_703	12456	48648	3.91	0	57
SCAF_703_region	12456	48648	3.91	0	57
SCAF_704	12456	6085	0.49	0	13
SCAF_704_region	12456	6085	0.49	0	13
SCAF_705	12358	6938	0.56	0	6
SCAF_705_region	12358	6938	0.56	0	6
SCAF_706	12350	83468	6.76	0	23
SCAF_706_region	12350	83468	6.76	0	23
SCAF_707	12343	13079	1.06	0	5
SCAF_707_region	12343	13079	1.06	0	5
SCAF_708	12333	423	0.03	0	12
SCAF_708_region	12333	423	0.03	0	12
SCAF_709	12319	2947228	239.24	0	2969
SCAF_709_region	12319	2947228	239.24	0	2969
SCAF_710	12288	10241	0.83	0	6
SCAF_710_region	12288	10241	0.83	0	6
SCAF_711	12252	96402	7.87	0	20
SCAF_711_region	12252	96402	7.87	0	20
SCAF_712	12218	119628	9.79	0	314
SCAF_712_region	12218	119628	9.79	0	314
SCAF_713	12177	86357	7.09	0	20
SCAF_713_region	12177	86357	7.09	0	20
SCAF_714	12167	16070	1.32	0	9
SCAF_714_region	12167	16070	1.32	0	9
SCAF_715	12163	541	0.04	0	16
SCAF_715_region	12163	541	0.04	0	16
SCAF_716	12143	3269	0.27	0	21
SCAF_716_region	12143	3269	0.27	0	21
SCAF_717	12102	1065	0.09	0	2
SCAF_717_region	12102	1065	0.09	0	2
SCAF_718	12099	4851	0.40	0	8
SCAF_718_region	12099	4851	0.40	0	8
SCAF_719	12095	11991	0.99	0	24
SCAF_719_region	12095	11991	0.99	0	24
SCAF_720	12085	8752	0.72	0	12
SCAF_720_region	12085	8752	0.72	0	12
SCAF_721	12078	2396	0.20	0	3
SCAF_721_region	12078	2396	0.20	0	3
SCAF_722	12066	19788	1.64	0	25
SCAF_722_region	12066	19788	1.64	0	25
SCAF_723	12015	1902	0.16	0	3
SCAF_723_region	12015	1902	0.16	0	3
SCAF_724	12004	18044	1.50	0	8
SCAF_724_region	12004	18044	1.50	0	8
SCAF_725	11949	21801	1.82	0	32
SCAF_725_region	11949	21801	1.82	0	32
SCAF_726	11911	2512	0.21	0	23
SCAF_726_region	11911	2512	0.21	0	23
SCAF_727	11900	1411	0.12	0	8
SCAF_727_region	11900	1411	0.12	0	8
SCAF_728	11869	55789	4.70	0	65
SCAF_728_region	11869	55789	4.70	0	65
SCAF_729	11788	77659	6.59	0	27
SCAF_729_region	11788	77659	6.59	0	27
SCAF_730	11785	23347	1.98	0	19
SCAF_730_region	11785	23347	1.98	0	19
SCAF_731	11750	4033	0.34	0	7
SCAF_731_region	11750	4033	0.34	0	7
SCAF_732	11699	11086	0.95	0	11
SCAF_732_region	11699	11086	0.95	0	11
SCAF_733	11674	206	0.02	0	1
SCAF_733_region	11674	206	0.02	0	1
SCAF_734	11658	6698	0.57	0	15
SCAF_734_region	11658	6698	0.57	0	15
SCAF_735	11648	76358	6.56	0	20
SCAF_735_region	11648	76358	6.56	0	20
SCAF_736	11642	4254	0.37	0	4
SCAF_736_region	11642	4254	0.37	0	4
SCAF_737	11612	220	0.02	0	2
SCAF_737_region	11612	220	0.02	0	2
SCAF_738	11595	335	0.03	0	2
SCAF_738_region	11595	335	0.03	0	2
SCAF_739	11525	30682	2.66	0	137
SCAF_739_region	11525	30682	2.66	0	137
SCAF_740	11505	2751	0.24	0	4
SCAF_740_region	11505	2751	0.24	0	4
SCAF_741	11492	2853	0.25	0	5
SCAF_741_region	11492	2853	0.25	0	5
SCAF_742	11467	6026614	525.56	0	2385
SCAF_742_region	11467	6026614	525.56	0	2385
SCAF_743	11404	116	0.01	0	1
SCAF_743_region	11404	116	0.01	0	1
SCAF_744	11377	2782	0.24	0	18
SCAF_744_region	11377	2782	0.24	0	18
SCAF_745	11364	3410	0.30	0	5
SCAF_745_region	11364	3410	0.30	0	5
SCAF_746	11318	1396	0.12	0	7
SCAF_746_region	11318	1396	0.12	0	7
SCAF_747	11311	77303	6.83	0	353
SCAF_747_region	11311	77303	6.83	0	353
SCAF_748	11306	48935	4.33	0	45
SCAF_748_region	11306	48935	4.33	0	45
SCAF_749	11299	26027	2.30	0	17
SCAF_749_region	11299	26027	2.30	0	17
SCAF_750	11284	10988	0.97	0	11
SCAF_750_region	11284	10988	0.97	0	11
SCAF_751	11276	9957	0.88	0	4
SCAF_751_region	11276	9957	0.88	0	4
SCAF_752	11267	9830	0.87	0	4
SCAF_752_region	11267	9830	0.87	0	4
SCAF_753	11254	2356	0.21	0	6
SCAF_753_region	11254	2356	0.21	0	6
SCAF_754	11236	28272	2.52	0	19
SCAF_754_region	11236	28272	2.52	0	19
SCAF_755	11231	667	0.06	0	2
SCAF_755_region	11231	667	0.06	0	2
SCAF_756	11200	43289	3.87	0	17
SCAF_756_region	11200	43289	3.87	0	17
SCAF_757	11195	2901	0.26	0	9
SCAF_757_region	11195	2901	0.26	0	9
SCAF_758	11126	1395	0.13	0	17
SCAF_758_region	11126	1395	0.13	0	17
SCAF_759	11118	1229	0.11	0	1
SCAF_759_region	11118	1229	0.11	0	1
SCAF_760	11100	16546	1.49	0	10
SCAF_760_region	11100	16546	1.49	0	10
SCAF_761	11097	2456	0.22	0	5
SCAF_761_region	11097	2456	0.22	0	5
SCAF_762	11029	2325	0.21	0	21
SCAF_762_region	11029	2325	0.21	0	21
SCAF_763	11019	12779	1.16	0	9
SCAF_763_region	11019	12779	1.16	0	9
SCAF_764	10979	109131	9.94	0	192
SCAF_764_region	10979	109131	9.94	0	192
SCAF_765	10957	38	0.00	0	1
SCAF_765_region	10957	38	0.00	0	1
SCAF_766	10940	7443	0.68	0	18
SCAF_766_region	10940	7443	0.68	0	18
SCAF_767	10913	6105	0.56	0	7
SCAF_767_region	10913	6105	0.56	0	7
SCAF_768	10886	26827	2.46	0	11
SCAF_768_region	10886	26827	2.46	0	11
SCAF_769	10867	278	0.03	0	1
SCAF_769_region	10867	278	0.03	0	1
SCAF_770	10816	2884	0.27	0	12
SCAF_770_region	10816	2884	0.27	0	12
SCAF_771	10810	357	0.03	0	2
SCAF_771_region	10810	357	0.03	0	2
SCAF_772	10709	1892	0.18	0	6
SCAF_772_region	10709	1892	0.18	0	6
SCAF_773	10688	124008	11.60	0	135
SCAF_773_region	10688	124008	11.60	0	135
SCAF_774	10648	34721	3.26	0	34
SCAF_774_region	10648	34721	3.26	0	34
SCAF_775	10642	59	0.01	0	1
SCAF_775_region	10642	59	0.01	0	1
SCAF_776	10612	2224	0.21	0	19
SCAF_776_region	10612	2224	0.21	0	19
SCAF_777	10608	45646	4.30	0	17
SCAF_777_region	10608	45646	4.30	0	17
SCAF_778	10604	1302	0.12	0	2
SCAF_778_region	10604	1302	0.12	0	2
SCAF_779	10578	1064	0.10	0	5
SCAF_779_region	10578	1064	0.10	0	5
SCAF_780	10571	303	0.03	0	1
SCAF_780_region	10571	303	0.03	0	1
SCAF_781	10511	10815	1.03	0	5
SCAF_781_region	10511	10815	1.03	0	5
SCAF_782	10492	201	0.02	0	5
SCAF_782_region	10492	201	0.02	0	5
SCAF_783	10421	1928	0.19	0	2
SCAF_783_region	10421	1928	0.19	0	2
SCAF_784	10379	42609	4.11	0	13
SCAF_784_region	10379	42609	4.11	0	13
SCAF_785	10337	4507	0.44	0	6
SCAF_785_region	10337	4507	0.44	0	6
SCAF_786	10326	25240	2.44	0	16
SCAF_786_region	10326	25240	2.44	0	16
SCAF_787	10326	1270	0.12	0	15
SCAF_787_region	10326	1270	0.12	0	15
SCAF_788	10316	2758	0.27	0	18
SCAF_788_region	10316	2758	0.27	0	18
SCAF_789	10256	117	0.01	0	1
SCAF_789_region	10256	117	0.01	0	1
SCAF_790	10228	3556	0.35	0	4
SCAF_790_region	10228	3556	0.35	0	4
SCAF_791	10185	2835	0.28	0	3
SCAF_791_region	10185	2835	0.28	0	3
SCAF_792	10184	30046	2.95	0	31
SCAF_792_region	10184	30046	2.95	0	31
SCAF_793	10160	9480	0.93	0	6
SCAF_793_region	10160	9480	0.93	0	6
SCAF_794	10147	301	0.03	0	4
SCAF_794_region	10147	301	0.03	0	4
SCAF_795	10110	13333	1.32	0	27
SCAF_795_region	10110	13333	1.32	0	27
SCAF_796	10045	231	0.02	0	2
SCAF_796_region	10045	231	0.02	0	2
SCAF_797	10015	12021	1.20	0	32
SCAF_797_region	10015	12021	1.20	0	32
SCAF_798	10012	5493	0.55	0	7
SCAF_798_region	10012	5493	0.55	0	7
SCAF_799	9978	16398	1.64	0	11
SCAF_799_region	9978	16398	1.64	0	11
SCAF_800	9947	23250	2.34	0	75
SCAF_800_region	9947	23250	2.34	0	75
SCAF_801	9941	1525	0.15	0	4
SCAF_801_region	9941	1525	0.15	0	4
SCAF_802	9910	223	0.02	0	3
SCAF_802_region	9910	223	0.02	0	3
SCAF_803	9879	1326	0.13	0	3
SCAF_803_region	9879	1326	0.13	0	3
SCAF_804	9861	23564	2.39	0	17
SCAF_804_region	9861	23564	2.39	0	17
SCAF_805	9859	365	0.04	0	6
SCAF_805_region	9859	365	0.04	0	6
SCAF_806	9855	1574	0.16	0	3
SCAF_806_region	9855	1574	0.16	0	3
SCAF_807	9792	1800	0.18	0	34
SCAF_807_region	9792	1800	0.18	0	34
SCAF_808	9784	2318	0.24	0	19
SCAF_808_region	9784	2318	0.24	0	19
SCAF_809	9773	6918	0.71	0	5
SCAF_809_region	9773	6918	0.71	0	5
SCAF_810	9756	1567	0.16	0	6
SCAF_810_region	9756	1567	0.16	0	6
SCAF_811	9753	14746	1.51	0	85
SCAF_811_region	9753	14746	1.51	0	85
SCAF_812	9719	1090	0.11	0	13
SCAF_812_region	9719	1090	0.11	0	13
SCAF_813	9715	2644	0.27	0	4
SCAF_813_region	9715	2644	0.27	0	4
SCAF_814	9708	17925	1.85	0	11
SCAF_814_region	9708	17925	1.85	0	11
SCAF_815	9700	1704	0.18	0	3
SCAF_815_region	9700	1704	0.18	0	3
SCAF_816	9673	15377	1.59	0	18
SCAF_816_region	9673	15377	1.59	0	18
SCAF_817	9638	1047	0.11	0	3
SCAF_817_region	9638	1047	0.11	0	3
SCAF_818	9601	9115	0.95	0	16
SCAF_818_region	9601	9115	0.95	0	16
SCAF_819	9601	621	0.06	0	2
SCAF_819_region	9601	621	0.06	0	2
SCAF_820	9550	113071	11.84	0	126
SCAF_820_region	9550	113071	11.84	0	126
SCAF_821	9533	12962	1.36	0	5
SCAF_821_region	9533	12962	1.36	0	5
SCAF_822	9498	9560	1.01	0	5
SCAF_822_region	9498	9560	1.01	0	5
SCAF_823	9466	1601436	169.18	0	1073
SCAF_823_region	9466	1601436	169.18	0	1073
SCAF_824	9457	895	0.09	0	10
SCAF_824_region	9457	895	0.09	0	10
SCAF_825	9446	20739	2.20	0	20
SCAF_825_region	9446	20739	2.20	0	20
SCAF_826	9385	27767	2.96	0	13
SCAF_826_region	9385	27767	2.96	0	13
SCAF_827	9376	24956	2.66	0	17
SCAF_827_region	9376	24956	2.66	0	17
SCAF_828	9365	5131	0.55	0	5
SCAF_828_region	9365	5131	0.55	0	5
SCAF_829	9320	5790	0.62	0	11
SCAF_829_region	9320	5790	0.62	0	11
SCAF_830	9303	2176	0.23	0	6
SCAF_830_region	9303	2176	0.23	0	6
SCAF_831	9295	5039	0.54	0	16
SCAF_831_region	9295	5039	0.54	0	16
SCAF_832	9282	7831	0.84	0	23
SCAF_832_region	9282	7831	0.84	0	23
SCAF_833	9263	194	0.02	0	2
SCAF_833_region	9263	194	0.02	0	2
SCAF_834	9159	312466	34.12	0	1384
SCAF_834_region	9159	312466	34.12	0	1384
SCAF_835	9159	5743	0.63	0	14
SCAF_835_region	9159	5743	0.63	0	14
SCAF_836	9157	5696	0.62	0	7
SCAF_836_region	9157	5696	0.62	0	7
SCAF_837	9095	582	0.06	0	20
SCAF_837_region	9095	582	0.06	0	20
SCAF_838	9078	18337	2.02	0	41
SCAF_838_region	9078	18337	2.02	0	41
SCAF_839	9057	17689	1.95	0	19
SCAF_839_region	9057	17689	1.95	0	19
SCAF_840	9014	7324	0.81	0	5
SCAF_840_region	9014	7324	0.81	0	5
SCAF_841	8986	21390	2.38	0	30
SCAF_841_region	8986	21390	2.38	0	30
SCAF_842	8986	1232	0.14	0	7
SCAF_842_region	8986	1232	0.14	0	7
SCAF_843	8952	58	0.01	0	1
SCAF_843_region	8952	58	0.01	0	1
SCAF_844	8935	146682	16.42	0	973
SCAF_844_region	8935	146682	16.42	0	973
SCAF_845	8927	40260	4.51	0	23
SCAF_845_region	8927	40260	4.51	0	23
SCAF_846	8908	56571	6.35	0	127
SCAF_846_region	8908	56571	6.35	0	127
SCAF_847	8868	10401	1.17	0	12
SCAF_847_region	8868	10401	1.17	0	12
SCAF_848	8867	780	0.09	0	4
SCAF_848_region	8867	780	0.09	0	4
SCAF_849	8825	24872	2.82	0	28
SCAF_849_region	8825	24872	2.82	0	28
SCAF_850	8771	7913	0.90	0	5
SCAF_850_region	8771	7913	0.90	0	5
SCAF_851	8703	3782	0.43	0	14
SCAF_851_region	8703	3782	0.43	0	14
SCAF_852	8695	2990	0.34	0	4
SCAF_852_region	8695	2990	0.34	0	4
SCAF_853	8662	40	0.00	0	1
SCAF_853_region	8662	40	0.00	0	1
SCAF_854	8634	315	0.04	0	2
SCAF_854_region	8634	315	0.04	0	2
SCAF_855	8630	464	0.05	0	20
SCAF_855_region	8630	464	0.05	0	20
SCAF_856	8617	2575901	298.93	0	1197
SCAF_856_region	8617	2575901	298.93	0	1197
SCAF_857	8469	9676	1.14	0	14
SCAF_857_region	8469	9676	1.14	0	14
SCAF_858	8431	2933	0.35	0	5
SCAF_858_region	8431	2933	0.35	0	5
SCAF_859	8397	739	0.09	0	3
SCAF_859_region	8397	739	0.09	0	3
SCAF_860	8390	8455	1.01	0	8
SCAF_860_region	8390	8455	1.01	0	8
SCAF_861	8357	683	0.08	0	5
SCAF_861_region	8357	683	0.08	0	5
SCAF_862	8342	3139546	376.35	0	6918
SCAF_862_region	8342	3139546	376.35	0	6918
SCAF_863	8337	355	0.04	0	12
SCAF_863_region	8337	355	0.04	0	12
SCAF_864	8258	5094	0.62	0	5
SCAF_864_region	8258	5094	0.62	0	5
SCAF_865	8103	3559	0.44	0	7
SCAF_865_region	8103	3559	0.44	0	7
SCAF_866	8034	896	0.11	0	2
SCAF_866_region	8034	896	0.11	0	2
SCAF_867	8027	12265	1.53	0	25
SCAF_867_region	8027	12265	1.53	0	25
SCAF_868	8017	16408	2.05	0	15
SCAF_868_region	8017	16408	2.05	0	15
SCAF_869	8015	7111	0.89	0	16
SCAF_869_region	8015	7111	0.89	0	16
SCAF_870	8015	1781	0.22	0	13
SCAF_870_region	8015	1781	0.22	0	13
SCAF_871	8000	521	0.07	0	13
SCAF_871_region	8000	521	0.07	0	13
SCAF_872	7790	1474	0.19	0	3
SCAF_872_region	7790	1474	0.19	0	3
SCAF_873	7773	100	0.01	0	1
SCAF_873_region	7773	100	0.01	0	1
SCAF_874	7763	35035	4.51	0	35
SCAF_874_region	7763	35035	4.51	0	35
SCAF_875	7721	133	0.02	0	1
SCAF_875_region	7721	133	0.02	0	1
SCAF_876	7701	20726	2.69	0	11
SCAF_876_region	7701	20726	2.69	0	11
SCAF_877	7680	305	0.04	0	13
SCAF_877_region	7680	305	0.04	0	13
SCAF_878	7622	3349	0.44	0	5
SCAF_878_region	7622	3349	0.44	0	5
SCAF_879	7582	10874	1.43	0	11
SCAF_879_region	7582	10874	1.43	0	11
SCAF_880	7559	26555	3.51	0	42
SCAF_880_region	7559	26555	3.51	0	42
SCAF_881	7416	1408713	189.96	0	3714
SCAF_881_region	7416	1408713	189.96	0	3714
SCAF_882	7394	19370	2.62	0	12
SCAF_882_region	7394	19370	2.62	0	12
SCAF_883	7363	2364	0.32	0	3
SCAF_883_region	7363	2364	0.32	0	3
SCAF_884	7338	2898	0.39	0	5
SCAF_884_region	7338	2898	0.39	0	5
SCAF_885	7324	96	0.01	0	4
SCAF_885_region	7324	96	0.01	0	4
SCAF_886	7276	15075	2.07	0	31
SCAF_886_region	7276	15075	2.07	0	31
SCAF_887	7242	888	0.12	0	3
SCAF_887_region	7242	888	0.12	0	3
SCAF_888	7231	8274	1.14	0	4
SCAF_888_region	7231	8274	1.14	0	4
SCAF_889	7198	308	0.04	0	12
SCAF_889_region	7198	308	0.04	0	12
SCAF_890	7142	829	0.12	0	2
SCAF_890_region	7142	829	0.12	0	2
SCAF_891	7028	13673	1.95	0	17
SCAF_891_region	7028	13673	1.95	0	17
SCAF_892	7025	14274	2.03	0	9
SCAF_892_region	7025	14274	2.03	0	9
SCAF_893	7015	2636	0.38	0	5
SCAF_893_region	7015	2636	0.38	0	5
SCAF_894	6958	2373	0.34	0	3
SCAF_894_region	6958	2373	0.34	0	3
SCAF_895	6948	10658	1.53	0	8
SCAF_895_region	6948	10658	1.53	0	8
SCAF_896	6829	1241801	181.84	0	568
SCAF_896_region	6829	1241801	181.84	0	568
SCAF_897	6804	1464	0.22	0	19
SCAF_897_region	6804	1464	0.22	0	19
SCAF_898	6754	827766	122.56	0	1984
SCAF_898_region	6754	827766	122.56	0	1984
SCAF_899	6732	3008	0.45	0	28
SCAF_899_region	6732	3008	0.45	0	28
SCAF_900	6698	71846	10.73	0	117
SCAF_900_region	6698	71846	10.73	0	117
SCAF_901	6642	1057	0.16	0	25
SCAF_901_region	6642	1057	0.16	0	25
SCAF_902	6588	13666	2.07	0	9
SCAF_902_region	6588	13666	2.07	0	9
SCAF_903	6549	35949	5.49	0	19
SCAF_903_region	6549	35949	5.49	0	19
SCAF_904	6496	12006	1.85	0	16
SCAF_904_region	6496	12006	1.85	0	16
SCAF_905	6483	19	0.00	0	1
SCAF_905_region	6483	19	0.00	0	1
SCAF_906	6367	38	0.01	0	1
SCAF_906_region	6367	38	0.01	0	1
SCAF_907	6367	13589	2.13	0	15
SCAF_907_region	6367	13589	2.13	0	15
SCAF_908	6228	174798	28.07	0	145
SCAF_908_region	6228	174798	28.07	0	145
SCAF_909	6173	26002	4.21	0	50
SCAF_909_region	6173	26002	4.21	0	50
SCAF_910	6170	227	0.04	0	4
SCAF_910_region	6170	227	0.04	0	4
SCAF_911	6077	61541	10.13	0	42
SCAF_911_region	6077	61541	10.13	0	42
SCAF_912	6073	16168	2.66	0	10
SCAF_912_region	6073	16168	2.66	0	10
SCAF_913	6059	408812	67.47	0	799
SCAF_913_region	6059	408812	67.47	0	799
SCAF_914	6001	1304	0.22	0	2
SCAF_914_region	6001	1304	0.22	0	2
SCAF_915	5869	236875	40.36	0	439
SCAF_915_region	5869	236875	40.36	0	439
SCAF_916	5803	1040	0.18	0	13
SCAF_916_region	5803	1040	0.18	0	13
SCAF_917	5661	11419	2.02	0	10
SCAF_917_region	5661	11419	2.02	0	10
SCAF_918	5277	14075	2.67	0	18
SCAF_918_region	5277	14075	2.67	0	18
total	51514314	4366122976	84.76	0	433398
total_region	51514314	4366122976	84.76	0	433398
