chrom	length	bases	mean	min	max
SCAF_1	5574741	574118664	102.99	0	3533
SCAF_1_region	5574741	574118664	102.99	0	3533
SCAF_2	4079479	444180271	108.88	0	3809
SCAF_2_region	4079479	444180271	108.88	0	3809
SCAF_3	3666439	390705478	106.56	0	7321
SCAF_3_region	3666439	390705478	106.56	0	7321
SCAF_4	2601389	330302201	126.97	0	4134
SCAF_4_region	2601389	330302201	126.97	0	4134
SCAF_5	2032088	217057377	106.81	0	4760
SCAF_5_region	2032088	217057377	106.81	0	4760
SCAF_6	1976889	238044950	120.41	0	4238
SCAF_6_region	1976889	238044950	120.41	0	4238
SCAF_7	1932263	209954165	108.66	0	3485
SCAF_7_region	1932263	209954165	108.66	0	3485
SCAF_8	1669080	165627467	99.23	0	2321
SCAF_8_region	1669080	165627467	99.23	0	2321
SCAF_9	1646134	181310352	110.14	0	3184
SCAF_9_region	1646134	181310352	110.14	0	3184
SCAF_10	1570817	172476681	109.80	0	1951
SCAF_10_region	1570817	172476681	109.80	0	1951
SCAF_11	1437752	169466432	117.87	0	1096
SCAF_11_region	1437752	169466432	117.87	0	1096
SCAF_12	978195	136129041	139.16	0	461825
SCAF_12_region	978195	136129041	139.16	0	461825
SCAF_13	598471	24954121	41.70	0	4213
SCAF_13_region	598471	24954121	41.70	0	4213
SCAF_14	247525	163574981	660.84	0	9728
SCAF_14_region	247525	163574981	660.84	0	9728
SCAF_15	224905	2913050	12.95	0	51
SCAF_15_region	224905	2913050	12.95	0	51
SCAF_16	181804	5424749	29.84	0	7005
SCAF_16_region	181804	5424749	29.84	0	7005
SCAF_17	176395	2747542	15.58	0	73
SCAF_17_region	176395	2747542	15.58	0	73
SCAF_18	160122	662960	4.14	0	117
SCAF_18_region	160122	662960	4.14	0	117
SCAF_19	139354	611441	4.39	0	111
SCAF_19_region	139354	611441	4.39	0	111
SCAF_20	131876	2545524	19.30	0	108
SCAF_20_region	131876	2545524	19.30	0	108
SCAF_21	130124	2025646	15.57	0	135
SCAF_21_region	130124	2025646	15.57	0	135
SCAF_22	121580	2172786	17.87	0	58
SCAF_22_region	121580	2172786	17.87	0	58
SCAF_23	117381	1690177	14.40	0	78
SCAF_23_region	117381	1690177	14.40	0	78
SCAF_24	115879	1622411	14.00	0	54
SCAF_24_region	115879	1622411	14.00	0	54
SCAF_25	115495	1558961	13.50	0	49
SCAF_25_region	115495	1558961	13.50	0	49
SCAF_26	113072	1757909	15.55	0	101
SCAF_26_region	113072	1757909	15.55	0	101
SCAF_27	110609	5511874	49.83	0	2916
SCAF_27_region	110609	5511874	49.83	0	2916
SCAF_28	109542	495436	4.52	0	61
SCAF_28_region	109542	495436	4.52	0	61
SCAF_29	108319	9331957	86.15	0	1451
SCAF_29_region	108319	9331957	86.15	0	1451
SCAF_30	107902	802465	7.44	0	652
SCAF_30_region	107902	802465	7.44	0	652
SCAF_31	106626	750835	7.04	0	463
SCAF_31_region	106626	750835	7.04	0	463
SCAF_32	102192	903348	8.84	0	1090
SCAF_32_region	102192	903348	8.84	0	1090
SCAF_33	98221	1794886	18.27	0	57
SCAF_33_region	98221	1794886	18.27	0	57
SCAF_34	97882	2050799	20.95	0	53
SCAF_34_region	97882	2050799	20.95	0	53
SCAF_35	95705	277867	2.90	0	547
SCAF_35_region	95705	277867	2.90	0	547
SCAF_36	94431	1140901	12.08	0	52
SCAF_36_region	94431	1140901	12.08	0	52
SCAF_37	92851	415486	4.47	0	58
SCAF_37_region	92851	415486	4.47	0	58
SCAF_38	89142	1559606	17.50	0	130
SCAF_38_region	89142	1559606	17.50	0	130
SCAF_39	88257	1133506	12.84	0	62
SCAF_39_region	88257	1133506	12.84	0	62
SCAF_40	85354	1655403	19.39	0	150
SCAF_40_region	85354	1655403	19.39	0	150
SCAF_41	82239	1354761	16.47	0	57
SCAF_41_region	82239	1354761	16.47	0	57
SCAF_42	77162	1348705	17.48	0	259
SCAF_42_region	77162	1348705	17.48	0	259
SCAF_43	76714	1376476	17.94	0	62
SCAF_43_region	76714	1376476	17.94	0	62
SCAF_44	76272	338782	4.44	0	443
SCAF_44_region	76272	338782	4.44	0	443
SCAF_45	73110	87197	1.19	0	48
SCAF_45_region	73110	87197	1.19	0	48
SCAF_46	72118	1650309	22.88	0	58
SCAF_46_region	72118	1650309	22.88	0	58
SCAF_47	70166	1075245	15.32	0	50
SCAF_47_region	70166	1075245	15.32	0	50
SCAF_48	69627	1494003	21.46	0	54
SCAF_48_region	69627	1494003	21.46	0	54
SCAF_49	69624	388837	5.58	0	273
SCAF_49_region	69624	388837	5.58	0	273
SCAF_50	68258	1315429	19.27	0	66
SCAF_50_region	68258	1315429	19.27	0	66
SCAF_51	66966	392876	5.87	0	110
SCAF_51_region	66966	392876	5.87	0	110
SCAF_52	66855	429923	6.43	0	66
SCAF_52_region	66855	429923	6.43	0	66
SCAF_53	65552	340907	5.20	0	48
SCAF_53_region	65552	340907	5.20	0	48
SCAF_54	65267	243032	3.72	0	47
SCAF_54_region	65267	243032	3.72	0	47
SCAF_55	65114	701774	10.78	0	54
SCAF_55_region	65114	701774	10.78	0	54
SCAF_56	62812	146086	2.33	0	53
SCAF_56_region	62812	146086	2.33	0	53
SCAF_57	62187	97388	1.57	0	35
SCAF_57_region	62187	97388	1.57	0	35
SCAF_58	61544	88167	1.43	0	119
SCAF_58_region	61544	88167	1.43	0	119
SCAF_59	61533	306706	4.98	0	76
SCAF_59_region	61533	306706	4.98	0	76
SCAF_60	61411	2021285	32.91	0	3088
SCAF_60_region	61411	2021285	32.91	0	3088
SCAF_61	61115	1490740	24.39	0	59
SCAF_61_region	61115	1490740	24.39	0	59
SCAF_62	59972	117079	1.95	0	153
SCAF_62_region	59972	117079	1.95	0	153
SCAF_63	59743	69901	1.17	0	118
SCAF_63_region	59743	69901	1.17	0	118
SCAF_64	58841	242557	4.12	0	236
SCAF_64_region	58841	242557	4.12	0	236
SCAF_65	58838	383699	6.52	0	204
SCAF_65_region	58838	383699	6.52	0	204
SCAF_66	58483	106854	1.83	0	109
SCAF_66_region	58483	106854	1.83	0	109
SCAF_67	57162	392186	6.86	0	165
SCAF_67_region	57162	392186	6.86	0	165
SCAF_68	56404	488467	8.66	0	207
SCAF_68_region	56404	488467	8.66	0	207
SCAF_69	55942	12989	0.23	0	20
SCAF_69_region	55942	12989	0.23	0	20
SCAF_70	55722	1208591	21.69	0	48
SCAF_70_region	55722	1208591	21.69	0	48
SCAF_71	55604	1082467	19.47	0	61
SCAF_71_region	55604	1082467	19.47	0	61
SCAF_72	54709	26751	0.49	0	22
SCAF_72_region	54709	26751	0.49	0	22
SCAF_73	52157	16035	0.31	0	21
SCAF_73_region	52157	16035	0.31	0	21
SCAF_74	52077	957058	18.38	0	63
SCAF_74_region	52077	957058	18.38	0	63
SCAF_75	51185	363560	7.10	0	102
SCAF_75_region	51185	363560	7.10	0	102
SCAF_76	50428	5688912	112.81	0	1901
SCAF_76_region	50428	5688912	112.81	0	1901
SCAF_77	50384	151770	3.01	0	25
SCAF_77_region	50384	151770	3.01	0	25
SCAF_78	49366	1042358	21.11	0	64
SCAF_78_region	49366	1042358	21.11	0	64
SCAF_79	49160	146262	2.98	0	38
SCAF_79_region	49160	146262	2.98	0	38
SCAF_80	48966	834261	17.04	0	56
SCAF_80_region	48966	834261	17.04	0	56
SCAF_81	48848	79629	1.63	0	24
SCAF_81_region	48848	79629	1.63	0	24
SCAF_82	48542	554403	11.42	0	347
SCAF_82_region	48542	554403	11.42	0	347
SCAF_83	48542	37374	0.77	0	27
SCAF_83_region	48542	37374	0.77	0	27
SCAF_84	47775	114356	2.39	0	47
SCAF_84_region	47775	114356	2.39	0	47
SCAF_85	47318	1103408	23.32	0	84
SCAF_85_region	47318	1103408	23.32	0	84
SCAF_86	46994	877941	18.68	0	59
SCAF_86_region	46994	877941	18.68	0	59
SCAF_87	46805	845227	18.06	0	51
SCAF_87_region	46805	845227	18.06	0	51
SCAF_88	46738	26141	0.56	0	21
SCAF_88_region	46738	26141	0.56	0	21
SCAF_89	46547	654055	14.05	0	55
SCAF_89_region	46547	654055	14.05	0	55
SCAF_90	46221	43689	0.95	0	28
SCAF_90_region	46221	43689	0.95	0	28
SCAF_91	44916	1067397	23.76	0	52
SCAF_91_region	44916	1067397	23.76	0	52
SCAF_92	44616	15189525	340.45	0	6194
SCAF_92_region	44616	15189525	340.45	0	6194
SCAF_93	44136	75355	1.71	0	30
SCAF_93_region	44136	75355	1.71	0	30
SCAF_94	43913	73870	1.68	0	22
SCAF_94_region	43913	73870	1.68	0	22
SCAF_95	43808	77670	1.77	0	27
SCAF_95_region	43808	77670	1.77	0	27
SCAF_96	43342	130495	3.01	0	41
SCAF_96_region	43342	130495	3.01	0	41
SCAF_97	43038	12027454	279.46	0	9183
SCAF_97_region	43038	12027454	279.46	0	9183
SCAF_98	42896	41983	0.98	0	24
SCAF_98_region	42896	41983	0.98	0	24
SCAF_99	42178	456721	10.83	0	56
SCAF_99_region	42178	456721	10.83	0	56
SCAF_100	41993	36234	0.86	0	39
SCAF_100_region	41993	36234	0.86	0	39
SCAF_101	41585	701958	16.88	0	49
SCAF_101_region	41585	701958	16.88	0	49
SCAF_102	41267	8011083	194.13	0	507
SCAF_102_region	41267	8011083	194.13	0	507
SCAF_103	41164	7568	0.18	0	11
SCAF_103_region	41164	7568	0.18	0	11
SCAF_104	40984	9245	0.23	0	8
SCAF_104_region	40984	9245	0.23	0	8
SCAF_105	40971	316873	7.73	0	191
SCAF_105_region	40971	316873	7.73	0	191
SCAF_106	40689	714713	17.57	0	50
SCAF_106_region	40689	714713	17.57	0	50
SCAF_107	40038	155996	3.90	0	52
SCAF_107_region	40038	155996	3.90	0	52
SCAF_108	39998	88572	2.21	0	71
SCAF_108_region	39998	88572	2.21	0	71
SCAF_109	39904	12228	0.31	0	17
SCAF_109_region	39904	12228	0.31	0	17
SCAF_110	39605	162973	4.11	0	36
SCAF_110_region	39605	162973	4.11	0	36
SCAF_111	39279	16698	0.43	0	24
SCAF_111_region	39279	16698	0.43	0	24
SCAF_112	39164	7875792	201.10	0	567
SCAF_112_region	39164	7875792	201.10	0	567
SCAF_113	39049	18920	0.48	0	11
SCAF_113_region	39049	18920	0.48	0	11
SCAF_114	38983	97495	2.50	0	38
SCAF_114_region	38983	97495	2.50	0	38
SCAF_115	38824	915165	23.57	0	855
SCAF_115_region	38824	915165	23.57	0	855
SCAF_116	37823	38792	1.03	0	28
SCAF_116_region	37823	38792	1.03	0	28
SCAF_117	37728	11399357	302.15	0	4228
SCAF_117_region	37728	11399357	302.15	0	4228
SCAF_118	37705	642384	17.04	0	53
SCAF_118_region	37705	642384	17.04	0	53
SCAF_119	37514	546890	14.58	0	70
SCAF_119_region	37514	546890	14.58	0	70
SCAF_120	37456	6695177	178.75	0	1205
SCAF_120_region	37456	6695177	178.75	0	1205
SCAF_121	37441	6577995	175.69	0	2926
SCAF_121_region	37441	6577995	175.69	0	2926
SCAF_122	37347	205801	5.51	0	486
SCAF_122_region	37347	205801	5.51	0	486
SCAF_123	37222	37136	1.00	0	30
SCAF_123_region	37222	37136	1.00	0	30
SCAF_124	36961	135241	3.66	0	204
SCAF_124_region	36961	135241	3.66	0	204
SCAF_125	36710	10059	0.27	0	13
SCAF_125_region	36710	10059	0.27	0	13
SCAF_126	36614	21519	0.59	0	30
SCAF_126_region	36614	21519	0.59	0	30
SCAF_127	36584	579165	15.83	0	52
SCAF_127_region	36584	579165	15.83	0	52
SCAF_128	36068	890423	24.69	0	56
SCAF_128_region	36068	890423	24.69	0	56
SCAF_129	35972	687421	19.11	0	51
SCAF_129_region	35972	687421	19.11	0	51
SCAF_130	35925	677998	18.87	0	65
SCAF_130_region	35925	677998	18.87	0	65
SCAF_131	35704	1593	0.04	0	12
SCAF_131_region	35704	1593	0.04	0	12
SCAF_132	35264	516490	14.65	0	49
SCAF_132_region	35264	516490	14.65	0	49
SCAF_133	35121	10186650	290.04	0	5385
SCAF_133_region	35121	10186650	290.04	0	5385
SCAF_134	35117	221434	6.31	0	104
SCAF_134_region	35117	221434	6.31	0	104
SCAF_135	34903	9911	0.28	0	16
SCAF_135_region	34903	9911	0.28	0	16
SCAF_136	34900	7772188	222.70	0	1096
SCAF_136_region	34900	7772188	222.70	0	1096
SCAF_137	34765	7135	0.21	0	20
SCAF_137_region	34765	7135	0.21	0	20
SCAF_138	34687	87547	2.52	0	134
SCAF_138_region	34687	87547	2.52	0	134
SCAF_139	34615	498078	14.39	0	46
SCAF_139_region	34615	498078	14.39	0	46
SCAF_140	34599	8346022	241.22	0	2411
SCAF_140_region	34599	8346022	241.22	0	2411
SCAF_141	34497	5783285	167.65	0	7382
SCAF_141_region	34497	5783285	167.65	0	7382
SCAF_142	34440	7782803	225.98	0	1122
SCAF_142_region	34440	7782803	225.98	0	1122
SCAF_143	34384	33768	0.98	0	19
SCAF_143_region	34384	33768	0.98	0	19
SCAF_144	34330	14865	0.43	0	30
SCAF_144_region	34330	14865	0.43	0	30
SCAF_145	34087	295386	8.67	0	46
SCAF_145_region	34087	295386	8.67	0	46
SCAF_146	33692	658758	19.55	0	54
SCAF_146_region	33692	658758	19.55	0	54
SCAF_147	33483	7739470	231.15	0	1991
SCAF_147_region	33483	7739470	231.15	0	1991
SCAF_148	33469	67224	2.01	0	50
SCAF_148_region	33469	67224	2.01	0	50
SCAF_149	33420	4779465	143.01	0	1079
SCAF_149_region	33420	4779465	143.01	0	1079
SCAF_150	33347	33808	1.01	0	40
SCAF_150_region	33347	33808	1.01	0	40
SCAF_151	33283	33372	1.00	0	16
SCAF_151_region	33283	33372	1.00	0	16
SCAF_152	33266	27889	0.84	0	28
SCAF_152_region	33266	27889	0.84	0	28
SCAF_153	33237	60688	1.83	0	20
SCAF_153_region	33237	60688	1.83	0	20
SCAF_154	33139	20710	0.62	0	28
SCAF_154_region	33139	20710	0.62	0	28
SCAF_155	33127	11526504	347.95	0	2106
SCAF_155_region	33127	11526504	347.95	0	2106
SCAF_156	32748	87307	2.67	0	163
SCAF_156_region	32748	87307	2.67	0	163
SCAF_157	32666	248728	7.61	0	203
SCAF_157_region	32666	248728	7.61	0	203
SCAF_158	32618	14705	0.45	0	16
SCAF_158_region	32618	14705	0.45	0	16
SCAF_159	32358	1882	0.06	0	8
SCAF_159_region	32358	1882	0.06	0	8
SCAF_160	32136	14087	0.44	0	52
SCAF_160_region	32136	14087	0.44	0	52
SCAF_161	32035	7766	0.24	0	14
SCAF_161_region	32035	7766	0.24	0	14
SCAF_162	31954	167077	5.23	0	58
SCAF_162_region	31954	167077	5.23	0	58
SCAF_163	31782	23238	0.73	0	37
SCAF_163_region	31782	23238	0.73	0	37
SCAF_164	31669	19472	0.61	0	21
SCAF_164_region	31669	19472	0.61	0	21
SCAF_165	31629	752765	23.80	0	53
SCAF_165_region	31629	752765	23.80	0	53
SCAF_166	31581	5345	0.17	0	13
SCAF_166_region	31581	5345	0.17	0	13
SCAF_167	31556	82173	2.60	0	40
SCAF_167_region	31556	82173	2.60	0	40
SCAF_168	31421	11643	0.37	0	10
SCAF_168_region	31421	11643	0.37	0	10
SCAF_169	31314	36021	1.15	0	21
SCAF_169_region	31314	36021	1.15	0	21
SCAF_170	31127	3268	0.10	0	4
SCAF_170_region	31127	3268	0.10	0	4
SCAF_171	31061	7251552	233.46	0	1491
SCAF_171_region	31061	7251552	233.46	0	1491
SCAF_172	31059	2151	0.07	0	20
SCAF_172_region	31059	2151	0.07	0	20
SCAF_173	30866	47896	1.55	0	40
SCAF_173_region	30866	47896	1.55	0	40
SCAF_174	30739	9088832	295.68	0	4576
SCAF_174_region	30739	9088832	295.68	0	4576
SCAF_175	30330	60908	2.01	0	40
SCAF_175_region	30330	60908	2.01	0	40
SCAF_176	30301	488664	16.13	0	2868
SCAF_176_region	30301	488664	16.13	0	2868
SCAF_177	30226	176628	5.84	0	125
SCAF_177_region	30226	176628	5.84	0	125
SCAF_178	30187	29996	0.99	0	20
SCAF_178_region	30187	29996	0.99	0	20
SCAF_179	30183	8265	0.27	0	6
SCAF_179_region	30183	8265	0.27	0	6
SCAF_180	30131	225577	7.49	0	77
SCAF_180_region	30131	225577	7.49	0	77
SCAF_181	30071	87373	2.91	0	45
SCAF_181_region	30071	87373	2.91	0	45
SCAF_182	30032	386614	12.87	0	68
SCAF_182_region	30032	386614	12.87	0	68
SCAF_183	30005	11538	0.38	0	10
SCAF_183_region	30005	11538	0.38	0	10
SCAF_184	29541	58290	1.97	0	170
SCAF_184_region	29541	58290	1.97	0	170
SCAF_185	29415	26505	0.90	0	15
SCAF_185_region	29415	26505	0.90	0	15
SCAF_186	29375	5686	0.19	0	4
SCAF_186_region	29375	5686	0.19	0	4
SCAF_187	29360	90169	3.07	0	60
SCAF_187_region	29360	90169	3.07	0	60
SCAF_188	29327	578260	19.72	0	58
SCAF_188_region	29327	578260	19.72	0	58
SCAF_189	29236	52751	1.80	0	38
SCAF_189_region	29236	52751	1.80	0	38
SCAF_190	29216	67467	2.31	0	76
SCAF_190_region	29216	67467	2.31	0	76
SCAF_191	29200	28475	0.98	0	8
SCAF_191_region	29200	28475	0.98	0	8
SCAF_192	29083	4955857	170.40	0	477
SCAF_192_region	29083	4955857	170.40	0	477
SCAF_193	29081	72921	2.51	0	37
SCAF_193_region	29081	72921	2.51	0	37
SCAF_194	28863	2890994	100.16	0	847
SCAF_194_region	28863	2890994	100.16	0	847
SCAF_195	28688	41407	1.44	0	20
SCAF_195_region	28688	41407	1.44	0	20
SCAF_196	28688	67913	2.37	0	137
SCAF_196_region	28688	67913	2.37	0	137
SCAF_197	28670	43521	1.52	0	25
SCAF_197_region	28670	43521	1.52	0	25
SCAF_198	28585	385219	13.48	0	49
SCAF_198_region	28585	385219	13.48	0	49
SCAF_199	28585	102298	3.58	0	137
SCAF_199_region	28585	102298	3.58	0	137
SCAF_200	28563	8690	0.30	0	10
SCAF_200_region	28563	8690	0.30	0	10
SCAF_201	28551	3636	0.13	0	3
SCAF_201_region	28551	3636	0.13	0	3
SCAF_202	28219	11140	0.39	0	16
SCAF_202_region	28219	11140	0.39	0	16
SCAF_203	28217	50470	1.79	0	65
SCAF_203_region	28217	50470	1.79	0	65
SCAF_204	28187	47592	1.69	0	309
SCAF_204_region	28187	47592	1.69	0	309
SCAF_205	28138	22770	0.81	0	19
SCAF_205_region	28138	22770	0.81	0	19
SCAF_206	28111	6750	0.24	0	12
SCAF_206_region	28111	6750	0.24	0	12
SCAF_207	27959	517391	18.51	0	48
SCAF_207_region	27959	517391	18.51	0	48
SCAF_208	27935	6764379	242.15	0	6679
SCAF_208_region	27935	6764379	242.15	0	6679
SCAF_209	27830	6352	0.23	0	6
SCAF_209_region	27830	6352	0.23	0	6
SCAF_210	27781	17928	0.65	0	21
SCAF_210_region	27781	17928	0.65	0	21
SCAF_211	27774	627170	22.58	0	60
SCAF_211_region	27774	627170	22.58	0	60
SCAF_212	27772	96293	3.47	0	37
SCAF_212_region	27772	96293	3.47	0	37
SCAF_213	27728	53197	1.92	0	56
SCAF_213_region	27728	53197	1.92	0	56
SCAF_214	27690	11272	0.41	0	17
SCAF_214_region	27690	11272	0.41	0	17
SCAF_215	27659	7416943	268.16	0	1170
SCAF_215_region	27659	7416943	268.16	0	1170
SCAF_216	27637	64952	2.35	0	93
SCAF_216_region	27637	64952	2.35	0	93
SCAF_217	27634	40909	1.48	0	9
SCAF_217_region	27634	40909	1.48	0	9
SCAF_218	27594	518603	18.79	0	78
SCAF_218_region	27594	518603	18.79	0	78
SCAF_219	27563	2235	0.08	0	14
SCAF_219_region	27563	2235	0.08	0	14
SCAF_220	27545	534696	19.41	0	56
SCAF_220_region	27545	534696	19.41	0	56
SCAF_221	27530	6782	0.25	0	14
SCAF_221_region	27530	6782	0.25	0	14
SCAF_222	27515	14924	0.54	0	6
SCAF_222_region	27515	14924	0.54	0	6
SCAF_223	27476	41546	1.51	0	17
SCAF_223_region	27476	41546	1.51	0	17
SCAF_224	27450	4201	0.15	0	12
SCAF_224_region	27450	4201	0.15	0	12
SCAF_225	27344	5543	0.20	0	16
SCAF_225_region	27344	5543	0.20	0	16
SCAF_226	27270	501931	18.41	0	479
SCAF_226_region	27270	501931	18.41	0	479
SCAF_227	27232	39209	1.44	0	31
SCAF_227_region	27232	39209	1.44	0	31
SCAF_228	27189	188130	6.92	0	94
SCAF_228_region	27189	188130	6.92	0	94
SCAF_229	27037	88096	3.26	0	26
SCAF_229_region	27037	88096	3.26	0	26
SCAF_230	26948	166710	6.19	0	40
SCAF_230_region	26948	166710	6.19	0	40
SCAF_231	26899	5746	0.21	0	23
SCAF_231_region	26899	5746	0.21	0	23
SCAF_232	26856	3934	0.15	0	6
SCAF_232_region	26856	3934	0.15	0	6
SCAF_233	26767	34799	1.30	0	34
SCAF_233_region	26767	34799	1.30	0	34
SCAF_234	26700	5595116	209.55	0	976
SCAF_234_region	26700	5595116	209.55	0	976
SCAF_235	26660	10999567	412.59	0	2991
SCAF_235_region	26660	10999567	412.59	0	2991
SCAF_236	26499	44408	1.68	0	21
SCAF_236_region	26499	44408	1.68	0	21
SCAF_237	26482	178314	6.73	0	27
SCAF_237_region	26482	178314	6.73	0	27
SCAF_238	26369	12970	0.49	0	33
SCAF_238_region	26369	12970	0.49	0	33
SCAF_239	26171	8148	0.31	0	15
SCAF_239_region	26171	8148	0.31	0	15
SCAF_240	26148	26034	1.00	0	35
SCAF_240_region	26148	26034	1.00	0	35
SCAF_241	26131	388456	14.87	0	44
SCAF_241_region	26131	388456	14.87	0	44
SCAF_242	26114	9871	0.38	0	14
SCAF_242_region	26114	9871	0.38	0	14
SCAF_243	26085	5187	0.20	0	11
SCAF_243_region	26085	5187	0.20	0	11
SCAF_244	26060	1634	0.06	0	9
SCAF_244_region	26060	1634	0.06	0	9
SCAF_245	25968	4478	0.17	0	35
SCAF_245_region	25968	4478	0.17	0	35
SCAF_246	25946	6811371	262.52	0	5443
SCAF_246_region	25946	6811371	262.52	0	5443
SCAF_247	25940	633678	24.43	0	60
SCAF_247_region	25940	633678	24.43	0	60
SCAF_248	25895	5388	0.21	0	16
SCAF_248_region	25895	5388	0.21	0	16
SCAF_249	25885	12561	0.49	0	10
SCAF_249_region	25885	12561	0.49	0	10
SCAF_250	25884	402247	15.54	0	55
SCAF_250_region	25884	402247	15.54	0	55
SCAF_251	25874	53722	2.08	0	30
SCAF_251_region	25874	53722	2.08	0	30
SCAF_252	25864	1423	0.06	0	6
SCAF_252_region	25864	1423	0.06	0	6
SCAF_253	25825	4300	0.17	0	7
SCAF_253_region	25825	4300	0.17	0	7
SCAF_254	25798	43382	1.68	0	45
SCAF_254_region	25798	43382	1.68	0	45
SCAF_255	25728	3020	0.12	0	25
SCAF_255_region	25728	3020	0.12	0	25
SCAF_256	25725	36731	1.43	0	21
SCAF_256_region	25725	36731	1.43	0	21
SCAF_257	25720	287499	11.18	0	49
SCAF_257_region	25720	287499	11.18	0	49
SCAF_258	25700	54904	2.14	0	192
SCAF_258_region	25700	54904	2.14	0	192
SCAF_259	25645	66458	2.59	0	74
SCAF_259_region	25645	66458	2.59	0	74
SCAF_260	25595	327855	12.81	0	78
SCAF_260_region	25595	327855	12.81	0	78
SCAF_261	25593	7950	0.31	0	16
SCAF_261_region	25593	7950	0.31	0	16
SCAF_262	25592	4761	0.19	0	9
SCAF_262_region	25592	4761	0.19	0	9
SCAF_263	25481	47612	1.87	0	37
SCAF_263_region	25481	47612	1.87	0	37
SCAF_264	25444	556422	21.87	0	56
SCAF_264_region	25444	556422	21.87	0	56
SCAF_265	25436	7726	0.30	0	33
SCAF_265_region	25436	7726	0.30	0	33
SCAF_266	25377	84150	3.32	0	22
SCAF_266_region	25377	84150	3.32	0	22
SCAF_267	25340	551786	21.78	0	45
SCAF_267_region	25340	551786	21.78	0	45
SCAF_268	25329	78172	3.09	0	50
SCAF_268_region	25329	78172	3.09	0	50
SCAF_269	25264	38847	1.54	0	21
SCAF_269_region	25264	38847	1.54	0	21
SCAF_270	25225	10799	0.43	0	16
SCAF_270_region	25225	10799	0.43	0	16
SCAF_271	25206	17119	0.68	0	12
SCAF_271_region	25206	17119	0.68	0	12
SCAF_272	25161	102584	4.08	0	69
SCAF_272_region	25161	102584	4.08	0	69
SCAF_273	25090	37690	1.50	0	14
SCAF_273_region	25090	37690	1.50	0	14
SCAF_274	24834	4837	0.19	0	18
SCAF_274_region	24834	4837	0.19	0	18
SCAF_275	24832	2101860	84.64	0	1094
SCAF_275_region	24832	2101860	84.64	0	1094
SCAF_276	24811	158794	6.40	0	137
SCAF_276_region	24811	158794	6.40	0	137
SCAF_277	24713	286036	11.57	0	199
SCAF_277_region	24713	286036	11.57	0	199
SCAF_278	24673	17120	0.69	0	28
SCAF_278_region	24673	17120	0.69	0	28
SCAF_279	24542	5440	0.22	0	11
SCAF_279_region	24542	5440	0.22	0	11
SCAF_280	24528	61363	2.50	0	34
SCAF_280_region	24528	61363	2.50	0	34
SCAF_281	24435	2001	0.08	0	9
SCAF_281_region	24435	2001	0.08	0	9
SCAF_282	24359	14049	0.58	0	39
SCAF_282_region	24359	14049	0.58	0	39
SCAF_283	24173	333612	13.80	0	43
SCAF_283_region	24173	333612	13.80	0	43
SCAF_284	24152	4372064	181.02	0	813
SCAF_284_region	24152	4372064	181.02	0	813
SCAF_285	24110	1101	0.05	0	2
SCAF_285_region	24110	1101	0.05	0	2
SCAF_286	24066	146356	6.08	0	310
SCAF_286_region	24066	146356	6.08	0	310
SCAF_287	23981	22032	0.92	0	57
SCAF_287_region	23981	22032	0.92	0	57
SCAF_288	23980	6025	0.25	0	16
SCAF_288_region	23980	6025	0.25	0	16
SCAF_289	23950	64972	2.71	0	32
SCAF_289_region	23950	64972	2.71	0	32
SCAF_290	23945	75313	3.15	0	42
SCAF_290_region	23945	75313	3.15	0	42
SCAF_291	23886	1314	0.06	0	2
SCAF_291_region	23886	1314	0.06	0	2
SCAF_292	23860	54508	2.28	0	27
SCAF_292_region	23860	54508	2.28	0	27
SCAF_293	23814	8038	0.34	0	8
SCAF_293_region	23814	8038	0.34	0	8
SCAF_294	23796	31110	1.31	0	44
SCAF_294_region	23796	31110	1.31	0	44
SCAF_295	23767	9019	0.38	0	15
SCAF_295_region	23767	9019	0.38	0	15
SCAF_296	23762	169559	7.14	0	1538
SCAF_296_region	23762	169559	7.14	0	1538
SCAF_297	23695	87780	3.70	0	41
SCAF_297_region	23695	87780	3.70	0	41
SCAF_298	23666	2486	0.11	0	12
SCAF_298_region	23666	2486	0.11	0	12
SCAF_299	23648	96758	4.09	0	213
SCAF_299_region	23648	96758	4.09	0	213
SCAF_300	23643	6518826	275.72	0	1342
SCAF_300_region	23643	6518826	275.72	0	1342
SCAF_301	23638	23939	1.01	0	11
SCAF_301_region	23638	23939	1.01	0	11
SCAF_302	23633	22965	0.97	0	39
SCAF_302_region	23633	22965	0.97	0	39
SCAF_303	23629	5424	0.23	0	5
SCAF_303_region	23629	5424	0.23	0	5
SCAF_304	23571	155095	6.58	0	90
SCAF_304_region	23571	155095	6.58	0	90
SCAF_305	23555	197937	8.40	0	34
SCAF_305_region	23555	197937	8.40	0	34
SCAF_306	23322	102454	4.39	0	122
SCAF_306_region	23322	102454	4.39	0	122
SCAF_307	23295	19672	0.84	0	20
SCAF_307_region	23295	19672	0.84	0	20
SCAF_308	23075	4492749	194.70	0	3362
SCAF_308_region	23075	4492749	194.70	0	3362
SCAF_309	23057	5232	0.23	0	15
SCAF_309_region	23057	5232	0.23	0	15
SCAF_310	23011	10818	0.47	0	15
SCAF_310_region	23011	10818	0.47	0	15
SCAF_311	22999	2344	0.10	0	18
SCAF_311_region	22999	2344	0.10	0	18
SCAF_312	22896	9340	0.41	0	10
SCAF_312_region	22896	9340	0.41	0	10
SCAF_313	22877	25357	1.11	0	9
SCAF_313_region	22877	25357	1.11	0	9
SCAF_314	22871	8022133	350.76	0	6253
SCAF_314_region	22871	8022133	350.76	0	6253
SCAF_315	22844	39579	1.73	0	337
SCAF_315_region	22844	39579	1.73	0	337
SCAF_316	22844	1409	0.06	0	5
SCAF_316_region	22844	1409	0.06	0	5
SCAF_317	22833	7308	0.32	0	7
SCAF_317_region	22833	7308	0.32	0	7
SCAF_318	22713	13978	0.62	0	10
SCAF_318_region	22713	13978	0.62	0	10
SCAF_319	22685	22367	0.99	0	18
SCAF_319_region	22685	22367	0.99	0	18
SCAF_320	22653	32689	1.44	0	18
SCAF_320_region	22653	32689	1.44	0	18
SCAF_321	22554	4302	0.19	0	9
SCAF_321_region	22554	4302	0.19	0	9
SCAF_322	22539	4732	0.21	0	11
SCAF_322_region	22539	4732	0.21	0	11
SCAF_323	22525	52296	2.32	0	52
SCAF_323_region	22525	52296	2.32	0	52
SCAF_324	22489	416213	18.51	0	55
SCAF_324_region	22489	416213	18.51	0	55
SCAF_325	22468	94462	4.20	0	38
SCAF_325_region	22468	94462	4.20	0	38
SCAF_326	22392	6960769	310.86	0	4303
SCAF_326_region	22392	6960769	310.86	0	4303
SCAF_327	22337	19343	0.87	0	24
SCAF_327_region	22337	19343	0.87	0	24
SCAF_328	22280	7028675	315.47	0	1551
SCAF_328_region	22280	7028675	315.47	0	1551
SCAF_329	22245	28598	1.29	0	16
SCAF_329_region	22245	28598	1.29	0	16
SCAF_330	22040	34176	1.55	0	25
SCAF_330_region	22040	34176	1.55	0	25
SCAF_331	22029	1526	0.07	0	7
SCAF_331_region	22029	1526	0.07	0	7
SCAF_332	21923	2175	0.10	0	5
SCAF_332_region	21923	2175	0.10	0	5
SCAF_333	21867	39474	1.81	0	31
SCAF_333_region	21867	39474	1.81	0	31
SCAF_334	21813	6849	0.31	0	23
SCAF_334_region	21813	6849	0.31	0	23
SCAF_335	21800	224517	10.30	0	47
SCAF_335_region	21800	224517	10.30	0	47
SCAF_336	21691	25180	1.16	0	14
SCAF_336_region	21691	25180	1.16	0	14
SCAF_337	21675	28501	1.31	0	23
SCAF_337_region	21675	28501	1.31	0	23
SCAF_338	21621	18757	0.87	0	34
SCAF_338_region	21621	18757	0.87	0	34
SCAF_339	21529	18855	0.88	0	35
SCAF_339_region	21529	18855	0.88	0	35
SCAF_340	21472	45794	2.13	0	22
SCAF_340_region	21472	45794	2.13	0	22
SCAF_341	21449	3531	0.16	0	7
SCAF_341_region	21449	3531	0.16	0	7
SCAF_342	21444	242873	11.33	0	461
SCAF_342_region	21444	242873	11.33	0	461
SCAF_343	21365	3688	0.17	0	8
SCAF_343_region	21365	3688	0.17	0	8
SCAF_344	21355	202133	9.47	0	36
SCAF_344_region	21355	202133	9.47	0	36
SCAF_345	21334	6707	0.31	0	11
SCAF_345_region	21334	6707	0.31	0	11
SCAF_346	21294	4915844	230.86	0	847
SCAF_346_region	21294	4915844	230.86	0	847
SCAF_347	21288	2599	0.12	0	9
SCAF_347_region	21288	2599	0.12	0	9
SCAF_348	21209	74240	3.50	0	55
SCAF_348_region	21209	74240	3.50	0	55
SCAF_349	21199	3221	0.15	0	8
SCAF_349_region	21199	3221	0.15	0	8
SCAF_350	21189	11390	0.54	0	47
SCAF_350_region	21189	11390	0.54	0	47
SCAF_351	21106	334403	15.84	0	44
SCAF_351_region	21106	334403	15.84	0	44
SCAF_352	21098	42058	1.99	0	50
SCAF_352_region	21098	42058	1.99	0	50
SCAF_353	21078	24422	1.16	0	31
SCAF_353_region	21078	24422	1.16	0	31
SCAF_354	20991	11431	0.54	0	25
SCAF_354_region	20991	11431	0.54	0	25
SCAF_355	20981	5038	0.24	0	17
SCAF_355_region	20981	5038	0.24	0	17
SCAF_356	20980	6951	0.33	0	12
SCAF_356_region	20980	6951	0.33	0	12
SCAF_357	20976	39613	1.89	0	32
SCAF_357_region	20976	39613	1.89	0	32
SCAF_358	20871	12048	0.58	0	14
SCAF_358_region	20871	12048	0.58	0	14
SCAF_359	20831	23386	1.12	0	13
SCAF_359_region	20831	23386	1.12	0	13
SCAF_360	20777	27878	1.34	0	50
SCAF_360_region	20777	27878	1.34	0	50
SCAF_361	20737	77685	3.75	0	29
SCAF_361_region	20737	77685	3.75	0	29
SCAF_362	20702	430888	20.81	0	60
SCAF_362_region	20702	430888	20.81	0	60
SCAF_363	20586	1778	0.09	0	5
SCAF_363_region	20586	1778	0.09	0	5
SCAF_364	20574	63457	3.08	0	92
SCAF_364_region	20574	63457	3.08	0	92
SCAF_365	20553	15779	0.77	0	36
SCAF_365_region	20553	15779	0.77	0	36
SCAF_366	20522	4148	0.20	0	6
SCAF_366_region	20522	4148	0.20	0	6
SCAF_367	20517	17100	0.83	0	17
SCAF_367_region	20517	17100	0.83	0	17
SCAF_368	20452	201299	9.84	0	41
SCAF_368_region	20452	201299	9.84	0	41
SCAF_369	20438	255754	12.51	0	51
SCAF_369_region	20438	255754	12.51	0	51
SCAF_370	20350	21041	1.03	0	25
SCAF_370_region	20350	21041	1.03	0	25
SCAF_371	20349	28806	1.42	0	149
SCAF_371_region	20349	28806	1.42	0	149
SCAF_372	20285	19872	0.98	0	20
SCAF_372_region	20285	19872	0.98	0	20
SCAF_373	20282	121935	6.01	0	148
SCAF_373_region	20282	121935	6.01	0	148
SCAF_374	20282	5005894	246.81	0	1151
SCAF_374_region	20282	5005894	246.81	0	1151
SCAF_375	20179	149693	7.42	0	135
SCAF_375_region	20179	149693	7.42	0	135
SCAF_376	20174	8868	0.44	0	7
SCAF_376_region	20174	8868	0.44	0	7
SCAF_377	20160	7279	0.36	0	14
SCAF_377_region	20160	7279	0.36	0	14
SCAF_378	20157	3484087	172.85	0	1054
SCAF_378_region	20157	3484087	172.85	0	1054
SCAF_379	20150	167227	8.30	0	28
SCAF_379_region	20150	167227	8.30	0	28
SCAF_380	20140	24729	1.23	0	64
SCAF_380_region	20140	24729	1.23	0	64
SCAF_381	20082	4698	0.23	0	8
SCAF_381_region	20082	4698	0.23	0	8
SCAF_382	20068	3703	0.18	0	12
SCAF_382_region	20068	3703	0.18	0	12
SCAF_383	20052	7204	0.36	0	9
SCAF_383_region	20052	7204	0.36	0	9
SCAF_384	20039	247089	12.33	0	49
SCAF_384_region	20039	247089	12.33	0	49
SCAF_385	20036	68833	3.44	0	31
SCAF_385_region	20036	68833	3.44	0	31
SCAF_386	20004	6771	0.34	0	6
SCAF_386_region	20004	6771	0.34	0	6
SCAF_387	19967	36922	1.85	0	28
SCAF_387_region	19967	36922	1.85	0	28
SCAF_388	19953	145697	7.30	0	48
SCAF_388_region	19953	145697	7.30	0	48
SCAF_389	19874	32062	1.61	0	19
SCAF_389_region	19874	32062	1.61	0	19
SCAF_390	19870	3381684	170.19	0	2045
SCAF_390_region	19870	3381684	170.19	0	2045
SCAF_391	19819	10197	0.51	0	26
SCAF_391_region	19819	10197	0.51	0	26
SCAF_392	19814	30994	1.56	0	28
SCAF_392_region	19814	30994	1.56	0	28
SCAF_393	19805	37116	1.87	0	27
SCAF_393_region	19805	37116	1.87	0	27
SCAF_394	19796	7329	0.37	0	6
SCAF_394_region	19796	7329	0.37	0	6
SCAF_395	19788	12347738	624.00	0	4220
SCAF_395_region	19788	12347738	624.00	0	4220
SCAF_396	19769	36498	1.85	0	19
SCAF_396_region	19769	36498	1.85	0	19
SCAF_397	19737	102914	5.21	0	32
SCAF_397_region	19737	102914	5.21	0	32
SCAF_398	19694	175298	8.90	0	45
SCAF_398_region	19694	175298	8.90	0	45
SCAF_399	19627	6661	0.34	0	14
SCAF_399_region	19627	6661	0.34	0	14
SCAF_400	19559	71923	3.68	0	47
SCAF_400_region	19559	71923	3.68	0	47
SCAF_401	19529	37488	1.92	0	24
SCAF_401_region	19529	37488	1.92	0	24
SCAF_402	19485	10863	0.56	0	13
SCAF_402_region	19485	10863	0.56	0	13
SCAF_403	19440	37149	1.91	0	32
SCAF_403_region	19440	37149	1.91	0	32
SCAF_404	19429	29642	1.53	0	19
SCAF_404_region	19429	29642	1.53	0	19
SCAF_405	19412	16691	0.86	0	23
SCAF_405_region	19412	16691	0.86	0	23
SCAF_406	19412	42521	2.19	0	41
SCAF_406_region	19412	42521	2.19	0	41
SCAF_407	19392	36381	1.88	0	23
SCAF_407_region	19392	36381	1.88	0	23
SCAF_408	19383	1289	0.07	0	4
SCAF_408_region	19383	1289	0.07	0	4
SCAF_409	19350	8029	0.41	0	8
SCAF_409_region	19350	8029	0.41	0	8
SCAF_410	19334	4284	0.22	0	9
SCAF_410_region	19334	4284	0.22	0	9
SCAF_411	19319	814	0.04	0	2
SCAF_411_region	19319	814	0.04	0	2
SCAF_412	19298	333267	17.27	0	51
SCAF_412_region	19298	333267	17.27	0	51
SCAF_413	19281	263269	13.65	0	50
SCAF_413_region	19281	263269	13.65	0	50
SCAF_414	19250	71712	3.73	0	25
SCAF_414_region	19250	71712	3.73	0	25
SCAF_415	19240	39098	2.03	0	31
SCAF_415_region	19240	39098	2.03	0	31
SCAF_416	19198	60997	3.18	0	62
SCAF_416_region	19198	60997	3.18	0	62
SCAF_417	19156	2579	0.13	0	11
SCAF_417_region	19156	2579	0.13	0	11
SCAF_418	19069	3606325	189.12	0	745
SCAF_418_region	19069	3606325	189.12	0	745
SCAF_419	19061	72675	3.81	0	21
SCAF_419_region	19061	72675	3.81	0	21
SCAF_420	19040	5979	0.31	0	13
SCAF_420_region	19040	5979	0.31	0	13
SCAF_421	19012	6604	0.35	0	4
SCAF_421_region	19012	6604	0.35	0	4
SCAF_422	18950	279089	14.73	0	106
SCAF_422_region	18950	279089	14.73	0	106
SCAF_423	18945	15806	0.83	0	15
SCAF_423_region	18945	15806	0.83	0	15
SCAF_424	18943	15715	0.83	0	52
SCAF_424_region	18943	15715	0.83	0	52
SCAF_425	18932	114479	6.05	0	35
SCAF_425_region	18932	114479	6.05	0	35
SCAF_426	18882	32656	1.73	0	16
SCAF_426_region	18882	32656	1.73	0	16
SCAF_427	18874	53665	2.84	0	74
SCAF_427_region	18874	53665	2.84	0	74
SCAF_428	18866	1847779	97.94	0	931
SCAF_428_region	18866	1847779	97.94	0	931
SCAF_429	18866	30761	1.63	0	14
SCAF_429_region	18866	30761	1.63	0	14
SCAF_430	18815	4255	0.23	0	11
SCAF_430_region	18815	4255	0.23	0	11
SCAF_431	18805	260495	13.85	0	38
SCAF_431_region	18805	260495	13.85	0	38
SCAF_432	18790	179244	9.54	0	52
SCAF_432_region	18790	179244	9.54	0	52
SCAF_433	18773	7515	0.40	0	15
SCAF_433_region	18773	7515	0.40	0	15
SCAF_434	18766	31733	1.69	0	21
SCAF_434_region	18766	31733	1.69	0	21
SCAF_435	18753	152207	8.12	0	57
SCAF_435_region	18753	152207	8.12	0	57
SCAF_436	18746	397512	21.21	0	85
SCAF_436_region	18746	397512	21.21	0	85
SCAF_437	18721	36133	1.93	0	27
SCAF_437_region	18721	36133	1.93	0	27
SCAF_438	18669	19045	1.02	0	23
SCAF_438_region	18669	19045	1.02	0	23
SCAF_439	18588	88692	4.77	0	185
SCAF_439_region	18588	88692	4.77	0	185
SCAF_440	18561	28537	1.54	0	330
SCAF_440_region	18561	28537	1.54	0	330
SCAF_441	18530	95364	5.15	0	59
SCAF_441_region	18530	95364	5.15	0	59
SCAF_442	18489	5204	0.28	0	6
SCAF_442_region	18489	5204	0.28	0	6
SCAF_443	18479	33290	1.80	0	34
SCAF_443_region	18479	33290	1.80	0	34
SCAF_444	18424	123036	6.68	0	33
SCAF_444_region	18424	123036	6.68	0	33
SCAF_445	18396	5912	0.32	0	11
SCAF_445_region	18396	5912	0.32	0	11
SCAF_446	18392	253387	13.78	0	44
SCAF_446_region	18392	253387	13.78	0	44
SCAF_447	18255	28196	1.54	0	20
SCAF_447_region	18255	28196	1.54	0	20
SCAF_448	18252	234466	12.85	0	35
SCAF_448_region	18252	234466	12.85	0	35
SCAF_449	18248	3698	0.20	0	4
SCAF_449_region	18248	3698	0.20	0	4
SCAF_450	18208	22252	1.22	0	34
SCAF_450_region	18208	22252	1.22	0	34
SCAF_451	18202	191543	10.52	0	167
SCAF_451_region	18202	191543	10.52	0	167
SCAF_452	18192	17001	0.93	0	12
SCAF_452_region	18192	17001	0.93	0	12
SCAF_453	18150	11192	0.62	0	24
SCAF_453_region	18150	11192	0.62	0	24
SCAF_454	18134	3955	0.22	0	11
SCAF_454_region	18134	3955	0.22	0	11
SCAF_455	18114	1858	0.10	0	23
SCAF_455_region	18114	1858	0.10	0	23
SCAF_456	18112	3318	0.18	0	7
SCAF_456_region	18112	3318	0.18	0	7
SCAF_457	18054	341948	18.94	0	70
SCAF_457_region	18054	341948	18.94	0	70
SCAF_458	18006	4770	0.26	0	7
SCAF_458_region	18006	4770	0.26	0	7
SCAF_459	18000	2741	0.15	0	9
SCAF_459_region	18000	2741	0.15	0	9
SCAF_460	17967	42533	2.37	0	28
SCAF_460_region	17967	42533	2.37	0	28
SCAF_461	17943	6539	0.36	0	8
SCAF_461_region	17943	6539	0.36	0	8
SCAF_462	17929	237691	13.26	0	219
SCAF_462_region	17929	237691	13.26	0	219
SCAF_463	17921	1531	0.09	0	4
SCAF_463_region	17921	1531	0.09	0	4
SCAF_464	17913	6202	0.35	0	14
SCAF_464_region	17913	6202	0.35	0	14
SCAF_465	17912	2093	0.12	0	4
SCAF_465_region	17912	2093	0.12	0	4
SCAF_466	17886	77180	4.32	0	28
SCAF_466_region	17886	77180	4.32	0	28
SCAF_467	17859	10987	0.62	0	86
SCAF_467_region	17859	10987	0.62	0	86
SCAF_468	17837	18767	1.05	0	49
SCAF_468_region	17837	18767	1.05	0	49
SCAF_469	17802	1727	0.10	0	15
SCAF_469_region	17802	1727	0.10	0	15
SCAF_470	17776	44370	2.50	0	38
SCAF_470_region	17776	44370	2.50	0	38
SCAF_471	17682	25644	1.45	0	9
SCAF_471_region	17682	25644	1.45	0	9
SCAF_472	17646	121410	6.88	0	59
SCAF_472_region	17646	121410	6.88	0	59
SCAF_473	17646	136031	7.71	0	29
SCAF_473_region	17646	136031	7.71	0	29
SCAF_474	17642	3783398	214.45	0	772
SCAF_474_region	17642	3783398	214.45	0	772
SCAF_475	17613	14716	0.84	0	205
SCAF_475_region	17613	14716	0.84	0	205
SCAF_476	17602	29823	1.69	0	346
SCAF_476_region	17602	29823	1.69	0	346
SCAF_477	17571	837	0.05	0	4
SCAF_477_region	17571	837	0.05	0	4
SCAF_478	17535	5303	0.30	0	26
SCAF_478_region	17535	5303	0.30	0	26
SCAF_479	17528	26161	1.49	0	115
SCAF_479_region	17528	26161	1.49	0	115
SCAF_480	17503	5023	0.29	0	7
SCAF_480_region	17503	5023	0.29	0	7
SCAF_481	17502	10371	0.59	0	21
SCAF_481_region	17502	10371	0.59	0	21
SCAF_482	17480	9486	0.54	0	12
SCAF_482_region	17480	9486	0.54	0	12
SCAF_483	17476	9836	0.56	0	12
SCAF_483_region	17476	9836	0.56	0	12
SCAF_484	17457	307069	17.59	0	779
SCAF_484_region	17457	307069	17.59	0	779
SCAF_485	17386	8348	0.48	0	14
SCAF_485_region	17386	8348	0.48	0	14
SCAF_486	17362	6718	0.39	0	5
SCAF_486_region	17362	6718	0.39	0	5
SCAF_487	17332	3768	0.22	0	14
SCAF_487_region	17332	3768	0.22	0	14
SCAF_488	17327	5331	0.31	0	7
SCAF_488_region	17327	5331	0.31	0	7
SCAF_489	17303	3798	0.22	0	7
SCAF_489_region	17303	3798	0.22	0	7
SCAF_490	17273	24709	1.43	0	17
SCAF_490_region	17273	24709	1.43	0	17
SCAF_491	17245	124185	7.20	0	164
SCAF_491_region	17245	124185	7.20	0	164
SCAF_492	17239	22163	1.29	0	23
SCAF_492_region	17239	22163	1.29	0	23
SCAF_493	17219	5480	0.32	0	5
SCAF_493_region	17219	5480	0.32	0	5
SCAF_494	17218	2390	0.14	0	3
SCAF_494_region	17218	2390	0.14	0	3
SCAF_495	17211	22764	1.32	0	21
SCAF_495_region	17211	22764	1.32	0	21
SCAF_496	17198	25438	1.48	0	122
SCAF_496_region	17198	25438	1.48	0	122
SCAF_497	17190	980	0.06	0	4
SCAF_497_region	17190	980	0.06	0	4
SCAF_498	17162	96598	5.63	0	30
SCAF_498_region	17162	96598	5.63	0	30
SCAF_499	17147	4096	0.24	0	12
SCAF_499_region	17147	4096	0.24	0	12
SCAF_500	17144	20105	1.17	0	8
SCAF_500_region	17144	20105	1.17	0	8
SCAF_501	17142	11234	0.66	0	5
SCAF_501_region	17142	11234	0.66	0	5
SCAF_502	17124	79926	4.67	0	41
SCAF_502_region	17124	79926	4.67	0	41
SCAF_503	17118	263358	15.38	0	95
SCAF_503_region	17118	263358	15.38	0	95
SCAF_504	17076	60565	3.55	0	29
SCAF_504_region	17076	60565	3.55	0	29
SCAF_505	17047	2718842	159.49	0	747
SCAF_505_region	17047	2718842	159.49	0	747
SCAF_506	17043	112986	6.63	0	138
SCAF_506_region	17043	112986	6.63	0	138
SCAF_507	17035	43339	2.54	0	57
SCAF_507_region	17035	43339	2.54	0	57
SCAF_508	17021	49425	2.90	0	46
SCAF_508_region	17021	49425	2.90	0	46
SCAF_509	16971	6778	0.40	0	14
SCAF_509_region	16971	6778	0.40	0	14
SCAF_510	16897	255032	15.09	0	41
SCAF_510_region	16897	255032	15.09	0	41
SCAF_511	16849	3817	0.23	0	6
SCAF_511_region	16849	3817	0.23	0	6
SCAF_512	16807	6430	0.38	0	10
SCAF_512_region	16807	6430	0.38	0	10
SCAF_513	16787	1557	0.09	0	7
SCAF_513_region	16787	1557	0.09	0	7
SCAF_514	16784	4818	0.29	0	11
SCAF_514_region	16784	4818	0.29	0	11
SCAF_515	16776	7907	0.47	0	22
SCAF_515_region	16776	7907	0.47	0	22
SCAF_516	16745	1256	0.08	0	8
SCAF_516_region	16745	1256	0.08	0	8
SCAF_517	16741	3637	0.22	0	6
SCAF_517_region	16741	3637	0.22	0	6
SCAF_518	16733	243244	14.54	0	42
SCAF_518_region	16733	243244	14.54	0	42
SCAF_519	16710	28518	1.71	0	28
SCAF_519_region	16710	28518	1.71	0	28
SCAF_520	16702	4051022	242.55	0	3687
SCAF_520_region	16702	4051022	242.55	0	3687
SCAF_521	16701	4355	0.26	0	9
SCAF_521_region	16701	4355	0.26	0	9
SCAF_522	16645	9805	0.59	0	16
SCAF_522_region	16645	9805	0.59	0	16
SCAF_523	16623	4130	0.25	0	6
SCAF_523_region	16623	4130	0.25	0	6
SCAF_524	16568	5510	0.33	0	9
SCAF_524_region	16568	5510	0.33	0	9
SCAF_525	16548	35411	2.14	0	43
SCAF_525_region	16548	35411	2.14	0	43
SCAF_526	16541	8870	0.54	0	13
SCAF_526_region	16541	8870	0.54	0	13
SCAF_527	16518	2715959	164.42	0	1156
SCAF_527_region	16518	2715959	164.42	0	1156
SCAF_528	16510	29923	1.81	0	40
SCAF_528_region	16510	29923	1.81	0	40
SCAF_529	16492	37315	2.26	0	34
SCAF_529_region	16492	37315	2.26	0	34
SCAF_530	16462	82820	5.03	0	36
SCAF_530_region	16462	82820	5.03	0	36
SCAF_531	16461	879	0.05	0	6
SCAF_531_region	16461	879	0.05	0	6
SCAF_532	16447	36482	2.22	0	22
SCAF_532_region	16447	36482	2.22	0	22
SCAF_533	16383	66620	4.07	0	31
SCAF_533_region	16383	66620	4.07	0	31
SCAF_534	16345	40011	2.45	0	27
SCAF_534_region	16345	40011	2.45	0	27
SCAF_535	16343	5891	0.36	0	16
SCAF_535_region	16343	5891	0.36	0	16
SCAF_536	16333	21034	1.29	0	15
SCAF_536_region	16333	21034	1.29	0	15
SCAF_537	16287	226979	13.94	0	40
SCAF_537_region	16287	226979	13.94	0	40
SCAF_538	16266	19288	1.19	0	17
SCAF_538_region	16266	19288	1.19	0	17
SCAF_539	16246	1202	0.07	0	4
SCAF_539_region	16246	1202	0.07	0	4
SCAF_540	16245	29293	1.80	0	26
SCAF_540_region	16245	29293	1.80	0	26
SCAF_541	16215	26148	1.61	0	17
SCAF_541_region	16215	26148	1.61	0	17
SCAF_542	16208	16727	1.03	0	20
SCAF_542_region	16208	16727	1.03	0	20
SCAF_543	16160	20126	1.25	0	24
SCAF_543_region	16160	20126	1.25	0	24
SCAF_544	16140	983	0.06	0	2
SCAF_544_region	16140	983	0.06	0	2
SCAF_545	16102	6393	0.40	0	12
SCAF_545_region	16102	6393	0.40	0	12
SCAF_546	16083	6405	0.40	0	14
SCAF_546_region	16083	6405	0.40	0	14
SCAF_547	16037	3416	0.21	0	11
SCAF_547_region	16037	3416	0.21	0	11
SCAF_548	16034	101636	6.34	0	41
SCAF_548_region	16034	101636	6.34	0	41
SCAF_549	16030	62477	3.90	0	35
SCAF_549_region	16030	62477	3.90	0	35
SCAF_550	16027	4664	0.29	0	13
SCAF_550_region	16027	4664	0.29	0	13
SCAF_551	15990	147360	9.22	0	41
SCAF_551_region	15990	147360	9.22	0	41
SCAF_552	15913	450636	28.32	0	56
SCAF_552_region	15913	450636	28.32	0	56
SCAF_553	15906	5511	0.35	0	8
SCAF_553_region	15906	5511	0.35	0	8
SCAF_554	15898	4306	0.27	0	9
SCAF_554_region	15898	4306	0.27	0	9
SCAF_555	15891	3046	0.19	0	7
SCAF_555_region	15891	3046	0.19	0	7
SCAF_556	15885	3592	0.23	0	8
SCAF_556_region	15885	3592	0.23	0	8
SCAF_557	15855	4705	0.30	0	8
SCAF_557_region	15855	4705	0.30	0	8
SCAF_558	15839	16069	1.01	0	23
SCAF_558_region	15839	16069	1.01	0	23
SCAF_559	15827	6236	0.39	0	8
SCAF_559_region	15827	6236	0.39	0	8
SCAF_560	15823	51037	3.23	0	55
SCAF_560_region	15823	51037	3.23	0	55
SCAF_561	15791	4807	0.30	0	13
SCAF_561_region	15791	4807	0.30	0	13
SCAF_562	15777	2350891	149.01	0	455
SCAF_562_region	15777	2350891	149.01	0	455
SCAF_563	15776	41077	2.60	0	23
SCAF_563_region	15776	41077	2.60	0	23
SCAF_564	15761	11514	0.73	0	29
SCAF_564_region	15761	11514	0.73	0	29
SCAF_565	15717	2647	0.17	0	5
SCAF_565_region	15717	2647	0.17	0	5
SCAF_566	15706	1755	0.11	0	15
SCAF_566_region	15706	1755	0.11	0	15
SCAF_567	15696	4918	0.31	0	10
SCAF_567_region	15696	4918	0.31	0	10
SCAF_568	15657	4167	0.27	0	4
SCAF_568_region	15657	4167	0.27	0	4
SCAF_569	15650	37231	2.38	0	35
SCAF_569_region	15650	37231	2.38	0	35
SCAF_570	15646	74033	4.73	0	48
SCAF_570_region	15646	74033	4.73	0	48
SCAF_571	15619	887	0.06	0	11
SCAF_571_region	15619	887	0.06	0	11
SCAF_572	15612	46731	2.99	0	42
SCAF_572_region	15612	46731	2.99	0	42
SCAF_573	15605	4204	0.27	0	6
SCAF_573_region	15605	4204	0.27	0	6
SCAF_574	15575	12158	0.78	0	21
SCAF_574_region	15575	12158	0.78	0	21
SCAF_575	15573	8854	0.57	0	5
SCAF_575_region	15573	8854	0.57	0	5
SCAF_576	15571	79768	5.12	0	42
SCAF_576_region	15571	79768	5.12	0	42
SCAF_577	15544	2918	0.19	0	12
SCAF_577_region	15544	2918	0.19	0	12
SCAF_578	15521	558	0.04	0	10
SCAF_578_region	15521	558	0.04	0	10
SCAF_579	15497	14201	0.92	0	86
SCAF_579_region	15497	14201	0.92	0	86
SCAF_580	15481	5112	0.33	0	14
SCAF_580_region	15481	5112	0.33	0	14
SCAF_581	15458	73404	4.75	0	25
SCAF_581_region	15458	73404	4.75	0	25
SCAF_582	15439	53132	3.44	0	22
SCAF_582_region	15439	53132	3.44	0	22
SCAF_583	15421	89967	5.83	0	25
SCAF_583_region	15421	89967	5.83	0	25
SCAF_584	15337	25898	1.69	0	41
SCAF_584_region	15337	25898	1.69	0	41
SCAF_585	15336	25331	1.65	0	26
SCAF_585_region	15336	25331	1.65	0	26
SCAF_586	15301	126400	8.26	0	57
SCAF_586_region	15301	126400	8.26	0	57
SCAF_587	15300	1320534	86.31	0	4442
SCAF_587_region	15300	1320534	86.31	0	4442
SCAF_588	15298	5637	0.37	0	22
SCAF_588_region	15298	5637	0.37	0	22
SCAF_589	15238	49919	3.28	0	29
SCAF_589_region	15238	49919	3.28	0	29
SCAF_590	15205	292133	19.21	0	64
SCAF_590_region	15205	292133	19.21	0	64
SCAF_591	15162	162689	10.73	0	37
SCAF_591_region	15162	162689	10.73	0	37
SCAF_592	15154	8244	0.54	0	10
SCAF_592_region	15154	8244	0.54	0	10
SCAF_593	15087	22948	1.52	0	22
SCAF_593_region	15087	22948	1.52	0	22
SCAF_594	15082	104536	6.93	0	33
SCAF_594_region	15082	104536	6.93	0	33
SCAF_595	15055	262111	17.41	0	37
SCAF_595_region	15055	262111	17.41	0	37
SCAF_596	15045	3585	0.24	0	21
SCAF_596_region	15045	3585	0.24	0	21
SCAF_597	15030	13647	0.91	0	15
SCAF_597_region	15030	13647	0.91	0	15
SCAF_598	15027	21580	1.44	0	25
SCAF_598_region	15027	21580	1.44	0	25
SCAF_599	15000	240269	16.02	0	43
SCAF_599_region	15000	240269	16.02	0	43
SCAF_600	14995	43091	2.87	0	22
SCAF_600_region	14995	43091	2.87	0	22
SCAF_601	14985	66690	4.45	0	28
SCAF_601_region	14985	66690	4.45	0	28
SCAF_602	14930	6521	0.44	0	4
SCAF_602_region	14930	6521	0.44	0	4
SCAF_603	14898	1791	0.12	0	3
SCAF_603_region	14898	1791	0.12	0	3
SCAF_604	14863	3279	0.22	0	10
SCAF_604_region	14863	3279	0.22	0	10
SCAF_605	14840	14026	0.95	0	16
SCAF_605_region	14840	14026	0.95	0	16
SCAF_606	14808	813	0.05	0	3
SCAF_606_region	14808	813	0.05	0	3
SCAF_607	14807	142979	9.66	0	122
SCAF_607_region	14807	142979	9.66	0	122
SCAF_608	14785	47036	3.18	0	38
SCAF_608_region	14785	47036	3.18	0	38
SCAF_609	14742	225937	15.33	0	217
SCAF_609_region	14742	225937	15.33	0	217
SCAF_610	14738	32852	2.23	0	14
SCAF_610_region	14738	32852	2.23	0	14
SCAF_611	14737	162264	11.01	0	36
SCAF_611_region	14737	162264	11.01	0	36
SCAF_612	14712	2658667	180.71	0	606
SCAF_612_region	14712	2658667	180.71	0	606
SCAF_613	14708	43807	2.98	0	32
SCAF_613_region	14708	43807	2.98	0	32
SCAF_614	14694	826	0.06	0	13
SCAF_614_region	14694	826	0.06	0	13
SCAF_615	14684	15851	1.08	0	68
SCAF_615_region	14684	15851	1.08	0	68
SCAF_616	14676	539	0.04	0	4
SCAF_616_region	14676	539	0.04	0	4
SCAF_617	14662	21311	1.45	0	36
SCAF_617_region	14662	21311	1.45	0	36
SCAF_618	14658	3110	0.21	0	3
SCAF_618_region	14658	3110	0.21	0	3
SCAF_619	14650	75299	5.14	0	169
SCAF_619_region	14650	75299	5.14	0	169
SCAF_620	14639	10666	0.73	0	20
SCAF_620_region	14639	10666	0.73	0	20
SCAF_621	14614	114392	7.83	0	713
SCAF_621_region	14614	114392	7.83	0	713
SCAF_622	14596	27122	1.86	0	20
SCAF_622_region	14596	27122	1.86	0	20
SCAF_623	14590	42778	2.93	0	21
SCAF_623_region	14590	42778	2.93	0	21
SCAF_624	14581	2324	0.16	0	6
SCAF_624_region	14581	2324	0.16	0	6
SCAF_625	14547	26760	1.84	0	16
SCAF_625_region	14547	26760	1.84	0	16
SCAF_626	14527	32709	2.25	0	27
SCAF_626_region	14527	32709	2.25	0	27
SCAF_627	14523	3610	0.25	0	6
SCAF_627_region	14523	3610	0.25	0	6
SCAF_628	14498	63001	4.35	0	33
SCAF_628_region	14498	63001	4.35	0	33
SCAF_629	14453	3738	0.26	0	7
SCAF_629_region	14453	3738	0.26	0	7
SCAF_630	14414	21940	1.52	0	10
SCAF_630_region	14414	21940	1.52	0	10
SCAF_631	14395	1485	0.10	0	5
SCAF_631_region	14395	1485	0.10	0	5
SCAF_632	14385	7969	0.55	0	17
SCAF_632_region	14385	7969	0.55	0	17
SCAF_633	14371	21076	1.47	0	17
SCAF_633_region	14371	21076	1.47	0	17
SCAF_634	14371	10241	0.71	0	15
SCAF_634_region	14371	10241	0.71	0	15
SCAF_635	14280	59541	4.17	0	58
SCAF_635_region	14280	59541	4.17	0	58
SCAF_636	14276	23629	1.66	0	27
SCAF_636_region	14276	23629	1.66	0	27
SCAF_637	14236	129382	9.09	0	36
SCAF_637_region	14236	129382	9.09	0	36
SCAF_638	14229	4051	0.28	0	10
SCAF_638_region	14229	4051	0.28	0	10
SCAF_639	14202	948	0.07	0	4
SCAF_639_region	14202	948	0.07	0	4
SCAF_640	14111	54005	3.83	0	28
SCAF_640_region	14111	54005	3.83	0	28
SCAF_641	14088	6209	0.44	0	18
SCAF_641_region	14088	6209	0.44	0	18
SCAF_642	14005	4168	0.30	0	4
SCAF_642_region	14005	4168	0.30	0	4
SCAF_643	13977	1574956	112.68	0	648
SCAF_643_region	13977	1574956	112.68	0	648
SCAF_644	13890	18631	1.34	0	6
SCAF_644_region	13890	18631	1.34	0	6
SCAF_645	13875	3718	0.27	0	15
SCAF_645_region	13875	3718	0.27	0	15
SCAF_646	13874	207267	14.94	0	83
SCAF_646_region	13874	207267	14.94	0	83
SCAF_647	13848	3891	0.28	0	9
SCAF_647_region	13848	3891	0.28	0	9
SCAF_648	13847	7899	0.57	0	29
SCAF_648_region	13847	7899	0.57	0	29
SCAF_649	13838	57436	4.15	0	121
SCAF_649_region	13838	57436	4.15	0	121
SCAF_650	13812	3335	0.24	0	6
SCAF_650_region	13812	3335	0.24	0	6
SCAF_651	13758	217296	15.79	0	43
SCAF_651_region	13758	217296	15.79	0	43
SCAF_652	13727	20588	1.50	0	8
SCAF_652_region	13727	20588	1.50	0	8
SCAF_653	13703	3234	0.24	0	8
SCAF_653_region	13703	3234	0.24	0	8
SCAF_654	13701	1084	0.08	0	3
SCAF_654_region	13701	1084	0.08	0	3
SCAF_655	13677	3447	0.25	0	12
SCAF_655_region	13677	3447	0.25	0	12
SCAF_656	13622	4070	0.30	0	10
SCAF_656_region	13622	4070	0.30	0	10
SCAF_657	13584	4923	0.36	0	21
SCAF_657_region	13584	4923	0.36	0	21
SCAF_658	13583	4132	0.30	0	25
SCAF_658_region	13583	4132	0.30	0	25
SCAF_659	13535	3252	0.24	0	3
SCAF_659_region	13535	3252	0.24	0	3
SCAF_660	13535	4035	0.30	0	27
SCAF_660_region	13535	4035	0.30	0	27
SCAF_661	13499	10140	0.75	0	10
SCAF_661_region	13499	10140	0.75	0	10
SCAF_662	13464	15601	1.16	0	7
SCAF_662_region	13464	15601	1.16	0	7
SCAF_663	13438	42423	3.16	0	25
SCAF_663_region	13438	42423	3.16	0	25
SCAF_664	13385	2724464	203.55	0	797
SCAF_664_region	13385	2724464	203.55	0	797
SCAF_665	13357	1210	0.09	0	7
SCAF_665_region	13357	1210	0.09	0	7
SCAF_666	13330	2527	0.19	0	5
SCAF_666_region	13330	2527	0.19	0	5
SCAF_667	13327	74483	5.59	0	65
SCAF_667_region	13327	74483	5.59	0	65
SCAF_668	13319	59759	4.49	0	81
SCAF_668_region	13319	59759	4.49	0	81
SCAF_669	13303	10052	0.76	0	8
SCAF_669_region	13303	10052	0.76	0	8
SCAF_670	13293	4419	0.33	0	14
SCAF_670_region	13293	4419	0.33	0	14
SCAF_671	13288	166223	12.51	0	40
SCAF_671_region	13288	166223	12.51	0	40
SCAF_672	13266	6635	0.50	0	11
SCAF_672_region	13266	6635	0.50	0	11
SCAF_673	13189	3667	0.28	0	36
SCAF_673_region	13189	3667	0.28	0	36
SCAF_674	13149	56508	4.30	0	31
SCAF_674_region	13149	56508	4.30	0	31
SCAF_675	13128	41783	3.18	0	51
SCAF_675_region	13128	41783	3.18	0	51
SCAF_676	13120	110172	8.40	0	36
SCAF_676_region	13120	110172	8.40	0	36
SCAF_677	13080	41424	3.17	0	290
SCAF_677_region	13080	41424	3.17	0	290
SCAF_678	13050	504	0.04	0	6
SCAF_678_region	13050	504	0.04	0	6
SCAF_679	13043	16830	1.29	0	37
SCAF_679_region	13043	16830	1.29	0	37
SCAF_680	13008	11404	0.88	0	13
SCAF_680_region	13008	11404	0.88	0	13
SCAF_681	13001	15393	1.18	0	38
SCAF_681_region	13001	15393	1.18	0	38
SCAF_682	12997	154822	11.91	0	36
SCAF_682_region	12997	154822	11.91	0	36
SCAF_683	12986	2907	0.22	0	5
SCAF_683_region	12986	2907	0.22	0	5
SCAF_684	12871	18904	1.47	0	22
SCAF_684_region	12871	18904	1.47	0	22
SCAF_685	12842	1677	0.13	0	4
SCAF_685_region	12842	1677	0.13	0	4
SCAF_686	12830	4212	0.33	0	12
SCAF_686_region	12830	4212	0.33	0	12
SCAF_687	12781	4983	0.39	0	14
SCAF_687_region	12781	4983	0.39	0	14
SCAF_688	12768	160686	12.59	0	80
SCAF_688_region	12768	160686	12.59	0	80
SCAF_689	12768	3940	0.31	0	6
SCAF_689_region	12768	3940	0.31	0	6
SCAF_690	12764	25268	1.98	0	19
SCAF_690_region	12764	25268	1.98	0	19
SCAF_691	12677	1421	0.11	0	6
SCAF_691_region	12677	1421	0.11	0	6
SCAF_692	12675	1567	0.12	0	18
SCAF_692_region	12675	1567	0.12	0	18
SCAF_693	12651	27721	2.19	0	16
SCAF_693_region	12651	27721	2.19	0	16
SCAF_694	12646	35998	2.85	0	30
SCAF_694_region	12646	35998	2.85	0	30
SCAF_695	12643	182470	14.43	0	38
SCAF_695_region	12643	182470	14.43	0	38
SCAF_696	12633	15159	1.20	0	8
SCAF_696_region	12633	15159	1.20	0	8
SCAF_697	12625	3432	0.27	0	30
SCAF_697_region	12625	3432	0.27	0	30
SCAF_698	12617	218789	17.34	0	145
SCAF_698_region	12617	218789	17.34	0	145
SCAF_699	12540	20215	1.61	0	19
SCAF_699_region	12540	20215	1.61	0	19
SCAF_700	12515	375	0.03	0	6
SCAF_700_region	12515	375	0.03	0	6
SCAF_701	12482	857	0.07	0	4
SCAF_701_region	12482	857	0.07	0	4
SCAF_702	12461	34249	2.75	0	45
SCAF_702_region	12461	34249	2.75	0	45
SCAF_703	12456	121819	9.78	0	123
SCAF_703_region	12456	121819	9.78	0	123
SCAF_704	12456	11268	0.90	0	24
SCAF_704_region	12456	11268	0.90	0	24
SCAF_705	12358	22623	1.83	0	23
SCAF_705_region	12358	22623	1.83	0	23
SCAF_706	12350	216981	17.57	0	48
SCAF_706_region	12350	216981	17.57	0	48
SCAF_707	12343	1621	0.13	0	3
SCAF_707_region	12343	1621	0.13	0	3
SCAF_708	12333	685	0.06	0	3
SCAF_708_region	12333	685	0.06	0	3
SCAF_709	12319	3290609	267.12	0	3195
SCAF_709_region	12319	3290609	267.12	0	3195
SCAF_710	12288	4190	0.34	0	14
SCAF_710_region	12288	4190	0.34	0	14
SCAF_711	12252	282054	23.02	0	56
SCAF_711_region	12252	282054	23.02	0	56
SCAF_712	12218	186954	15.30	0	290
SCAF_712_region	12218	186954	15.30	0	290
SCAF_713	12177	268651	22.06	0	45
SCAF_713_region	12177	268651	22.06	0	45
SCAF_714	12167	9684	0.80	0	17
SCAF_714_region	12167	9684	0.80	0	17
SCAF_715	12163	818	0.07	0	3
SCAF_715_region	12163	818	0.07	0	3
SCAF_716	12143	1897	0.16	0	12
SCAF_716_region	12143	1897	0.16	0	12
SCAF_717	12102	17291	1.43	0	13
SCAF_717_region	12102	17291	1.43	0	13
SCAF_718	12099	11089	0.92	0	37
SCAF_718_region	12099	11089	0.92	0	37
SCAF_719	12095	2194	0.18	0	5
SCAF_719_region	12095	2194	0.18	0	5
SCAF_720	12085	32812	2.72	0	18
SCAF_720_region	12085	32812	2.72	0	18
SCAF_721	12078	19956	1.65	0	8
SCAF_721_region	12078	19956	1.65	0	8
SCAF_722	12066	55782	4.62	0	64
SCAF_722_region	12066	55782	4.62	0	64
SCAF_723	12015	2818	0.23	0	8
SCAF_723_region	12015	2818	0.23	0	8
SCAF_724	12004	18599	1.55	0	10
SCAF_724_region	12004	18599	1.55	0	10
SCAF_725	11949	28509	2.39	0	29
SCAF_725_region	11949	28509	2.39	0	29
SCAF_726	11911	1402	0.12	0	23
SCAF_726_region	11911	1402	0.12	0	23
SCAF_727	11900	3657	0.31	0	16
SCAF_727_region	11900	3657	0.31	0	16
SCAF_728	11869	164550	13.86	0	150
SCAF_728_region	11869	164550	13.86	0	150
SCAF_729	11788	242879	20.60	0	48
SCAF_729_region	11788	242879	20.60	0	48
SCAF_730	11785	74762	6.34	0	23
SCAF_730_region	11785	74762	6.34	0	23
SCAF_731	11750	10133	0.86	0	22
SCAF_731_region	11750	10133	0.86	0	22
SCAF_732	11699	2118	0.18	0	8
SCAF_732_region	11699	2118	0.18	0	8
SCAF_733	11674	849	0.07	0	2
SCAF_733_region	11674	849	0.07	0	2
SCAF_734	11658	33867	2.91	0	38
SCAF_734_region	11658	33867	2.91	0	38
SCAF_735	11648	208513	17.90	0	44
SCAF_735_region	11648	208513	17.90	0	44
SCAF_736	11642	4546	0.39	0	8
SCAF_736_region	11642	4546	0.39	0	8
SCAF_737	11612	1154	0.10	0	9
SCAF_737_region	11612	1154	0.10	0	9
SCAF_738	11595	913	0.08	0	3
SCAF_738_region	11595	913	0.08	0	3
SCAF_739	11525	20451	1.77	0	128
SCAF_739_region	11525	20451	1.77	0	128
SCAF_740	11505	4516	0.39	0	9
SCAF_740_region	11505	4516	0.39	0	9
SCAF_741	11492	3119	0.27	0	14
SCAF_741_region	11492	3119	0.27	0	14
SCAF_742	11467	6778586	591.14	0	2498
SCAF_742_region	11467	6778586	591.14	0	2498
SCAF_743	11404	915	0.08	0	7
SCAF_743_region	11404	915	0.08	0	7
SCAF_744	11377	1134	0.10	0	3
SCAF_744_region	11377	1134	0.10	0	3
SCAF_745	11364	5448	0.48	0	16
SCAF_745_region	11364	5448	0.48	0	16
SCAF_746	11318	3198	0.28	0	3
SCAF_746_region	11318	3198	0.28	0	3
SCAF_747	11311	33043	2.92	0	178
SCAF_747_region	11311	33043	2.92	0	178
SCAF_748	11306	53708	4.75	0	128
SCAF_748_region	11306	53708	4.75	0	128
SCAF_749	11299	59036	5.22	0	45
SCAF_749_region	11299	59036	5.22	0	45
SCAF_750	11284	14098	1.25	0	20
SCAF_750_region	11284	14098	1.25	0	20
SCAF_751	11276	3973	0.35	0	8
SCAF_751_region	11276	3973	0.35	0	8
SCAF_752	11267	809	0.07	0	2
SCAF_752_region	11267	809	0.07	0	2
SCAF_753	11254	16142	1.43	0	8
SCAF_753_region	11254	16142	1.43	0	8
SCAF_754	11236	61075	5.44	0	31
SCAF_754_region	11236	61075	5.44	0	31
SCAF_755	11231	1233	0.11	0	3
SCAF_755_region	11231	1233	0.11	0	3
SCAF_756	11200	115689	10.33	0	32
SCAF_756_region	11200	115689	10.33	0	32
SCAF_757	11195	2019	0.18	0	6
SCAF_757_region	11195	2019	0.18	0	6
SCAF_758	11126	13980	1.26	0	9
SCAF_758_region	11126	13980	1.26	0	9
SCAF_759	11118	2117	0.19	0	4
SCAF_759_region	11118	2117	0.19	0	4
SCAF_760	11100	10715	0.97	0	12
SCAF_760_region	11100	10715	0.97	0	12
SCAF_761	11097	13277	1.20	0	6
SCAF_761_region	11097	13277	1.20	0	6
SCAF_762	11029	17342	1.57	0	13
SCAF_762_region	11029	17342	1.57	0	13
SCAF_763	11019	44621	4.05	0	28
SCAF_763_region	11019	44621	4.05	0	28
SCAF_764	10979	85766	7.81	0	137
SCAF_764_region	10979	85766	7.81	0	137
SCAF_765	10957	494	0.05	0	3
SCAF_765_region	10957	494	0.05	0	3
SCAF_766	10940	26273	2.40	0	30
SCAF_766_region	10940	26273	2.40	0	30
SCAF_767	10913	16943	1.55	0	18
SCAF_767_region	10913	16943	1.55	0	18
SCAF_768	10886	83010	7.63	0	39
SCAF_768_region	10886	83010	7.63	0	39
SCAF_769	10867	2882	0.27	0	8
SCAF_769_region	10867	2882	0.27	0	8
SCAF_770	10816	5285	0.49	0	22
SCAF_770_region	10816	5285	0.49	0	22
SCAF_771	10810	629	0.06	0	3
SCAF_771_region	10810	629	0.06	0	3
SCAF_772	10709	15939	1.49	0	15
SCAF_772_region	10709	15939	1.49	0	15
SCAF_773	10688	111161	10.40	0	127
SCAF_773_region	10688	111161	10.40	0	127
SCAF_774	10648	83394	7.83	0	86
SCAF_774_region	10648	83394	7.83	0	86
SCAF_775	10642	705	0.07	0	2
SCAF_775_region	10642	705	0.07	0	2
SCAF_776	10612	8560	0.81	0	15
SCAF_776_region	10612	8560	0.81	0	15
SCAF_777	10608	137138	12.93	0	36
SCAF_777_region	10608	137138	12.93	0	36
SCAF_778	10604	1446	0.14	0	2
SCAF_778_region	10604	1446	0.14	0	2
SCAF_779	10578	1589	0.15	0	3
SCAF_779_region	10578	1589	0.15	0	3
SCAF_780	10571	940	0.09	0	4
SCAF_780_region	10571	940	0.09	0	4
SCAF_781	10511	1301	0.12	0	3
SCAF_781_region	10511	1301	0.12	0	3
SCAF_782	10492	483	0.05	0	2
SCAF_782_region	10492	483	0.05	0	2
SCAF_783	10421	1115	0.11	0	4
SCAF_783_region	10421	1115	0.11	0	4
SCAF_784	10379	121726	11.73	0	36
SCAF_784_region	10379	121726	11.73	0	36
SCAF_785	10337	16125	1.56	0	9
SCAF_785_region	10337	16125	1.56	0	9
SCAF_786	10326	40501	3.92	0	38
SCAF_786_region	10326	40501	3.92	0	38
SCAF_787	10326	12746	1.23	0	11
SCAF_787_region	10326	12746	1.23	0	11
SCAF_788	10316	6777	0.66	0	20
SCAF_788_region	10316	6777	0.66	0	20
SCAF_789	10256	185	0.02	0	2
SCAF_789_region	10256	185	0.02	0	2
SCAF_790	10228	28602	2.80	0	18
SCAF_790_region	10228	28602	2.80	0	18
SCAF_791	10185	2977	0.29	0	3
SCAF_791_region	10185	2977	0.29	0	3
SCAF_792	10184	55934	5.49	0	36
SCAF_792_region	10184	55934	5.49	0	36
SCAF_793	10160	38598	3.80	0	25
SCAF_793_region	10160	38598	3.80	0	25
SCAF_794	10147	1011	0.10	0	4
SCAF_794_region	10147	1011	0.10	0	4
SCAF_795	10110	29191	2.89	0	37
SCAF_795_region	10110	29191	2.89	0	37
SCAF_796	10045	401	0.04	0	2
SCAF_796_region	10045	401	0.04	0	2
SCAF_797	10015	10209	1.02	0	32
SCAF_797_region	10015	10209	1.02	0	32
SCAF_798	10012	4358	0.44	0	6
SCAF_798_region	10012	4358	0.44	0	6
SCAF_799	9978	45494	4.56	0	21
SCAF_799_region	9978	45494	4.56	0	21
SCAF_800	9947	32971	3.31	0	107
SCAF_800_region	9947	32971	3.31	0	107
SCAF_801	9941	1669	0.17	0	3
SCAF_801_region	9941	1669	0.17	0	3
SCAF_802	9910	257	0.03	0	2
SCAF_802_region	9910	257	0.03	0	2
SCAF_803	9879	1581	0.16	0	2
SCAF_803_region	9879	1581	0.16	0	2
SCAF_804	9861	55853	5.66	0	31
SCAF_804_region	9861	55853	5.66	0	31
SCAF_805	9859	788	0.08	0	5
SCAF_805_region	9859	788	0.08	0	5
SCAF_806	9855	3260	0.33	0	4
SCAF_806_region	9855	3260	0.33	0	4
SCAF_807	9792	3114	0.32	0	7
SCAF_807_region	9792	3114	0.32	0	7
SCAF_808	9784	2907	0.30	0	8
SCAF_808_region	9784	2907	0.30	0	8
SCAF_809	9773	23096	2.36	0	16
SCAF_809_region	9773	23096	2.36	0	16
SCAF_810	9756	5852	0.60	0	10
SCAF_810_region	9756	5852	0.60	0	10
SCAF_811	9753	6248	0.64	0	46
SCAF_811_region	9753	6248	0.64	0	46
SCAF_812	9719	5077	0.52	0	11
SCAF_812_region	9719	5077	0.52	0	11
SCAF_813	9715	11428	1.18	0	7
SCAF_813_region	9715	11428	1.18	0	7
SCAF_814	9708	14534	1.50	0	24
SCAF_814_region	9708	14534	1.50	0	24
SCAF_815	9700	13903	1.43	0	7
SCAF_815_region	9700	13903	1.43	0	7
SCAF_816	9673	5329	0.55	0	17
SCAF_816_region	9673	5329	0.55	0	17
SCAF_817	9638	2122	0.22	0	4
SCAF_817_region	9638	2122	0.22	0	4
SCAF_818	9601	19967	2.08	0	15
SCAF_818_region	9601	19967	2.08	0	15
SCAF_819	9601	2659	0.28	0	4
SCAF_819_region	9601	2659	0.28	0	4
SCAF_820	9550	95116	9.96	0	111
SCAF_820_region	9550	95116	9.96	0	111
SCAF_821	9533	3771	0.40	0	6
SCAF_821_region	9533	3771	0.40	0	6
SCAF_822	9498	2963	0.31	0	8
SCAF_822_region	9498	2963	0.31	0	8
SCAF_823	9466	1896609	200.36	0	1215
SCAF_823_region	9466	1896609	200.36	0	1215
SCAF_824	9457	632	0.07	0	4
SCAF_824_region	9457	632	0.07	0	4
SCAF_825	9446	34795	3.68	0	33
SCAF_825_region	9446	34795	3.68	0	33
SCAF_826	9385	76288	8.13	0	32
SCAF_826_region	9385	76288	8.13	0	32
SCAF_827	9376	78570	8.38	0	47
SCAF_827_region	9376	78570	8.38	0	47
SCAF_828	9365	501	0.05	0	2
SCAF_828_region	9365	501	0.05	0	2
SCAF_829	9320	17528	1.88	0	17
SCAF_829_region	9320	17528	1.88	0	17
SCAF_830	9303	12883	1.38	0	6
SCAF_830_region	9303	12883	1.38	0	6
SCAF_831	9295	28329	3.05	0	29
SCAF_831_region	9295	28329	3.05	0	29
SCAF_832	9282	24602	2.65	0	20
SCAF_832_region	9282	24602	2.65	0	20
SCAF_833	9263	630	0.07	0	4
SCAF_833_region	9263	630	0.07	0	4
SCAF_834	9159	212680	23.22	0	670
SCAF_834_region	9159	212680	23.22	0	670
SCAF_835	9159	2678	0.29	0	7
SCAF_835_region	9159	2678	0.29	0	7
SCAF_836	9157	26896	2.94	0	18
SCAF_836_region	9157	26896	2.94	0	18
SCAF_837	9095	784	0.09	0	16
SCAF_837_region	9095	784	0.09	0	16
SCAF_838	9078	51374	5.66	0	57
SCAF_838_region	9078	51374	5.66	0	57
SCAF_839	9057	49295	5.44	0	29
SCAF_839_region	9057	49295	5.44	0	29
SCAF_840	9014	655	0.07	0	1
SCAF_840_region	9014	655	0.07	0	1
SCAF_841	8986	24806	2.76	0	18
SCAF_841_region	8986	24806	2.76	0	18
SCAF_842	8986	2266	0.25	0	10
SCAF_842_region	8986	2266	0.25	0	10
SCAF_843	8952	1896	0.21	0	85
SCAF_843_region	8952	1896	0.21	0	85
SCAF_844	8935	231287	25.89	0	1310
SCAF_844_region	8935	231287	25.89	0	1310
SCAF_845	8927	101851	11.41	0	42
SCAF_845_region	8927	101851	11.41	0	42
SCAF_846	8908	81476	9.15	0	142
SCAF_846_region	8908	81476	9.15	0	142
SCAF_847	8868	4168	0.47	0	12
SCAF_847_region	8868	4168	0.47	0	12
SCAF_848	8867	2683	0.30	0	11
SCAF_848_region	8867	2683	0.30	0	11
SCAF_849	8825	57930	6.56	0	34
SCAF_849_region	8825	57930	6.56	0	34
SCAF_850	8771	4260	0.49	0	5
SCAF_850_region	8771	4260	0.49	0	5
SCAF_851	8703	2745	0.32	0	6
SCAF_851_region	8703	2745	0.32	0	6
SCAF_852	8695	697	0.08	0	5
SCAF_852_region	8695	697	0.08	0	5
SCAF_853	8662	153	0.02	0	2
SCAF_853_region	8662	153	0.02	0	2
SCAF_854	8634	662	0.08	0	3
SCAF_854_region	8634	662	0.08	0	3
SCAF_855	8630	878	0.10	0	14
SCAF_855_region	8630	878	0.10	0	14
SCAF_856	8617	2865936	332.59	0	1290
SCAF_856_region	8617	2865936	332.59	0	1290
SCAF_857	8469	43349	5.12	0	30
SCAF_857_region	8469	43349	5.12	0	30
SCAF_858	8431	3900	0.46	0	11
SCAF_858_region	8431	3900	0.46	0	11
SCAF_859	8397	1546	0.18	0	3
SCAF_859_region	8397	1546	0.18	0	3
SCAF_860	8390	8071	0.96	0	22
SCAF_860_region	8390	8071	0.96	0	22
SCAF_861	8357	739	0.09	0	8
SCAF_861_region	8357	739	0.09	0	8
SCAF_862	8342	1693245	202.98	0	7129
SCAF_862_region	8342	1693245	202.98	0	7129
SCAF_863	8337	1481	0.18	0	11
SCAF_863_region	8337	1481	0.18	0	11
SCAF_864	8258	49013	5.94	0	46
SCAF_864_region	8258	49013	5.94	0	46
SCAF_865	8103	11297	1.39	0	13
SCAF_865_region	8103	11297	1.39	0	13
SCAF_866	8034	1823	0.23	0	3
SCAF_866_region	8034	1823	0.23	0	3
SCAF_867	8027	45837	5.71	0	33
SCAF_867_region	8027	45837	5.71	0	33
SCAF_868	8017	24562	3.06	0	26
SCAF_868_region	8017	24562	3.06	0	26
SCAF_869	8015	8663	1.08	0	28
SCAF_869_region	8015	8663	1.08	0	28
SCAF_870	8015	1354	0.17	0	5
SCAF_870_region	8015	1354	0.17	0	5
SCAF_871	8000	511	0.06	0	5
SCAF_871_region	8000	511	0.06	0	5
SCAF_872	7790	10970	1.41	0	6
SCAF_872_region	7790	10970	1.41	0	6
SCAF_873	7773	660	0.08	0	2
SCAF_873_region	7773	660	0.08	0	2
SCAF_874	7763	64937	8.36	0	51
SCAF_874_region	7763	64937	8.36	0	51
SCAF_875	7721	11119	1.44	0	6
SCAF_875_region	7721	11119	1.44	0	6
SCAF_876	7701	52683	6.84	0	20
SCAF_876_region	7701	52683	6.84	0	20
SCAF_877	7680	507	0.07	0	10
SCAF_877_region	7680	507	0.07	0	10
SCAF_878	7622	8762	1.15	0	5
SCAF_878_region	7622	8762	1.15	0	5
SCAF_879	7582	714	0.09	0	3
SCAF_879_region	7582	714	0.09	0	3
SCAF_880	7559	54343	7.19	0	70
SCAF_880_region	7559	54343	7.19	0	70
SCAF_881	7416	834452	112.52	0	2332
SCAF_881_region	7416	834452	112.52	0	2332
SCAF_882	7394	57337	7.75	0	29
SCAF_882_region	7394	57337	7.75	0	29
SCAF_883	7363	1417	0.19	0	3
SCAF_883_region	7363	1417	0.19	0	3
SCAF_884	7338	1547	0.21	0	3
SCAF_884_region	7338	1547	0.21	0	3
SCAF_885	7324	1488	0.20	0	3
SCAF_885_region	7324	1488	0.20	0	3
SCAF_886	7276	26191	3.60	0	78
SCAF_886_region	7276	26191	3.60	0	78
SCAF_887	7242	527	0.07	0	2
SCAF_887_region	7242	527	0.07	0	2
SCAF_888	7231	332	0.05	0	3
SCAF_888_region	7231	332	0.05	0	3
SCAF_889	7198	546	0.08	0	10
SCAF_889_region	7198	546	0.08	0	10
SCAF_890	7142	8801	1.23	0	4
SCAF_890_region	7142	8801	1.23	0	4
SCAF_891	7028	24330	3.46	0	35
SCAF_891_region	7028	24330	3.46	0	35
SCAF_892	7025	14145	2.01	0	19
SCAF_892_region	7025	14145	2.01	0	19
SCAF_893	7015	13706	1.95	0	13
SCAF_893_region	7015	13706	1.95	0	13
SCAF_894	6958	2574	0.37	0	3
SCAF_894_region	6958	2574	0.37	0	3
SCAF_895	6948	21701	3.12	0	25
SCAF_895_region	6948	21701	3.12	0	25
SCAF_896	6829	1420011	207.94	0	711
SCAF_896_region	6829	1420011	207.94	0	711
SCAF_897	6804	5817	0.85	0	9
SCAF_897_region	6804	5817	0.85	0	9
SCAF_898	6754	765187	113.29	0	1938
SCAF_898_region	6754	765187	113.29	0	1938
SCAF_899	6732	2476	0.37	0	17
SCAF_899_region	6732	2476	0.37	0	17
SCAF_900	6698	135869	20.29	0	205
SCAF_900_region	6698	135869	20.29	0	205
SCAF_901	6642	692	0.10	0	7
SCAF_901_region	6642	692	0.10	0	7
SCAF_902	6588	45724	6.94	0	22
SCAF_902_region	6588	45724	6.94	0	22
SCAF_903	6549	102013	15.58	0	41
SCAF_903_region	6549	102013	15.58	0	41
SCAF_904	6496	16512	2.54	0	36
SCAF_904_region	6496	16512	2.54	0	36
SCAF_905	6483	423	0.07	0	3
SCAF_905_region	6483	423	0.07	0	3
SCAF_906	6367	1034	0.16	0	4
SCAF_906_region	6367	1034	0.16	0	4
SCAF_907	6367	76018	11.94	0	111
SCAF_907_region	6367	76018	11.94	0	111
SCAF_908	6228	308515	49.54	0	303
SCAF_908_region	6228	308515	49.54	0	303
SCAF_909	6173	60154	9.74	0	115
SCAF_909_region	6173	60154	9.74	0	115
SCAF_910	6170	1240	0.20	0	11
SCAF_910_region	6170	1240	0.20	0	11
SCAF_911	6077	94201	15.50	0	67
SCAF_911_region	6077	94201	15.50	0	67
SCAF_912	6073	46751	7.70	0	26
SCAF_912_region	6073	46751	7.70	0	26
SCAF_913	6059	443553	73.21	0	892
SCAF_913_region	6059	443553	73.21	0	892
SCAF_914	6001	1466	0.24	0	3
SCAF_914_region	6001	1466	0.24	0	3
SCAF_915	5869	103614	17.65	0	237
SCAF_915_region	5869	103614	17.65	0	237
SCAF_916	5803	1737	0.30	0	13
SCAF_916_region	5803	1737	0.30	0	13
SCAF_917	5661	20721	3.66	0	15
SCAF_917_region	5661	20721	3.66	0	15
SCAF_918	5277	28098	5.32	0	40
SCAF_918_region	5277	28098	5.32	0	40
total	51514314	3870054834	75.13	0	461825
total_region	51514314	3870054834	75.13	0	461825
