chrom	length	bases	mean	min	max
SCAF_1	5574741	556825130	99.88	0	4513
SCAF_1_region	5574741	556825130	99.88	0	4513
SCAF_2	4079479	427185358	104.72	0	5258
SCAF_2_region	4079479	427185358	104.72	0	5258
SCAF_3	3666439	389363007	106.20	0	11849
SCAF_3_region	3666439	389363007	106.20	0	11849
SCAF_4	2601389	322635102	124.02	0	5850
SCAF_4_region	2601389	322635102	124.02	0	5850
SCAF_5	2032088	211338723	104.00	0	9781
SCAF_5_region	2032088	211338723	104.00	0	9781
SCAF_6	1976889	227917005	115.29	0	5929
SCAF_6_region	1976889	227917005	115.29	0	5929
SCAF_7	1932263	203860456	105.50	0	3661
SCAF_7_region	1932263	203860456	105.50	0	3661
SCAF_8	1669080	158501809	94.96	0	2975
SCAF_8_region	1669080	158501809	94.96	0	2975
SCAF_9	1646134	174827581	106.20	0	4357
SCAF_9_region	1646134	174827581	106.20	0	4357
SCAF_10	1570817	163303633	103.96	0	4213
SCAF_10_region	1570817	163303633	103.96	0	4213
SCAF_11	1437752	157889262	109.82	0	1125
SCAF_11_region	1437752	157889262	109.82	0	1125
SCAF_12	978195	132749005	135.71	0	479043
SCAF_12_region	978195	132749005	135.71	0	479043
SCAF_13	598471	9575021	16.00	0	5607
SCAF_13_region	598471	9575021	16.00	0	5607
SCAF_14	247525	173848439	702.35	0	10280
SCAF_14_region	247525	173848439	702.35	0	10280
SCAF_15	224905	428677	1.91	0	20
SCAF_15_region	224905	428677	1.91	0	20
SCAF_16	181804	5802039	31.91	0	8297
SCAF_16_region	181804	5802039	31.91	0	8297
SCAF_17	176395	349321	1.98	0	25
SCAF_17_region	176395	349321	1.98	0	25
SCAF_18	160122	115351	0.72	0	17
SCAF_18_region	160122	115351	0.72	0	17
SCAF_19	139354	98456	0.71	0	17
SCAF_19_region	139354	98456	0.71	0	17
SCAF_20	131876	344212	2.61	0	26
SCAF_20_region	131876	344212	2.61	0	26
SCAF_21	130124	326778	2.51	0	142
SCAF_21_region	130124	326778	2.51	0	142
SCAF_22	121580	306023	2.52	0	285
SCAF_22_region	121580	306023	2.52	0	285
SCAF_23	117381	245038	2.09	0	22
SCAF_23_region	117381	245038	2.09	0	22
SCAF_24	115879	219389	1.89	0	174
SCAF_24_region	115879	219389	1.89	0	174
SCAF_25	115495	210145	1.82	0	25
SCAF_25_region	115495	210145	1.82	0	25
SCAF_26	113072	231443	2.05	0	24
SCAF_26_region	113072	231443	2.05	0	24
SCAF_27	110609	6248546	56.49	0	4728
SCAF_27_region	110609	6248546	56.49	0	4728
SCAF_28	109542	99416	0.91	0	15
SCAF_28_region	109542	99416	0.91	0	15
SCAF_29	108319	9173981	84.69	0	2412
SCAF_29_region	108319	9173981	84.69	0	2412
SCAF_30	107902	1044617	9.68	0	1478
SCAF_30_region	107902	1044617	9.68	0	1478
SCAF_31	106626	418728	3.93	0	787
SCAF_31_region	106626	418728	3.93	0	787
SCAF_32	102192	645468	6.32	0	1157
SCAF_32_region	102192	645468	6.32	0	1157
SCAF_33	98221	255717	2.60	0	16
SCAF_33_region	98221	255717	2.60	0	16
SCAF_34	97882	266927	2.73	0	14
SCAF_34_region	97882	266927	2.73	0	14
SCAF_35	95705	84590	0.88	0	121
SCAF_35_region	95705	84590	0.88	0	121
SCAF_36	94431	179683	1.90	0	23
SCAF_36_region	94431	179683	1.90	0	23
SCAF_37	92851	105668	1.14	0	19
SCAF_37_region	92851	105668	1.14	0	19
SCAF_38	89142	240449	2.70	0	54
SCAF_38_region	89142	240449	2.70	0	54
SCAF_39	88257	166074	1.88	0	13
SCAF_39_region	88257	166074	1.88	0	13
SCAF_40	85354	243914	2.86	0	67
SCAF_40_region	85354	243914	2.86	0	67
SCAF_41	82239	184984	2.25	0	18
SCAF_41_region	82239	184984	2.25	0	18
SCAF_42	77162	180360	2.34	0	34
SCAF_42_region	77162	180360	2.34	0	34
SCAF_43	76714	197399	2.57	0	55
SCAF_43_region	76714	197399	2.57	0	55
SCAF_44	76272	511880	6.71	0	1367
SCAF_44_region	76272	511880	6.71	0	1367
SCAF_45	73110	31282	0.43	0	15
SCAF_45_region	73110	31282	0.43	0	15
SCAF_46	72118	233197	3.23	0	24
SCAF_46_region	72118	233197	3.23	0	24
SCAF_47	70166	153827	2.19	0	22
SCAF_47_region	70166	153827	2.19	0	22
SCAF_48	69627	201804	2.90	0	19
SCAF_48_region	69627	201804	2.90	0	19
SCAF_49	69624	252629	3.63	0	296
SCAF_49_region	69624	252629	3.63	0	296
SCAF_50	68258	184888	2.71	0	26
SCAF_50_region	68258	184888	2.71	0	26
SCAF_51	66966	89279	1.33	0	29
SCAF_51_region	66966	89279	1.33	0	29
SCAF_52	66855	71875	1.08	0	9
SCAF_52_region	66855	71875	1.08	0	9
SCAF_53	65552	51746	0.79	0	10
SCAF_53_region	65552	51746	0.79	0	10
SCAF_54	65267	52359	0.80	0	19
SCAF_54_region	65267	52359	0.80	0	19
SCAF_55	65114	97827	1.50	0	14
SCAF_55_region	65114	97827	1.50	0	14
SCAF_56	62812	34175	0.54	0	13
SCAF_56_region	62812	34175	0.54	0	13
SCAF_57	62187	27934	0.45	0	16
SCAF_57_region	62187	27934	0.45	0	16
SCAF_58	61544	65811	1.07	0	70
SCAF_58_region	61544	65811	1.07	0	70
SCAF_59	61533	50968	0.83	0	23
SCAF_59_region	61533	50968	0.83	0	23
SCAF_60	61411	4347321	70.79	0	6343
SCAF_60_region	61411	4347321	70.79	0	6343
SCAF_61	61115	205242	3.36	0	14
SCAF_61_region	61115	205242	3.36	0	14
SCAF_62	59972	35897	0.60	0	166
SCAF_62_region	59972	35897	0.60	0	166
SCAF_63	59743	34998	0.59	0	68
SCAF_63_region	59743	34998	0.59	0	68
SCAF_64	58841	250479	4.26	0	642
SCAF_64_region	58841	250479	4.26	0	642
SCAF_65	58838	58695	1.00	0	25
SCAF_65_region	58838	58695	1.00	0	25
SCAF_66	58483	21459	0.37	0	99
SCAF_66_region	58483	21459	0.37	0	99
SCAF_67	57162	73561	1.29	0	17
SCAF_67_region	57162	73561	1.29	0	17
SCAF_68	56404	287488	5.10	0	301
SCAF_68_region	56404	287488	5.10	0	301
SCAF_69	55942	27495	0.49	0	21
SCAF_69_region	55942	27495	0.49	0	21
SCAF_70	55722	155135	2.78	0	17
SCAF_70_region	55722	155135	2.78	0	17
SCAF_71	55604	149633	2.69	0	95
SCAF_71_region	55604	149633	2.69	0	95
SCAF_72	54709	8743	0.16	0	8
SCAF_72_region	54709	8743	0.16	0	8
SCAF_73	52157	6991	0.13	0	21
SCAF_73_region	52157	6991	0.13	0	21
SCAF_74	52077	126209	2.42	0	11
SCAF_74_region	52077	126209	2.42	0	11
SCAF_75	51185	70421	1.38	0	23
SCAF_75_region	51185	70421	1.38	0	23
SCAF_76	50428	7212177	143.02	0	2484
SCAF_76_region	50428	7212177	143.02	0	2484
SCAF_77	50384	16179	0.32	0	10
SCAF_77_region	50384	16179	0.32	0	10
SCAF_78	49366	152893	3.10	0	19
SCAF_78_region	49366	152893	3.10	0	19
SCAF_79	49160	21035	0.43	0	11
SCAF_79_region	49160	21035	0.43	0	11
SCAF_80	48966	115262	2.35	0	19
SCAF_80_region	48966	115262	2.35	0	19
SCAF_81	48848	7737	0.16	0	10
SCAF_81_region	48848	7737	0.16	0	10
SCAF_82	48542	77542	1.60	0	35
SCAF_82_region	48542	77542	1.60	0	35
SCAF_83	48542	13586	0.28	0	18
SCAF_83_region	48542	13586	0.28	0	18
SCAF_84	47775	22279	0.47	0	9
SCAF_84_region	47775	22279	0.47	0	9
SCAF_85	47318	165798	3.50	0	23
SCAF_85_region	47318	165798	3.50	0	23
SCAF_86	46994	123169	2.62	0	16
SCAF_86_region	46994	123169	2.62	0	16
SCAF_87	46805	128599	2.75	0	23
SCAF_87_region	46805	128599	2.75	0	23
SCAF_88	46738	35126	0.75	0	16
SCAF_88_region	46738	35126	0.75	0	16
SCAF_89	46547	97512	2.09	0	14
SCAF_89_region	46547	97512	2.09	0	14
SCAF_90	46221	11925	0.26	0	19
SCAF_90_region	46221	11925	0.26	0	19
SCAF_91	44916	147628	3.29	0	20
SCAF_91_region	44916	147628	3.29	0	20
SCAF_92	44616	16784094	376.19	0	6808
SCAF_92_region	44616	16784094	376.19	0	6808
SCAF_93	44136	11032	0.25	0	7
SCAF_93_region	44136	11032	0.25	0	7
SCAF_94	43913	20310	0.46	0	11
SCAF_94_region	43913	20310	0.46	0	11
SCAF_95	43808	9989	0.23	0	6
SCAF_95_region	43808	9989	0.23	0	6
SCAF_96	43342	30890	0.71	0	13
SCAF_96_region	43342	30890	0.71	0	13
SCAF_97	43038	13053931	303.31	0	10328
SCAF_97_region	43038	13053931	303.31	0	10328
SCAF_98	42896	8877	0.21	0	6
SCAF_98_region	42896	8877	0.21	0	6
SCAF_99	42178	69778	1.65	0	27
SCAF_99_region	42178	69778	1.65	0	27
SCAF_100	41993	5961	0.14	0	13
SCAF_100_region	41993	5961	0.14	0	13
SCAF_101	41585	91640	2.20	0	11
SCAF_101_region	41585	91640	2.20	0	11
SCAF_102	41267	8542184	207.00	0	517
SCAF_102_region	41267	8542184	207.00	0	517
SCAF_103	41164	14863	0.36	0	9
SCAF_103_region	41164	14863	0.36	0	9
SCAF_104	40984	9457	0.23	0	23
SCAF_104_region	40984	9457	0.23	0	23
SCAF_105	40971	47203	1.15	0	21
SCAF_105_region	40971	47203	1.15	0	21
SCAF_106	40689	91306	2.24	0	12
SCAF_106_region	40689	91306	2.24	0	12
SCAF_107	40038	39462	0.99	0	19
SCAF_107_region	40038	39462	0.99	0	19
SCAF_108	39998	25210	0.63	0	21
SCAF_108_region	39998	25210	0.63	0	21
SCAF_109	39904	6925	0.17	0	21
SCAF_109_region	39904	6925	0.17	0	21
SCAF_110	39605	40965	1.03	0	20
SCAF_110_region	39605	40965	1.03	0	20
SCAF_111	39279	20961	0.53	0	24
SCAF_111_region	39279	20961	0.53	0	24
SCAF_112	39164	8453707	215.85	0	554
SCAF_112_region	39164	8453707	215.85	0	554
SCAF_113	39049	19855	0.51	0	7
SCAF_113_region	39049	19855	0.51	0	7
SCAF_114	38983	17406	0.45	0	7
SCAF_114_region	38983	17406	0.45	0	7
SCAF_115	38824	1040861	26.81	0	1559
SCAF_115_region	38824	1040861	26.81	0	1559
SCAF_116	37823	11285	0.30	0	12
SCAF_116_region	37823	11285	0.30	0	12
SCAF_117	37728	12882562	341.46	0	4922
SCAF_117_region	37728	12882562	341.46	0	4922
SCAF_118	37705	88060	2.34	0	11
SCAF_118_region	37705	88060	2.34	0	11
SCAF_119	37514	85507	2.28	0	31
SCAF_119_region	37514	85507	2.28	0	31
SCAF_120	37456	7587281	202.57	0	1281
SCAF_120_region	37456	7587281	202.57	0	1281
SCAF_121	37441	7206877	192.49	0	2858
SCAF_121_region	37441	7206877	192.49	0	2858
SCAF_122	37347	256036	6.86	0	585
SCAF_122_region	37347	256036	6.86	0	585
SCAF_123	37222	8476	0.23	0	16
SCAF_123_region	37222	8476	0.23	0	16
SCAF_124	36961	233355	6.31	0	499
SCAF_124_region	36961	233355	6.31	0	499
SCAF_125	36710	11428	0.31	0	10
SCAF_125_region	36710	11428	0.31	0	10
SCAF_126	36614	7164	0.20	0	12
SCAF_126_region	36614	7164	0.20	0	12
SCAF_127	36584	78264	2.14	0	11
SCAF_127_region	36584	78264	2.14	0	11
SCAF_128	36068	122687	3.40	0	12
SCAF_128_region	36068	122687	3.40	0	12
SCAF_129	35972	84760	2.36	0	26
SCAF_129_region	35972	84760	2.36	0	26
SCAF_130	35925	100903	2.81	0	11
SCAF_130_region	35925	100903	2.81	0	11
SCAF_131	35704	410	0.01	0	2
SCAF_131_region	35704	410	0.01	0	2
SCAF_132	35264	66327	1.88	0	14
SCAF_132_region	35264	66327	1.88	0	14
SCAF_133	35121	11108680	316.30	0	6109
SCAF_133_region	35121	11108680	316.30	0	6109
SCAF_134	35117	35342	1.01	0	13
SCAF_134_region	35117	35342	1.01	0	13
SCAF_135	34903	3556	0.10	0	13
SCAF_135_region	34903	3556	0.10	0	13
SCAF_136	34900	8762388	251.07	0	1334
SCAF_136_region	34900	8762388	251.07	0	1334
SCAF_137	34765	5265	0.15	0	7
SCAF_137_region	34765	5265	0.15	0	7
SCAF_138	34687	26843	0.77	0	71
SCAF_138_region	34687	26843	0.77	0	71
SCAF_139	34615	69651	2.01	0	10
SCAF_139_region	34615	69651	2.01	0	10
SCAF_140	34599	9324570	269.50	0	2651
SCAF_140_region	34599	9324570	269.50	0	2651
SCAF_141	34497	7877781	228.36	0	8950
SCAF_141_region	34497	7877781	228.36	0	8950
SCAF_142	34440	8595144	249.57	0	1260
SCAF_142_region	34440	8595144	249.57	0	1260
SCAF_143	34384	14492	0.42	0	16
SCAF_143_region	34384	14492	0.42	0	16
SCAF_144	34330	12523	0.36	0	12
SCAF_144_region	34330	12523	0.36	0	12
SCAF_145	34087	28787	0.84	0	19
SCAF_145_region	34087	28787	0.84	0	19
SCAF_146	33692	100434	2.98	0	12
SCAF_146_region	33692	100434	2.98	0	12
SCAF_147	33483	8465350	252.83	0	2162
SCAF_147_region	33483	8465350	252.83	0	2162
SCAF_148	33469	11867	0.35	0	20
SCAF_148_region	33469	11867	0.35	0	20
SCAF_149	33420	5139157	153.77	0	1152
SCAF_149_region	33420	5139157	153.77	0	1152
SCAF_150	33347	6056	0.18	0	11
SCAF_150_region	33347	6056	0.18	0	11
SCAF_151	33283	13570	0.41	0	17
SCAF_151_region	33283	13570	0.41	0	17
SCAF_152	33266	11402	0.34	0	15
SCAF_152_region	33266	11402	0.34	0	15
SCAF_153	33237	6405	0.19	0	19
SCAF_153_region	33237	6405	0.19	0	19
SCAF_154	33139	5328	0.16	0	7
SCAF_154_region	33139	5328	0.16	0	7
SCAF_155	33127	12602543	380.43	0	2313
SCAF_155_region	33127	12602543	380.43	0	2313
SCAF_156	32748	28032	0.86	0	69
SCAF_156_region	32748	28032	0.86	0	69
SCAF_157	32666	85719	2.62	0	75
SCAF_157_region	32666	85719	2.62	0	75
SCAF_158	32618	4354	0.13	0	10
SCAF_158_region	32618	4354	0.13	0	10
SCAF_159	32358	889	0.03	0	4
SCAF_159_region	32358	889	0.03	0	4
SCAF_160	32136	13254	0.41	0	12
SCAF_160_region	32136	13254	0.41	0	12
SCAF_161	32035	14210	0.44	0	24
SCAF_161_region	32035	14210	0.44	0	24
SCAF_162	31954	31289	0.98	0	12
SCAF_162_region	31954	31289	0.98	0	12
SCAF_163	31782	17255	0.54	0	9
SCAF_163_region	31782	17255	0.54	0	9
SCAF_164	31669	5571	0.18	0	9
SCAF_164_region	31669	5571	0.18	0	9
SCAF_165	31629	102743	3.25	0	12
SCAF_165_region	31629	102743	3.25	0	12
SCAF_166	31581	2350	0.07	0	6
SCAF_166_region	31581	2350	0.07	0	6
SCAF_167	31556	16878	0.53	0	12
SCAF_167_region	31556	16878	0.53	0	12
SCAF_168	31421	19002	0.60	0	15
SCAF_168_region	31421	19002	0.60	0	15
SCAF_169	31314	13495	0.43	0	12
SCAF_169_region	31314	13495	0.43	0	12
SCAF_170	31127	3606	0.12	0	7
SCAF_170_region	31127	3606	0.12	0	7
SCAF_171	31061	8040479	258.86	0	1539
SCAF_171_region	31061	8040479	258.86	0	1539
SCAF_172	31059	1182	0.04	0	14
SCAF_172_region	31059	1182	0.04	0	14
SCAF_173	30866	7965	0.26	0	10
SCAF_173_region	30866	7965	0.26	0	10
SCAF_174	30739	10079753	327.91	0	4935
SCAF_174_region	30739	10079753	327.91	0	4935
SCAF_175	30330	10147	0.33	0	12
SCAF_175_region	30330	10147	0.33	0	12
SCAF_176	30301	577376	19.05	0	4850
SCAF_176_region	30301	577376	19.05	0	4850
SCAF_177	30226	28739	0.95	0	20
SCAF_177_region	30226	28739	0.95	0	20
SCAF_178	30187	11466	0.38	0	15
SCAF_178_region	30187	11466	0.38	0	15
SCAF_179	30183	17981	0.60	0	15
SCAF_179_region	30183	17981	0.60	0	15
SCAF_180	30131	32338	1.07	0	74
SCAF_180_region	30131	32338	1.07	0	74
SCAF_181	30071	12637	0.42	0	16
SCAF_181_region	30071	12637	0.42	0	16
SCAF_182	30032	42551	1.42	0	8
SCAF_182_region	30032	42551	1.42	0	8
SCAF_183	30005	3262	0.11	0	9
SCAF_183_region	30005	3262	0.11	0	9
SCAF_184	29541	118536	4.01	0	433
SCAF_184_region	29541	118536	4.01	0	433
SCAF_185	29415	11263	0.38	0	9
SCAF_185_region	29415	11263	0.38	0	9
SCAF_186	29375	10915	0.37	0	8
SCAF_186_region	29375	10915	0.37	0	8
SCAF_187	29360	17593	0.60	0	19
SCAF_187_region	29360	17593	0.60	0	19
SCAF_188	29327	84344	2.88	0	13
SCAF_188_region	29327	84344	2.88	0	13
SCAF_189	29236	15027	0.51	0	15
SCAF_189_region	29236	15027	0.51	0	15
SCAF_190	29216	22660	0.78	0	37
SCAF_190_region	29216	22660	0.78	0	37
SCAF_191	29200	3863	0.13	0	3
SCAF_191_region	29200	3863	0.13	0	3
SCAF_192	29083	5477333	188.33	0	533
SCAF_192_region	29083	5477333	188.33	0	533
SCAF_193	29081	13051	0.45	0	16
SCAF_193_region	29081	13051	0.45	0	16
SCAF_194	28863	3108336	107.69	0	700
SCAF_194_region	28863	3108336	107.69	0	700
SCAF_195	28688	5085	0.18	0	8
SCAF_195_region	28688	5085	0.18	0	8
SCAF_196	28688	40801	1.42	0	66
SCAF_196_region	28688	40801	1.42	0	66
SCAF_197	28670	10595	0.37	0	7
SCAF_197_region	28670	10595	0.37	0	7
SCAF_198	28585	52471	1.84	0	12
SCAF_198_region	28585	52471	1.84	0	12
SCAF_199	28585	78503	2.75	0	170
SCAF_199_region	28585	78503	2.75	0	170
SCAF_200	28563	14337	0.50	0	17
SCAF_200_region	28563	14337	0.50	0	17
SCAF_201	28551	2478	0.09	0	6
SCAF_201_region	28551	2478	0.09	0	6
SCAF_202	28219	10871	0.39	0	18
SCAF_202_region	28219	10871	0.39	0	18
SCAF_203	28217	11388	0.40	0	13
SCAF_203_region	28217	11388	0.40	0	13
SCAF_204	28187	30457	1.08	0	261
SCAF_204_region	28187	30457	1.08	0	261
SCAF_205	28138	8953	0.32	0	12
SCAF_205_region	28138	8953	0.32	0	12
SCAF_206	28111	3932	0.14	0	9
SCAF_206_region	28111	3932	0.14	0	9
SCAF_207	27959	79447	2.84	0	16
SCAF_207_region	27959	79447	2.84	0	16
SCAF_208	27935	7491907	268.19	0	7057
SCAF_208_region	27935	7491907	268.19	0	7057
SCAF_209	27830	13747	0.49	0	7
SCAF_209_region	27830	13747	0.49	0	7
SCAF_210	27781	9719	0.35	0	11
SCAF_210_region	27781	9719	0.35	0	11
SCAF_211	27774	88514	3.19	0	15
SCAF_211_region	27774	88514	3.19	0	15
SCAF_212	27772	15102	0.54	0	15
SCAF_212_region	27772	15102	0.54	0	15
SCAF_213	27728	10621	0.38	0	18
SCAF_213_region	27728	10621	0.38	0	18
SCAF_214	27690	13331	0.48	0	7
SCAF_214_region	27690	13331	0.48	0	7
SCAF_215	27659	8233687	297.69	0	1304
SCAF_215_region	27659	8233687	297.69	0	1304
SCAF_216	27637	17590	0.64	0	10
SCAF_216_region	27637	17590	0.64	0	10
SCAF_217	27634	2565	0.09	0	4
SCAF_217_region	27634	2565	0.09	0	4
SCAF_218	27594	75053	2.72	0	16
SCAF_218_region	27594	75053	2.72	0	16
SCAF_219	27563	1484	0.05	0	18
SCAF_219_region	27563	1484	0.05	0	18
SCAF_220	27545	71693	2.60	0	17
SCAF_220_region	27545	71693	2.60	0	17
SCAF_221	27530	16500	0.60	0	6
SCAF_221_region	27530	16500	0.60	0	6
SCAF_222	27515	2111	0.08	0	9
SCAF_222_region	27515	2111	0.08	0	9
SCAF_223	27476	4353	0.16	0	5
SCAF_223_region	27476	4353	0.16	0	5
SCAF_224	27450	2413	0.09	0	9
SCAF_224_region	27450	2413	0.09	0	9
SCAF_225	27344	2295	0.08	0	8
SCAF_225_region	27344	2295	0.08	0	8
SCAF_226	27270	406689	14.91	0	562
SCAF_226_region	27270	406689	14.91	0	562
SCAF_227	27232	9049	0.33	0	6
SCAF_227_region	27232	9049	0.33	0	6
SCAF_228	27189	101142	3.72	0	60
SCAF_228_region	27189	101142	3.72	0	60
SCAF_229	27037	8529	0.32	0	5
SCAF_229_region	27037	8529	0.32	0	5
SCAF_230	26948	19503	0.72	0	17
SCAF_230_region	26948	19503	0.72	0	17
SCAF_231	26899	5059	0.19	0	19
SCAF_231_region	26899	5059	0.19	0	19
SCAF_232	26856	6470	0.24	0	16
SCAF_232_region	26856	6470	0.24	0	16
SCAF_233	26767	8146	0.30	0	10
SCAF_233_region	26767	8146	0.30	0	10
SCAF_234	26700	6019599	225.45	0	1074
SCAF_234_region	26700	6019599	225.45	0	1074
SCAF_235	26660	12060930	452.40	0	3421
SCAF_235_region	26660	12060930	452.40	0	3421
SCAF_236	26499	24476	0.92	0	19
SCAF_236_region	26499	24476	0.92	0	19
SCAF_237	26482	29232	1.10	0	16
SCAF_237_region	26482	29232	1.10	0	16
SCAF_238	26369	7665	0.29	0	8
SCAF_238_region	26369	7665	0.29	0	8
SCAF_239	26171	9299	0.36	0	22
SCAF_239_region	26171	9299	0.36	0	22
SCAF_240	26148	6765	0.26	0	13
SCAF_240_region	26148	6765	0.26	0	13
SCAF_241	26131	49142	1.88	0	18
SCAF_241_region	26131	49142	1.88	0	18
SCAF_242	26114	5208	0.20	0	9
SCAF_242_region	26114	5208	0.20	0	9
SCAF_243	26085	5248	0.20	0	17
SCAF_243_region	26085	5248	0.20	0	17
SCAF_244	26060	695	0.03	0	11
SCAF_244_region	26060	695	0.03	0	11
SCAF_245	25968	4130	0.16	0	52
SCAF_245_region	25968	4130	0.16	0	52
SCAF_246	25946	7629818	294.07	0	6457
SCAF_246_region	25946	7629818	294.07	0	6457
SCAF_247	25940	78334	3.02	0	16
SCAF_247_region	25940	78334	3.02	0	16
SCAF_248	25895	1313	0.05	0	3
SCAF_248_region	25895	1313	0.05	0	3
SCAF_249	25885	18621	0.72	0	6
SCAF_249_region	25885	18621	0.72	0	6
SCAF_250	25884	52048	2.01	0	11
SCAF_250_region	25884	52048	2.01	0	11
SCAF_251	25874	3392	0.13	0	9
SCAF_251_region	25874	3392	0.13	0	9
SCAF_252	25864	1078	0.04	0	9
SCAF_252_region	25864	1078	0.04	0	9
SCAF_253	25825	5063	0.20	0	11
SCAF_253_region	25825	5063	0.20	0	11
SCAF_254	25798	25990	1.01	0	60
SCAF_254_region	25798	25990	1.01	0	60
SCAF_255	25728	3689	0.14	0	14
SCAF_255_region	25728	3689	0.14	0	14
SCAF_256	25725	3372	0.13	0	18
SCAF_256_region	25725	3372	0.13	0	18
SCAF_257	25720	34541	1.34	0	10
SCAF_257_region	25720	34541	1.34	0	10
SCAF_258	25700	30993	1.21	0	132
SCAF_258_region	25700	30993	1.21	0	132
SCAF_259	25645	14759	0.58	0	16
SCAF_259_region	25645	14759	0.58	0	16
SCAF_260	25595	50276	1.96	0	12
SCAF_260_region	25595	50276	1.96	0	12
SCAF_261	25593	8305	0.32	0	16
SCAF_261_region	25593	8305	0.32	0	16
SCAF_262	25592	10297	0.40	0	10
SCAF_262_region	25592	10297	0.40	0	10
SCAF_263	25481	8037	0.32	0	32
SCAF_263_region	25481	8037	0.32	0	32
SCAF_264	25444	68321	2.69	0	10
SCAF_264_region	25444	68321	2.69	0	10
SCAF_265	25436	3603	0.14	0	4
SCAF_265_region	25436	3603	0.14	0	4
SCAF_266	25377	22742	0.90	0	10
SCAF_266_region	25377	22742	0.90	0	10
SCAF_267	25340	73908	2.92	0	12
SCAF_267_region	25340	73908	2.92	0	12
SCAF_268	25329	10795	0.43	0	9
SCAF_268_region	25329	10795	0.43	0	9
SCAF_269	25264	4449	0.18	0	5
SCAF_269_region	25264	4449	0.18	0	5
SCAF_270	25225	2877	0.11	0	14
SCAF_270_region	25225	2877	0.11	0	14
SCAF_271	25206	7262	0.29	0	10
SCAF_271_region	25206	7262	0.29	0	10
SCAF_272	25161	11953	0.48	0	21
SCAF_272_region	25161	11953	0.48	0	21
SCAF_273	25090	5265	0.21	0	9
SCAF_273_region	25090	5265	0.21	0	9
SCAF_274	24834	1921	0.08	0	23
SCAF_274_region	24834	1921	0.08	0	23
SCAF_275	24832	1242356	50.03	0	941
SCAF_275_region	24832	1242356	50.03	0	941
SCAF_276	24811	22385	0.90	0	16
SCAF_276_region	24811	22385	0.90	0	16
SCAF_277	24713	35023	1.42	0	23
SCAF_277_region	24713	35023	1.42	0	23
SCAF_278	24673	5218	0.21	0	9
SCAF_278_region	24673	5218	0.21	0	9
SCAF_279	24542	5985	0.24	0	24
SCAF_279_region	24542	5985	0.24	0	24
SCAF_280	24528	9099	0.37	0	12
SCAF_280_region	24528	9099	0.37	0	12
SCAF_281	24435	1052	0.04	0	12
SCAF_281_region	24435	1052	0.04	0	12
SCAF_282	24359	3822	0.16	0	6
SCAF_282_region	24359	3822	0.16	0	6
SCAF_283	24173	45436	1.88	0	10
SCAF_283_region	24173	45436	1.88	0	10
SCAF_284	24152	4738475	196.19	0	906
SCAF_284_region	24152	4738475	196.19	0	906
SCAF_285	24110	630	0.03	0	9
SCAF_285_region	24110	630	0.03	0	9
SCAF_286	24066	242183	10.06	0	510
SCAF_286_region	24066	242183	10.06	0	510
SCAF_287	23981	3085	0.13	0	8
SCAF_287_region	23981	3085	0.13	0	8
SCAF_288	23980	8452	0.35	0	4
SCAF_288_region	23980	8452	0.35	0	4
SCAF_289	23950	9259	0.39	0	8
SCAF_289_region	23950	9259	0.39	0	8
SCAF_290	23945	11606	0.48	0	15
SCAF_290_region	23945	11606	0.48	0	15
SCAF_291	23886	4187	0.18	0	8
SCAF_291_region	23886	4187	0.18	0	8
SCAF_292	23860	10946	0.46	0	5
SCAF_292_region	23860	10946	0.46	0	5
SCAF_293	23814	14152	0.59	0	10
SCAF_293_region	23814	14152	0.59	0	10
SCAF_294	23796	9532	0.40	0	12
SCAF_294_region	23796	9532	0.40	0	12
SCAF_295	23767	12644	0.53	0	16
SCAF_295_region	23767	12644	0.53	0	16
SCAF_296	23762	171403	7.21	0	1697
SCAF_296_region	23762	171403	7.21	0	1697
SCAF_297	23695	30269	1.28	0	15
SCAF_297_region	23695	30269	1.28	0	15
SCAF_298	23666	2807	0.12	0	26
SCAF_298_region	23666	2807	0.12	0	26
SCAF_299	23648	118161	5.00	0	399
SCAF_299_region	23648	118161	5.00	0	399
SCAF_300	23643	7420926	313.87	0	1627
SCAF_300_region	23643	7420926	313.87	0	1627
SCAF_301	23638	10806	0.46	0	6
SCAF_301_region	23638	10806	0.46	0	6
SCAF_302	23633	6962	0.29	0	11
SCAF_302_region	23633	6962	0.29	0	11
SCAF_303	23629	8691	0.37	0	5
SCAF_303_region	23629	8691	0.37	0	5
SCAF_304	23571	39649	1.68	0	26
SCAF_304_region	23571	39649	1.68	0	26
SCAF_305	23555	29674	1.26	0	9
SCAF_305_region	23555	29674	1.26	0	9
SCAF_306	23322	19161	0.82	0	18
SCAF_306_region	23322	19161	0.82	0	18
SCAF_307	23295	5131	0.22	0	8
SCAF_307_region	23295	5131	0.22	0	8
SCAF_308	23075	4871078	211.10	0	3522
SCAF_308_region	23075	4871078	211.10	0	3522
SCAF_309	23057	9129	0.40	0	9
SCAF_309_region	23057	9129	0.40	0	9
SCAF_310	23011	13638	0.59	0	5
SCAF_310_region	23011	13638	0.59	0	5
SCAF_311	22999	1453	0.06	0	23
SCAF_311_region	22999	1453	0.06	0	23
SCAF_312	22896	13174	0.58	0	7
SCAF_312_region	22896	13174	0.58	0	7
SCAF_313	22877	1023	0.04	0	9
SCAF_313_region	22877	1023	0.04	0	9
SCAF_314	22871	8533898	373.13	0	6389
SCAF_314_region	22871	8533898	373.13	0	6389
SCAF_315	22844	51237	2.24	0	330
SCAF_315_region	22844	51237	2.24	0	330
SCAF_316	22844	3017	0.13	0	8
SCAF_316_region	22844	3017	0.13	0	8
SCAF_317	22833	10939	0.48	0	6
SCAF_317_region	22833	10939	0.48	0	6
SCAF_318	22713	5451	0.24	0	6
SCAF_318_region	22713	5451	0.24	0	6
SCAF_319	22685	2848	0.13	0	8
SCAF_319_region	22685	2848	0.13	0	8
SCAF_320	22653	3073	0.14	0	13
SCAF_320_region	22653	3073	0.14	0	13
SCAF_321	22554	9312	0.41	0	12
SCAF_321_region	22554	9312	0.41	0	12
SCAF_322	22539	4793	0.21	0	17
SCAF_322_region	22539	4793	0.21	0	17
SCAF_323	22525	12084	0.54	0	17
SCAF_323_region	22525	12084	0.54	0	17
SCAF_324	22489	52903	2.35	0	20
SCAF_324_region	22489	52903	2.35	0	20
SCAF_325	22468	19846	0.88	0	9
SCAF_325_region	22468	19846	0.88	0	9
SCAF_326	22392	7805696	348.59	0	4615
SCAF_326_region	22392	7805696	348.59	0	4615
SCAF_327	22337	5248	0.23	0	5
SCAF_327_region	22337	5248	0.23	0	5
SCAF_328	22280	7741516	347.46	0	1667
SCAF_328_region	22280	7741516	347.46	0	1667
SCAF_329	22245	3239	0.15	0	12
SCAF_329_region	22245	3239	0.15	0	12
SCAF_330	22040	6613	0.30	0	17
SCAF_330_region	22040	6613	0.30	0	17
SCAF_331	22029	338	0.02	0	2
SCAF_331_region	22029	338	0.02	0	2
SCAF_332	21923	4586	0.21	0	5
SCAF_332_region	21923	4586	0.21	0	5
SCAF_333	21867	12894	0.59	0	7
SCAF_333_region	21867	12894	0.59	0	7
SCAF_334	21813	9316	0.43	0	108
SCAF_334_region	21813	9316	0.43	0	108
SCAF_335	21800	32319	1.48	0	18
SCAF_335_region	21800	32319	1.48	0	18
SCAF_336	21691	3185	0.15	0	10
SCAF_336_region	21691	3185	0.15	0	10
SCAF_337	21675	3648	0.17	0	4
SCAF_337_region	21675	3648	0.17	0	4
SCAF_338	21621	6587	0.30	0	53
SCAF_338_region	21621	6587	0.30	0	53
SCAF_339	21529	6255	0.29	0	22
SCAF_339_region	21529	6255	0.29	0	22
SCAF_340	21472	14766	0.69	0	5
SCAF_340_region	21472	14766	0.69	0	5
SCAF_341	21449	3720	0.17	0	8
SCAF_341_region	21449	3720	0.17	0	8
SCAF_342	21444	327297	15.26	0	421
SCAF_342_region	21444	327297	15.26	0	421
SCAF_343	21365	8309	0.39	0	8
SCAF_343_region	21365	8309	0.39	0	8
SCAF_344	21355	33109	1.55	0	46
SCAF_344_region	21355	33109	1.55	0	46
SCAF_345	21334	9101	0.43	0	10
SCAF_345_region	21334	9101	0.43	0	10
SCAF_346	21294	5238485	246.01	0	955
SCAF_346_region	21294	5238485	246.01	0	955
SCAF_347	21288	1497	0.07	0	15
SCAF_347_region	21288	1497	0.07	0	15
SCAF_348	21209	11159	0.53	0	9
SCAF_348_region	21209	11159	0.53	0	9
SCAF_349	21199	510	0.02	0	13
SCAF_349_region	21199	510	0.02	0	13
SCAF_350	21189	7877	0.37	0	88
SCAF_350_region	21189	7877	0.37	0	88
SCAF_351	21106	44081	2.09	0	13
SCAF_351_region	21106	44081	2.09	0	13
SCAF_352	21098	8953	0.42	0	16
SCAF_352_region	21098	8953	0.42	0	16
SCAF_353	21078	5960	0.28	0	8
SCAF_353_region	21078	5960	0.28	0	8
SCAF_354	20991	2628	0.13	0	14
SCAF_354_region	20991	2628	0.13	0	14
SCAF_355	20981	3492	0.17	0	7
SCAF_355_region	20981	3492	0.17	0	7
SCAF_356	20980	9259	0.44	0	14
SCAF_356_region	20980	9259	0.44	0	14
SCAF_357	20976	3326	0.16	0	13
SCAF_357_region	20976	3326	0.16	0	13
SCAF_358	20871	1450	0.07	0	9
SCAF_358_region	20871	1450	0.07	0	9
SCAF_359	20831	1334	0.06	0	16
SCAF_359_region	20831	1334	0.06	0	16
SCAF_360	20777	5472	0.26	0	57
SCAF_360_region	20777	5472	0.26	0	57
SCAF_361	20737	9935	0.48	0	6
SCAF_361_region	20737	9935	0.48	0	6
SCAF_362	20702	63515	3.07	0	22
SCAF_362_region	20702	63515	3.07	0	22
SCAF_363	20586	298	0.01	0	2
SCAF_363_region	20586	298	0.01	0	2
SCAF_364	20574	18918	0.92	0	16
SCAF_364_region	20574	18918	0.92	0	16
SCAF_365	20553	4225	0.21	0	12
SCAF_365_region	20553	4225	0.21	0	12
SCAF_366	20522	1897	0.09	0	6
SCAF_366_region	20522	1897	0.09	0	6
SCAF_367	20517	3955	0.19	0	25
SCAF_367_region	20517	3955	0.19	0	25
SCAF_368	20452	26586	1.30	0	15
SCAF_368_region	20452	26586	1.30	0	15
SCAF_369	20438	34380	1.68	0	8
SCAF_369_region	20438	34380	1.68	0	8
SCAF_370	20350	6465	0.32	0	20
SCAF_370_region	20350	6465	0.32	0	20
SCAF_371	20349	7847	0.39	0	40
SCAF_371_region	20349	7847	0.39	0	40
SCAF_372	20285	6567	0.32	0	7
SCAF_372_region	20285	6567	0.32	0	7
SCAF_373	20282	10898	0.54	0	78
SCAF_373_region	20282	10898	0.54	0	78
SCAF_374	20282	5543231	273.31	0	1318
SCAF_374_region	20282	5543231	273.31	0	1318
SCAF_375	20179	42502	2.11	0	56
SCAF_375_region	20179	42502	2.11	0	56
SCAF_376	20174	13057	0.65	0	7
SCAF_376_region	20174	13057	0.65	0	7
SCAF_377	20160	7535	0.37	0	4
SCAF_377_region	20160	7535	0.37	0	4
SCAF_378	20157	3821712	189.60	0	1010
SCAF_378_region	20157	3821712	189.60	0	1010
SCAF_379	20150	26055	1.29	0	7
SCAF_379_region	20150	26055	1.29	0	7
SCAF_380	20140	9683	0.48	0	39
SCAF_380_region	20140	9683	0.48	0	39
SCAF_381	20082	4628	0.23	0	7
SCAF_381_region	20082	4628	0.23	0	7
SCAF_382	20068	2293	0.11	0	16
SCAF_382_region	20068	2293	0.11	0	16
SCAF_383	20052	3725	0.19	0	4
SCAF_383_region	20052	3725	0.19	0	4
SCAF_384	20039	30821	1.54	0	10
SCAF_384_region	20039	30821	1.54	0	10
SCAF_385	20036	11868	0.59	0	18
SCAF_385_region	20036	11868	0.59	0	18
SCAF_386	20004	10552	0.53	0	7
SCAF_386_region	20004	10552	0.53	0	7
SCAF_387	19967	11649	0.58	0	14
SCAF_387_region	19967	11649	0.58	0	14
SCAF_388	19953	38200	1.91	0	10
SCAF_388_region	19953	38200	1.91	0	10
SCAF_389	19874	3220	0.16	0	8
SCAF_389_region	19874	3220	0.16	0	8
SCAF_390	19870	3775532	190.01	0	1902
SCAF_390_region	19870	3775532	190.01	0	1902
SCAF_391	19819	4721	0.24	0	11
SCAF_391_region	19819	4721	0.24	0	11
SCAF_392	19814	3847	0.19	0	14
SCAF_392_region	19814	3847	0.19	0	14
SCAF_393	19805	6009	0.30	0	6
SCAF_393_region	19805	6009	0.30	0	6
SCAF_394	19796	10748	0.54	0	7
SCAF_394_region	19796	10748	0.54	0	7
SCAF_395	19788	13335654	673.93	0	4981
SCAF_395_region	19788	13335654	673.93	0	4981
SCAF_396	19769	8646	0.44	0	6
SCAF_396_region	19769	8646	0.44	0	6
SCAF_397	19737	24577	1.25	0	8
SCAF_397_region	19737	24577	1.25	0	8
SCAF_398	19694	26270	1.33	0	10
SCAF_398_region	19694	26270	1.33	0	10
SCAF_399	19627	4694	0.24	0	13
SCAF_399_region	19627	4694	0.24	0	13
SCAF_400	19559	12861	0.66	0	9
SCAF_400_region	19559	12861	0.66	0	9
SCAF_401	19529	7972	0.41	0	8
SCAF_401_region	19529	7972	0.41	0	8
SCAF_402	19485	2675	0.14	0	3
SCAF_402_region	19485	2675	0.14	0	3
SCAF_403	19440	8166	0.42	0	20
SCAF_403_region	19440	8166	0.42	0	20
SCAF_404	19429	2906	0.15	0	15
SCAF_404_region	19429	2906	0.15	0	15
SCAF_405	19412	3659	0.19	0	12
SCAF_405_region	19412	3659	0.19	0	12
SCAF_406	19412	5440	0.28	0	12
SCAF_406_region	19412	5440	0.28	0	12
SCAF_407	19392	5413	0.28	0	8
SCAF_407_region	19392	5413	0.28	0	8
SCAF_408	19383	1040	0.05	0	15
SCAF_408_region	19383	1040	0.05	0	15
SCAF_409	19350	3529	0.18	0	7
SCAF_409_region	19350	3529	0.18	0	7
SCAF_410	19334	4645	0.24	0	8
SCAF_410_region	19334	4645	0.24	0	8
SCAF_411	19319	385	0.02	0	2
SCAF_411_region	19319	385	0.02	0	2
SCAF_412	19298	39111	2.03	0	10
SCAF_412_region	19298	39111	2.03	0	10
SCAF_413	19281	39638	2.06	0	9
SCAF_413_region	19281	39638	2.06	0	9
SCAF_414	19250	22547	1.17	0	201
SCAF_414_region	19250	22547	1.17	0	201
SCAF_415	19240	8477	0.44	0	11
SCAF_415_region	19240	8477	0.44	0	11
SCAF_416	19198	14109	0.73	0	19
SCAF_416_region	19198	14109	0.73	0	19
SCAF_417	19156	2033	0.11	0	10
SCAF_417_region	19156	2033	0.11	0	10
SCAF_418	19069	3999399	209.73	0	882
SCAF_418_region	19069	3999399	209.73	0	882
SCAF_419	19061	10793	0.57	0	8
SCAF_419_region	19061	10793	0.57	0	8
SCAF_420	19040	2566	0.13	0	5
SCAF_420_region	19040	2566	0.13	0	5
SCAF_421	19012	8829	0.46	0	4
SCAF_421_region	19012	8829	0.46	0	4
SCAF_422	18950	51080	2.70	0	27
SCAF_422_region	18950	51080	2.70	0	27
SCAF_423	18945	5750	0.30	0	7
SCAF_423_region	18945	5750	0.30	0	7
SCAF_424	18943	6393	0.34	0	14
SCAF_424_region	18943	6393	0.34	0	14
SCAF_425	18932	14361	0.76	0	8
SCAF_425_region	18932	14361	0.76	0	8
SCAF_426	18882	4302	0.23	0	22
SCAF_426_region	18882	4302	0.23	0	22
SCAF_427	18874	9337	0.49	0	15
SCAF_427_region	18874	9337	0.49	0	15
SCAF_428	18866	1663725	88.19	0	1008
SCAF_428_region	18866	1663725	88.19	0	1008
SCAF_429	18866	10148	0.54	0	16
SCAF_429_region	18866	10148	0.54	0	16
SCAF_430	18815	2539	0.13	0	9
SCAF_430_region	18815	2539	0.13	0	9
SCAF_431	18805	40706	2.16	0	9
SCAF_431_region	18805	40706	2.16	0	9
SCAF_432	18790	39460	2.10	0	12
SCAF_432_region	18790	39460	2.10	0	12
SCAF_433	18773	4530	0.24	0	20
SCAF_433_region	18773	4530	0.24	0	20
SCAF_434	18766	9814	0.52	0	106
SCAF_434_region	18766	9814	0.52	0	106
SCAF_435	18753	26501	1.41	0	11
SCAF_435_region	18753	26501	1.41	0	11
SCAF_436	18746	50553	2.70	0	18
SCAF_436_region	18746	50553	2.70	0	18
SCAF_437	18721	11802	0.63	0	10
SCAF_437_region	18721	11802	0.63	0	10
SCAF_438	18669	2355	0.13	0	8
SCAF_438_region	18669	2355	0.13	0	8
SCAF_439	18588	243699	13.11	0	730
SCAF_439_region	18588	243699	13.11	0	730
SCAF_440	18561	12898	0.69	0	161
SCAF_440_region	18561	12898	0.69	0	161
SCAF_441	18530	14732	0.80	0	12
SCAF_441_region	18530	14732	0.80	0	12
SCAF_442	18489	2476	0.13	0	19
SCAF_442_region	18489	2476	0.13	0	19
SCAF_443	18479	3732	0.20	0	13
SCAF_443_region	18479	3732	0.20	0	13
SCAF_444	18424	18608	1.01	0	8
SCAF_444_region	18424	18608	1.01	0	8
SCAF_445	18396	12156	0.66	0	28
SCAF_445_region	18396	12156	0.66	0	28
SCAF_446	18392	42614	2.32	0	13
SCAF_446_region	18392	42614	2.32	0	13
SCAF_447	18255	2655	0.15	0	16
SCAF_447_region	18255	2655	0.15	0	16
SCAF_448	18252	28694	1.57	0	6
SCAF_448_region	18252	28694	1.57	0	6
SCAF_449	18248	7894	0.43	0	7
SCAF_449_region	18248	7894	0.43	0	7
SCAF_450	18208	3161	0.17	0	12
SCAF_450_region	18208	3161	0.17	0	12
SCAF_451	18202	180111	9.90	0	140
SCAF_451_region	18202	180111	9.90	0	140
SCAF_452	18192	2150	0.12	0	15
SCAF_452_region	18192	2150	0.12	0	15
SCAF_453	18150	2660	0.15	0	10
SCAF_453_region	18150	2660	0.15	0	10
SCAF_454	18134	1463	0.08	0	5
SCAF_454_region	18134	1463	0.08	0	5
SCAF_455	18114	2359	0.13	0	50
SCAF_455_region	18114	2359	0.13	0	50
SCAF_456	18112	1868	0.10	0	3
SCAF_456_region	18112	1868	0.10	0	3
SCAF_457	18054	50746	2.81	0	24
SCAF_457_region	18054	50746	2.81	0	24
SCAF_458	18006	6990	0.39	0	4
SCAF_458_region	18006	6990	0.39	0	4
SCAF_459	18000	1086	0.06	0	10
SCAF_459_region	18000	1086	0.06	0	10
SCAF_460	17967	16569	0.92	0	7
SCAF_460_region	17967	16569	0.92	0	7
SCAF_461	17943	3096	0.17	0	7
SCAF_461_region	17943	3096	0.17	0	7
SCAF_462	17929	7829	0.44	0	122
SCAF_462_region	17929	7829	0.44	0	122
SCAF_463	17921	965	0.05	0	5
SCAF_463_region	17921	965	0.05	0	5
SCAF_464	17913	9651	0.54	0	8
SCAF_464_region	17913	9651	0.54	0	8
SCAF_465	17912	3449	0.19	0	3
SCAF_465_region	17912	3449	0.19	0	3
SCAF_466	17886	11372	0.64	0	14
SCAF_466_region	17886	11372	0.64	0	14
SCAF_467	17859	21219	1.19	0	218
SCAF_467_region	17859	21219	1.19	0	218
SCAF_468	17837	4534	0.25	0	20
SCAF_468_region	17837	4534	0.25	0	20
SCAF_469	17802	625	0.04	0	1
SCAF_469_region	17802	625	0.04	0	1
SCAF_470	17776	5155	0.29	0	9
SCAF_470_region	17776	5155	0.29	0	9
SCAF_471	17682	2515	0.14	0	5
SCAF_471_region	17682	2515	0.14	0	5
SCAF_472	17646	32206	1.83	0	17
SCAF_472_region	17646	32206	1.83	0	17
SCAF_473	17646	19452	1.10	0	11
SCAF_473_region	17646	19452	1.10	0	11
SCAF_474	17642	4082897	231.43	0	891
SCAF_474_region	17642	4082897	231.43	0	891
SCAF_475	17613	17274	0.98	0	217
SCAF_475_region	17613	17274	0.98	0	217
SCAF_476	17602	17155	0.97	0	267
SCAF_476_region	17602	17155	0.97	0	267
SCAF_477	17571	711	0.04	0	18
SCAF_477_region	17571	711	0.04	0	18
SCAF_478	17535	2256	0.13	0	31
SCAF_478_region	17535	2256	0.13	0	31
SCAF_479	17528	9351	0.53	0	19
SCAF_479_region	17528	9351	0.53	0	19
SCAF_480	17503	9490	0.54	0	218
SCAF_480_region	17503	9490	0.54	0	218
SCAF_481	17502	2468	0.14	0	5
SCAF_481_region	17502	2468	0.14	0	5
SCAF_482	17480	4873	0.28	0	9
SCAF_482_region	17480	4873	0.28	0	9
SCAF_483	17476	2590	0.15	0	5
SCAF_483_region	17476	2590	0.15	0	5
SCAF_484	17457	304268	17.43	0	755
SCAF_484_region	17457	304268	17.43	0	755
SCAF_485	17386	12576	0.72	0	14
SCAF_485_region	17386	12576	0.72	0	14
SCAF_486	17362	12127	0.70	0	5
SCAF_486_region	17362	12127	0.70	0	5
SCAF_487	17332	4150	0.24	0	23
SCAF_487_region	17332	4150	0.24	0	23
SCAF_488	17327	8309	0.48	0	6
SCAF_488_region	17327	8309	0.48	0	6
SCAF_489	17303	5256	0.30	0	8
SCAF_489_region	17303	5256	0.30	0	8
SCAF_490	17273	9691	0.56	0	8
SCAF_490_region	17273	9691	0.56	0	8
SCAF_491	17245	179907	10.43	0	187
SCAF_491_region	17245	179907	10.43	0	187
SCAF_492	17239	10591	0.61	0	10
SCAF_492_region	17239	10591	0.61	0	10
SCAF_493	17219	10391	0.60	0	5
SCAF_493_region	17219	10391	0.60	0	5
SCAF_494	17218	3780	0.22	0	103
SCAF_494_region	17218	3780	0.22	0	103
SCAF_495	17211	4185	0.24	0	5
SCAF_495_region	17211	4185	0.24	0	5
SCAF_496	17198	12050	0.70	0	85
SCAF_496_region	17198	12050	0.70	0	85
SCAF_497	17190	257	0.01	0	1
SCAF_497_region	17190	257	0.01	0	1
SCAF_498	17162	15579	0.91	0	9
SCAF_498_region	17162	15579	0.91	0	9
SCAF_499	17147	3222	0.19	0	3
SCAF_499_region	17147	3222	0.19	0	3
SCAF_500	17144	4086	0.24	0	132
SCAF_500_region	17144	4086	0.24	0	132
SCAF_501	17142	1690	0.10	0	3
SCAF_501_region	17142	1690	0.10	0	3
SCAF_502	17124	16830	0.98	0	9
SCAF_502_region	17124	16830	0.98	0	9
SCAF_503	17118	58725	3.43	0	30
SCAF_503_region	17118	58725	3.43	0	30
SCAF_504	17076	6151	0.36	0	9
SCAF_504_region	17076	6151	0.36	0	9
SCAF_505	17047	3111601	182.53	0	826
SCAF_505_region	17047	3111601	182.53	0	826
SCAF_506	17043	928	0.05	0	16
SCAF_506_region	17043	928	0.05	0	16
SCAF_507	17035	13405	0.79	0	23
SCAF_507_region	17035	13405	0.79	0	23
SCAF_508	17021	17544	1.03	0	22
SCAF_508_region	17021	17544	1.03	0	22
SCAF_509	16971	5948	0.35	0	14
SCAF_509_region	16971	5948	0.35	0	14
SCAF_510	16897	34402	2.04	0	7
SCAF_510_region	16897	34402	2.04	0	7
SCAF_511	16849	4481	0.27	0	4
SCAF_511_region	16849	4481	0.27	0	4
SCAF_512	16807	3751	0.22	0	3
SCAF_512_region	16807	3751	0.22	0	3
SCAF_513	16787	378	0.02	0	7
SCAF_513_region	16787	378	0.02	0	7
SCAF_514	16784	5096	0.30	0	3
SCAF_514_region	16784	5096	0.30	0	3
SCAF_515	16776	9300	0.55	0	10
SCAF_515_region	16776	9300	0.55	0	10
SCAF_516	16745	700	0.04	0	20
SCAF_516_region	16745	700	0.04	0	20
SCAF_517	16741	4639	0.28	0	9
SCAF_517_region	16741	4639	0.28	0	9
SCAF_518	16733	31314	1.87	0	11
SCAF_518_region	16733	31314	1.87	0	11
SCAF_519	16710	3356	0.20	0	14
SCAF_519_region	16710	3356	0.20	0	14
SCAF_520	16702	4408281	263.94	0	3649
SCAF_520_region	16702	4408281	263.94	0	3649
SCAF_521	16701	6864	0.41	0	7
SCAF_521_region	16701	6864	0.41	0	7
SCAF_522	16645	2907	0.17	0	13
SCAF_522_region	16645	2907	0.17	0	13
SCAF_523	16623	7919	0.48	0	12
SCAF_523_region	16623	7919	0.48	0	12
SCAF_524	16568	952	0.06	0	5
SCAF_524_region	16568	952	0.06	0	5
SCAF_525	16548	2562	0.15	0	11
SCAF_525_region	16548	2562	0.15	0	11
SCAF_526	16541	3189	0.19	0	7
SCAF_526_region	16541	3189	0.19	0	7
SCAF_527	16518	3098066	187.56	0	1415
SCAF_527_region	16518	3098066	187.56	0	1415
SCAF_528	16510	11955	0.72	0	18
SCAF_528_region	16510	11955	0.72	0	18
SCAF_529	16492	7734	0.47	0	7
SCAF_529_region	16492	7734	0.47	0	7
SCAF_530	16462	13912	0.85	0	12
SCAF_530_region	16462	13912	0.85	0	12
SCAF_531	16461	112	0.01	0	1
SCAF_531_region	16461	112	0.01	0	1
SCAF_532	16447	9757	0.59	0	7
SCAF_532_region	16447	9757	0.59	0	7
SCAF_533	16383	8538	0.52	0	4
SCAF_533_region	16383	8538	0.52	0	4
SCAF_534	16345	5270	0.32	0	5
SCAF_534_region	16345	5270	0.32	0	5
SCAF_535	16343	681	0.04	0	13
SCAF_535_region	16343	681	0.04	0	13
SCAF_536	16333	3267	0.20	0	9
SCAF_536_region	16333	3267	0.20	0	9
SCAF_537	16287	31198	1.92	0	17
SCAF_537_region	16287	31198	1.92	0	17
SCAF_538	16266	10527	0.65	0	9
SCAF_538_region	16266	10527	0.65	0	9
SCAF_539	16246	1630	0.10	0	27
SCAF_539_region	16246	1630	0.10	0	27
SCAF_540	16245	3301	0.20	0	11
SCAF_540_region	16245	3301	0.20	0	11
SCAF_541	16215	3456	0.21	0	19
SCAF_541_region	16215	3456	0.21	0	19
SCAF_542	16208	3700	0.23	0	20
SCAF_542_region	16208	3700	0.23	0	20
SCAF_543	16160	4597	0.28	0	6
SCAF_543_region	16160	4597	0.28	0	6
SCAF_544	16140	671	0.04	0	3
SCAF_544_region	16140	671	0.04	0	3
SCAF_545	16102	2771	0.17	0	10
SCAF_545_region	16102	2771	0.17	0	10
SCAF_546	16083	12534	0.78	0	13
SCAF_546_region	16083	12534	0.78	0	13
SCAF_547	16037	2031	0.13	0	5
SCAF_547_region	16037	2031	0.13	0	5
SCAF_548	16034	10285	0.64	0	6
SCAF_548_region	16034	10285	0.64	0	6
SCAF_549	16030	9654	0.60	0	11
SCAF_549_region	16030	9654	0.60	0	11
SCAF_550	16027	1561	0.10	0	6
SCAF_550_region	16027	1561	0.10	0	6
SCAF_551	15990	21530	1.35	0	7
SCAF_551_region	15990	21530	1.35	0	7
SCAF_552	15913	77018	4.84	0	14
SCAF_552_region	15913	77018	4.84	0	14
SCAF_553	15906	2921	0.18	0	5
SCAF_553_region	15906	2921	0.18	0	5
SCAF_554	15898	6053	0.38	0	6
SCAF_554_region	15898	6053	0.38	0	6
SCAF_555	15891	2150	0.14	0	8
SCAF_555_region	15891	2150	0.14	0	8
SCAF_556	15885	5934	0.37	0	8
SCAF_556_region	15885	5934	0.37	0	8
SCAF_557	15855	1867	0.12	0	3
SCAF_557_region	15855	1867	0.12	0	3
SCAF_558	15839	4711	0.30	0	18
SCAF_558_region	15839	4711	0.30	0	18
SCAF_559	15827	12230	0.77	0	7
SCAF_559_region	15827	12230	0.77	0	7
SCAF_560	15823	13360	0.84	0	15
SCAF_560_region	15823	13360	0.84	0	15
SCAF_561	15791	6727	0.43	0	3
SCAF_561_region	15791	6727	0.43	0	3
SCAF_562	15777	2530564	160.40	0	456
SCAF_562_region	15777	2530564	160.40	0	456
SCAF_563	15776	9467	0.60	0	7
SCAF_563_region	15776	9467	0.60	0	7
SCAF_564	15761	3663	0.23	0	7
SCAF_564_region	15761	3663	0.23	0	7
SCAF_565	15717	7527	0.48	0	112
SCAF_565_region	15717	7527	0.48	0	112
SCAF_566	15706	669	0.04	0	2
SCAF_566_region	15706	669	0.04	0	2
SCAF_567	15696	5344	0.34	0	10
SCAF_567_region	15696	5344	0.34	0	10
SCAF_568	15657	6601	0.42	0	6
SCAF_568_region	15657	6601	0.42	0	6
SCAF_569	15650	7385	0.47	0	10
SCAF_569_region	15650	7385	0.47	0	10
SCAF_570	15646	4153	0.27	0	5
SCAF_570_region	15646	4153	0.27	0	5
SCAF_571	15619	774	0.05	0	11
SCAF_571_region	15619	774	0.05	0	11
SCAF_572	15612	3433	0.22	0	4
SCAF_572_region	15612	3433	0.22	0	4
SCAF_573	15605	1118	0.07	0	2
SCAF_573_region	15605	1118	0.07	0	2
SCAF_574	15575	4234	0.27	0	16
SCAF_574_region	15575	4234	0.27	0	16
SCAF_575	15573	1422	0.09	0	10
SCAF_575_region	15573	1422	0.09	0	10
SCAF_576	15571	10736	0.69	0	25
SCAF_576_region	15571	10736	0.69	0	25
SCAF_577	15544	4637	0.30	0	168
SCAF_577_region	15544	4637	0.30	0	168
SCAF_578	15521	463	0.03	0	10
SCAF_578_region	15521	463	0.03	0	10
SCAF_579	15497	3894	0.25	0	23
SCAF_579_region	15497	3894	0.25	0	23
SCAF_580	15481	2684	0.17	0	5
SCAF_580_region	15481	2684	0.17	0	5
SCAF_581	15458	14661	0.95	0	7
SCAF_581_region	15458	14661	0.95	0	7
SCAF_582	15439	16910	1.10	0	16
SCAF_582_region	15439	16910	1.10	0	16
SCAF_583	15421	10447	0.68	0	7
SCAF_583_region	15421	10447	0.68	0	7
SCAF_584	15337	8041	0.52	0	11
SCAF_584_region	15337	8041	0.52	0	11
SCAF_585	15336	2831	0.18	0	11
SCAF_585_region	15336	2831	0.18	0	11
SCAF_586	15301	20006	1.31	0	21
SCAF_586_region	15301	20006	1.31	0	21
SCAF_587	15300	1891036	123.60	0	6343
SCAF_587_region	15300	1891036	123.60	0	6343
SCAF_588	15298	3899	0.25	0	24
SCAF_588_region	15298	3899	0.25	0	24
SCAF_589	15238	8349	0.55	0	5
SCAF_589_region	15238	8349	0.55	0	5
SCAF_590	15205	37884	2.49	0	15
SCAF_590_region	15205	37884	2.49	0	15
SCAF_591	15162	25734	1.70	0	12
SCAF_591_region	15162	25734	1.70	0	12
SCAF_592	15154	2748	0.18	0	3
SCAF_592_region	15154	2748	0.18	0	3
SCAF_593	15087	9618	0.64	0	16
SCAF_593_region	15087	9618	0.64	0	16
SCAF_594	15082	23334	1.55	0	11
SCAF_594_region	15082	23334	1.55	0	11
SCAF_595	15055	38855	2.58	0	15
SCAF_595_region	15055	38855	2.58	0	15
SCAF_596	15045	1417	0.09	0	17
SCAF_596_region	15045	1417	0.09	0	17
SCAF_597	15030	5865	0.39	0	8
SCAF_597_region	15030	5865	0.39	0	8
SCAF_598	15027	4884	0.33	0	11
SCAF_598_region	15027	4884	0.33	0	11
SCAF_599	15000	27590	1.84	0	8
SCAF_599_region	15000	27590	1.84	0	8
SCAF_600	14995	4394	0.29	0	22
SCAF_600_region	14995	4394	0.29	0	22
SCAF_601	14985	15529	1.04	0	6
SCAF_601_region	14985	15529	1.04	0	6
SCAF_602	14930	5581	0.37	0	4
SCAF_602_region	14930	5581	0.37	0	4
SCAF_603	14898	3146	0.21	0	14
SCAF_603_region	14898	3146	0.21	0	14
SCAF_604	14863	4880	0.33	0	5
SCAF_604_region	14863	4880	0.33	0	5
SCAF_605	14840	2057	0.14	0	7
SCAF_605_region	14840	2057	0.14	0	7
SCAF_606	14808	523	0.04	0	4
SCAF_606_region	14808	523	0.04	0	4
SCAF_607	14807	30171	2.04	0	27
SCAF_607_region	14807	30171	2.04	0	27
SCAF_608	14785	7132	0.48	0	8
SCAF_608_region	14785	7132	0.48	0	8
SCAF_609	14742	406711	27.59	0	432
SCAF_609_region	14742	406711	27.59	0	432
SCAF_610	14738	5732	0.39	0	5
SCAF_610_region	14738	5732	0.39	0	5
SCAF_611	14737	20282	1.38	0	7
SCAF_611_region	14737	20282	1.38	0	7
SCAF_612	14712	2833118	192.57	0	681
SCAF_612_region	14712	2833118	192.57	0	681
SCAF_613	14708	11763	0.80	0	10
SCAF_613_region	14708	11763	0.80	0	10
SCAF_614	14694	1447	0.10	0	13
SCAF_614_region	14694	1447	0.10	0	13
SCAF_615	14684	6163	0.42	0	23
SCAF_615_region	14684	6163	0.42	0	23
SCAF_616	14676	228	0.02	0	6
SCAF_616_region	14676	228	0.02	0	6
SCAF_617	14662	4380	0.30	0	12
SCAF_617_region	14662	4380	0.30	0	12
SCAF_618	14658	6763	0.46	0	4
SCAF_618_region	14658	6763	0.46	0	4
SCAF_619	14650	262328	17.91	0	718
SCAF_619_region	14650	262328	17.91	0	718
SCAF_620	14639	3004	0.21	0	4
SCAF_620_region	14639	3004	0.21	0	4
SCAF_621	14614	123582	8.46	0	791
SCAF_621_region	14614	123582	8.46	0	791
SCAF_622	14596	5476	0.38	0	5
SCAF_622_region	14596	5476	0.38	0	5
SCAF_623	14590	17966	1.23	0	8
SCAF_623_region	14590	17966	1.23	0	8
SCAF_624	14581	866	0.06	0	27
SCAF_624_region	14581	866	0.06	0	27
SCAF_625	14547	5590	0.38	0	7
SCAF_625_region	14547	5590	0.38	0	7
SCAF_626	14527	4071	0.28	0	20
SCAF_626_region	14527	4071	0.28	0	20
SCAF_627	14523	3685	0.25	0	8
SCAF_627_region	14523	3685	0.25	0	8
SCAF_628	14498	8312	0.57	0	8
SCAF_628_region	14498	8312	0.57	0	8
SCAF_629	14453	1217	0.08	0	9
SCAF_629_region	14453	1217	0.08	0	9
SCAF_630	14414	1500	0.10	0	3
SCAF_630_region	14414	1500	0.10	0	3
SCAF_631	14395	1066	0.07	0	2
SCAF_631_region	14395	1066	0.07	0	2
SCAF_632	14385	4385	0.30	0	30
SCAF_632_region	14385	4385	0.30	0	30
SCAF_633	14371	2962	0.21	0	4
SCAF_633_region	14371	2962	0.21	0	4
SCAF_634	14371	3633	0.25	0	5
SCAF_634_region	14371	3633	0.25	0	5
SCAF_635	14280	21020	1.47	0	19
SCAF_635_region	14280	21020	1.47	0	19
SCAF_636	14276	5609	0.39	0	11
SCAF_636_region	14276	5609	0.39	0	11
SCAF_637	14236	14438	1.01	0	6
SCAF_637_region	14236	14438	1.01	0	6
SCAF_638	14229	9269	0.65	0	13
SCAF_638_region	14229	9269	0.65	0	13
SCAF_639	14202	291	0.02	0	2
SCAF_639_region	14202	291	0.02	0	2
SCAF_640	14111	8570	0.61	0	6
SCAF_640_region	14111	8570	0.61	0	6
SCAF_641	14088	7613	0.54	0	5
SCAF_641_region	14088	7613	0.54	0	5
SCAF_642	14005	6543	0.47	0	4
SCAF_642_region	14005	6543	0.47	0	4
SCAF_643	13977	1726693	123.54	0	707
SCAF_643_region	13977	1726693	123.54	0	707
SCAF_644	13890	2084	0.15	0	4
SCAF_644_region	13890	2084	0.15	0	4
SCAF_645	13875	5023	0.36	0	16
SCAF_645_region	13875	5023	0.36	0	16
SCAF_646	13874	28124	2.03	0	16
SCAF_646_region	13874	28124	2.03	0	16
SCAF_647	13848	5259	0.38	0	6
SCAF_647_region	13848	5259	0.38	0	6
SCAF_648	13847	2424	0.18	0	18
SCAF_648_region	13847	2424	0.18	0	18
SCAF_649	13838	7607	0.55	0	13
SCAF_649_region	13838	7607	0.55	0	13
SCAF_650	13812	1884	0.14	0	11
SCAF_650_region	13812	1884	0.14	0	11
SCAF_651	13758	28061	2.04	0	15
SCAF_651_region	13758	28061	2.04	0	15
SCAF_652	13727	2321	0.17	0	4
SCAF_652_region	13727	2321	0.17	0	4
SCAF_653	13703	1955	0.14	0	2
SCAF_653_region	13703	1955	0.14	0	2
SCAF_654	13701	701	0.05	0	2
SCAF_654_region	13701	701	0.05	0	2
SCAF_655	13677	519	0.04	0	1
SCAF_655_region	13677	519	0.04	0	1
SCAF_656	13622	7450	0.55	0	6
SCAF_656_region	13622	7450	0.55	0	6
SCAF_657	13584	2576	0.19	0	19
SCAF_657_region	13584	2576	0.19	0	19
SCAF_658	13583	5784	0.43	0	4
SCAF_658_region	13583	5784	0.43	0	4
SCAF_659	13535	5210	0.38	0	5
SCAF_659_region	13535	5210	0.38	0	5
SCAF_660	13535	757	0.06	0	6
SCAF_660_region	13535	757	0.06	0	6
SCAF_661	13499	2188	0.16	0	3
SCAF_661_region	13499	2188	0.16	0	3
SCAF_662	13464	1384	0.10	0	4
SCAF_662_region	13464	1384	0.10	0	4
SCAF_663	13438	11403	0.85	0	10
SCAF_663_region	13438	11403	0.85	0	10
SCAF_664	13385	2940204	219.66	0	916
SCAF_664_region	13385	2940204	219.66	0	916
SCAF_665	13357	650	0.05	0	16
SCAF_665_region	13357	650	0.05	0	16
SCAF_666	13330	5177	0.39	0	14
SCAF_666_region	13330	5177	0.39	0	14
SCAF_667	13327	8863	0.67	0	12
SCAF_667_region	13327	8863	0.67	0	12
SCAF_668	13319	4548	0.34	0	10
SCAF_668_region	13319	4548	0.34	0	10
SCAF_669	13303	3772	0.28	0	5
SCAF_669_region	13303	3772	0.28	0	5
SCAF_670	13293	6792	0.51	0	13
SCAF_670_region	13293	6792	0.51	0	13
SCAF_671	13288	25880	1.95	0	15
SCAF_671_region	13288	25880	1.95	0	15
SCAF_672	13266	2485	0.19	0	8
SCAF_672_region	13266	2485	0.19	0	8
SCAF_673	13189	2901	0.22	0	32
SCAF_673_region	13189	2901	0.22	0	32
SCAF_674	13149	14598	1.11	0	10
SCAF_674_region	13149	14598	1.11	0	10
SCAF_675	13128	12196	0.93	0	14
SCAF_675_region	13128	12196	0.93	0	14
SCAF_676	13120	11855	0.90	0	5
SCAF_676_region	13120	11855	0.90	0	5
SCAF_677	13080	22018	1.68	0	177
SCAF_677_region	13080	22018	1.68	0	177
SCAF_678	13050	2959	0.23	0	5
SCAF_678_region	13050	2959	0.23	0	5
SCAF_679	13043	2393	0.18	0	11
SCAF_679_region	13043	2393	0.18	0	11
SCAF_680	13008	2711	0.21	0	3
SCAF_680_region	13008	2711	0.21	0	3
SCAF_681	13001	831	0.06	0	14
SCAF_681_region	13001	831	0.06	0	14
SCAF_682	12997	22257	1.71	0	15
SCAF_682_region	12997	22257	1.71	0	15
SCAF_683	12986	5307	0.41	0	130
SCAF_683_region	12986	5307	0.41	0	130
SCAF_684	12871	3247	0.25	0	58
SCAF_684_region	12871	3247	0.25	0	58
SCAF_685	12842	1524	0.12	0	14
SCAF_685_region	12842	1524	0.12	0	14
SCAF_686	12830	2128	0.17	0	6
SCAF_686_region	12830	2128	0.17	0	6
SCAF_687	12781	3369	0.26	0	8
SCAF_687_region	12781	3369	0.26	0	8
SCAF_688	12768	29329	2.30	0	13
SCAF_688_region	12768	29329	2.30	0	13
SCAF_689	12768	3217	0.25	0	4
SCAF_689_region	12768	3217	0.25	0	4
SCAF_690	12764	3302	0.26	0	5
SCAF_690_region	12764	3302	0.26	0	5
SCAF_691	12677	909	0.07	0	5
SCAF_691_region	12677	909	0.07	0	5
SCAF_692	12675	969	0.08	0	18
SCAF_692_region	12675	969	0.08	0	18
SCAF_693	12651	2550	0.20	0	19
SCAF_693_region	12651	2550	0.20	0	19
SCAF_694	12646	3404	0.27	0	8
SCAF_694_region	12646	3404	0.27	0	8
SCAF_695	12643	21952	1.74	0	9
SCAF_695_region	12643	21952	1.74	0	9
SCAF_696	12633	1367	0.11	0	2
SCAF_696_region	12633	1367	0.11	0	2
SCAF_697	12625	4166	0.33	0	16
SCAF_697_region	12625	4166	0.33	0	16
SCAF_698	12617	32151	2.55	0	30
SCAF_698_region	12617	32151	2.55	0	30
SCAF_699	12540	2047	0.16	0	3
SCAF_699_region	12540	2047	0.16	0	3
SCAF_700	12515	214	0.02	0	4
SCAF_700_region	12515	214	0.02	0	4
SCAF_701	12482	326	0.03	0	2
SCAF_701_region	12482	326	0.03	0	2
SCAF_702	12461	5633	0.45	0	8
SCAF_702_region	12461	5633	0.45	0	8
SCAF_703	12456	19401	1.56	0	23
SCAF_703_region	12456	19401	1.56	0	23
SCAF_704	12456	1310	0.11	0	5
SCAF_704_region	12456	1310	0.11	0	5
SCAF_705	12358	6716	0.54	0	19
SCAF_705_region	12358	6716	0.54	0	19
SCAF_706	12350	34356	2.78	0	15
SCAF_706_region	12350	34356	2.78	0	15
SCAF_707	12343	968	0.08	0	2
SCAF_707_region	12343	968	0.08	0	2
SCAF_708	12333	542	0.04	0	7
SCAF_708_region	12333	542	0.04	0	7
SCAF_709	12319	3621998	294.02	0	3607
SCAF_709_region	12319	3621998	294.02	0	3607
SCAF_710	12288	713	0.06	0	3
SCAF_710_region	12288	713	0.06	0	3
SCAF_711	12252	39041	3.19	0	12
SCAF_711_region	12252	39041	3.19	0	12
SCAF_712	12218	84416	6.91	0	158
SCAF_712_region	12218	84416	6.91	0	158
SCAF_713	12177	40729	3.34	0	11
SCAF_713_region	12177	40729	3.34	0	11
SCAF_714	12167	2080	0.17	0	4
SCAF_714_region	12167	2080	0.17	0	4
SCAF_715	12163	819	0.07	0	25
SCAF_715_region	12163	819	0.07	0	25
SCAF_716	12143	3542	0.29	0	14
SCAF_716_region	12143	3542	0.29	0	14
SCAF_717	12102	447	0.04	0	2
SCAF_717_region	12102	447	0.04	0	2
SCAF_718	12099	2431	0.20	0	4
SCAF_718_region	12099	2431	0.20	0	4
SCAF_719	12095	1124	0.09	0	4
SCAF_719_region	12095	1124	0.09	0	4
SCAF_720	12085	3570	0.30	0	7
SCAF_720_region	12085	3570	0.30	0	7
SCAF_721	12078	1409	0.12	0	3
SCAF_721_region	12078	1409	0.12	0	3
SCAF_722	12066	8561	0.71	0	8
SCAF_722_region	12066	8561	0.71	0	8
SCAF_723	12015	3798	0.32	0	4
SCAF_723_region	12015	3798	0.32	0	4
SCAF_724	12004	6224	0.52	0	5
SCAF_724_region	12004	6224	0.52	0	5
SCAF_725	11949	5258	0.44	0	17
SCAF_725_region	11949	5258	0.44	0	17
SCAF_726	11911	782	0.07	0	22
SCAF_726_region	11911	782	0.07	0	22
SCAF_727	11900	874	0.07	0	3
SCAF_727_region	11900	874	0.07	0	3
SCAF_728	11869	27198	2.29	0	38
SCAF_728_region	11869	27198	2.29	0	38
SCAF_729	11788	39977	3.39	0	15
SCAF_729_region	11788	39977	3.39	0	15
SCAF_730	11785	18508	1.57	0	9
SCAF_730_region	11785	18508	1.57	0	9
SCAF_731	11750	4294	0.37	0	6
SCAF_731_region	11750	4294	0.37	0	6
SCAF_732	11699	1269	0.11	0	3
SCAF_732_region	11699	1269	0.11	0	3
SCAF_733	11674	390	0.03	0	2
SCAF_733_region	11674	390	0.03	0	2
SCAF_734	11658	5443	0.47	0	12
SCAF_734_region	11658	5443	0.47	0	12
SCAF_735	11648	32557	2.80	0	10
SCAF_735_region	11648	32557	2.80	0	10
SCAF_736	11642	6221	0.53	0	4
SCAF_736_region	11642	6221	0.53	0	4
SCAF_737	11612	561	0.05	0	2
SCAF_737_region	11612	561	0.05	0	2
SCAF_738	11595	223	0.02	0	2
SCAF_738_region	11595	223	0.02	0	2
SCAF_739	11525	4323	0.38	0	23
SCAF_739_region	11525	4323	0.38	0	23
SCAF_740	11505	5158	0.45	0	9
SCAF_740_region	11505	5158	0.45	0	9
SCAF_741	11492	3419	0.30	0	6
SCAF_741_region	11492	3419	0.30	0	6
SCAF_742	11467	7239984	631.38	0	2730
SCAF_742_region	11467	7239984	631.38	0	2730
SCAF_743	11404	39	0.00	0	1
SCAF_743_region	11404	39	0.00	0	1
SCAF_744	11377	3025	0.27	0	9
SCAF_744_region	11377	3025	0.27	0	9
SCAF_745	11364	3801	0.33	0	8
SCAF_745_region	11364	3801	0.33	0	8
SCAF_746	11318	307	0.03	0	4
SCAF_746_region	11318	307	0.03	0	4
SCAF_747	11311	45851	4.05	0	187
SCAF_747_region	11311	45851	4.05	0	187
SCAF_748	11306	8486	0.75	0	15
SCAF_748_region	11306	8486	0.75	0	15
SCAF_749	11299	7755	0.69	0	8
SCAF_749_region	11299	7755	0.69	0	8
SCAF_750	11284	4952	0.44	0	10
SCAF_750_region	11284	4952	0.44	0	10
SCAF_751	11276	1225	0.11	0	2
SCAF_751_region	11276	1225	0.11	0	2
SCAF_752	11267	684	0.06	0	4
SCAF_752_region	11267	684	0.06	0	4
SCAF_753	11254	1903	0.17	0	4
SCAF_753_region	11254	1903	0.17	0	4
SCAF_754	11236	13794	1.23	0	15
SCAF_754_region	11236	13794	1.23	0	15
SCAF_755	11231	643	0.06	0	2
SCAF_755_region	11231	643	0.06	0	2
SCAF_756	11200	15473	1.38	0	7
SCAF_756_region	11200	15473	1.38	0	7
SCAF_757	11195	4134	0.37	0	5
SCAF_757_region	11195	4134	0.37	0	5
SCAF_758	11126	955	0.09	0	7
SCAF_758_region	11126	955	0.09	0	7
SCAF_759	11118	2642	0.24	0	5
SCAF_759_region	11118	2642	0.24	0	5
SCAF_760	11100	2031	0.18	0	3
SCAF_760_region	11100	2031	0.18	0	3
SCAF_761	11097	1301	0.12	0	2
SCAF_761_region	11097	1301	0.12	0	2
SCAF_762	11029	1613	0.15	0	15
SCAF_762_region	11029	1613	0.15	0	15
SCAF_763	11019	5589	0.51	0	4
SCAF_763_region	11019	5589	0.51	0	4
SCAF_764	10979	4506	0.41	0	30
SCAF_764_region	10979	4506	0.41	0	30
SCAF_765	10957	468	0.04	0	2
SCAF_765_region	10957	468	0.04	0	2
SCAF_766	10940	3449	0.32	0	12
SCAF_766_region	10940	3449	0.32	0	12
SCAF_767	10913	7693	0.70	0	6
SCAF_767_region	10913	7693	0.70	0	6
SCAF_768	10886	11144	1.02	0	6
SCAF_768_region	10886	11144	1.02	0	6
SCAF_769	10867	1585	0.15	0	3
SCAF_769_region	10867	1585	0.15	0	3
SCAF_770	10816	1821	0.17	0	8
SCAF_770_region	10816	1821	0.17	0	8
SCAF_771	10810	449	0.04	0	2
SCAF_771_region	10810	449	0.04	0	2
SCAF_772	10709	1984	0.19	0	4
SCAF_772_region	10709	1984	0.19	0	4
SCAF_773	10688	46708	4.37	0	59
SCAF_773_region	10688	46708	4.37	0	59
SCAF_774	10648	18438	1.73	0	24
SCAF_774_region	10648	18438	1.73	0	24
SCAF_775	10642	264	0.02	0	1
SCAF_775_region	10642	264	0.02	0	1
SCAF_776	10612	1455	0.14	0	17
SCAF_776_region	10612	1455	0.14	0	17
SCAF_777	10608	21428	2.02	0	9
SCAF_777_region	10608	21428	2.02	0	9
SCAF_778	10604	1277	0.12	0	2
SCAF_778_region	10604	1277	0.12	0	2
SCAF_779	10578	524	0.05	0	1
SCAF_779_region	10578	524	0.05	0	1
SCAF_780	10571	583	0.06	0	4
SCAF_780_region	10571	583	0.06	0	4
SCAF_781	10511	557	0.05	0	2
SCAF_781_region	10511	557	0.05	0	2
SCAF_782	10492	607	0.06	0	2
SCAF_782_region	10492	607	0.06	0	2
SCAF_783	10421	3628	0.35	0	9
SCAF_783_region	10421	3628	0.35	0	9
SCAF_784	10379	18870	1.82	0	12
SCAF_784_region	10379	18870	1.82	0	12
SCAF_785	10337	2486	0.24	0	3
SCAF_785_region	10337	2486	0.24	0	3
SCAF_786	10326	6465	0.63	0	9
SCAF_786_region	10326	6465	0.63	0	9
SCAF_787	10326	938	0.09	0	4
SCAF_787_region	10326	938	0.09	0	4
SCAF_788	10316	1716	0.17	0	17
SCAF_788_region	10316	1716	0.17	0	17
SCAF_789	10256	20	0.00	0	1
SCAF_789_region	10256	20	0.00	0	1
SCAF_790	10228	2944	0.29	0	4
SCAF_790_region	10228	2944	0.29	0	4
SCAF_791	10185	2756	0.27	0	3
SCAF_791_region	10185	2756	0.27	0	3
SCAF_792	10184	7844	0.77	0	29
SCAF_792_region	10184	7844	0.77	0	29
SCAF_793	10160	6712	0.66	0	4
SCAF_793_region	10160	6712	0.66	0	4
SCAF_794	10147	301	0.03	0	2
SCAF_794_region	10147	301	0.03	0	2
SCAF_795	10110	4134	0.41	0	6
SCAF_795_region	10110	4134	0.41	0	6
SCAF_796	10045	57	0.01	0	1
SCAF_796_region	10045	57	0.01	0	1
SCAF_797	10015	13367	1.33	0	32
SCAF_797_region	10015	13367	1.33	0	32
SCAF_798	10012	6530	0.65	0	8
SCAF_798_region	10012	6530	0.65	0	8
SCAF_799	9978	5731	0.57	0	4
SCAF_799_region	9978	5731	0.57	0	4
SCAF_800	9947	24931	2.51	0	81
SCAF_800_region	9947	24931	2.51	0	81
SCAF_801	9941	1698	0.17	0	5
SCAF_801_region	9941	1698	0.17	0	5
SCAF_802	9910	145	0.01	0	1
SCAF_802_region	9910	145	0.01	0	1
SCAF_803	9879	2567	0.26	0	4
SCAF_803_region	9879	2567	0.26	0	4
SCAF_804	9861	9950	1.01	0	8
SCAF_804_region	9861	9950	1.01	0	8
SCAF_805	9859	590	0.06	0	2
SCAF_805_region	9859	590	0.06	0	2
SCAF_806	9855	3350	0.34	0	6
SCAF_806_region	9855	3350	0.34	0	6
SCAF_807	9792	2490	0.25	0	11
SCAF_807_region	9792	2490	0.25	0	11
SCAF_808	9784	2802	0.29	0	3
SCAF_808_region	9784	2802	0.29	0	3
SCAF_809	9773	4288	0.44	0	30
SCAF_809_region	9773	4288	0.44	0	30
SCAF_810	9756	466	0.05	0	2
SCAF_810_region	9756	466	0.05	0	2
SCAF_811	9753	2183	0.22	0	15
SCAF_811_region	9753	2183	0.22	0	15
SCAF_812	9719	902	0.09	0	7
SCAF_812_region	9719	902	0.09	0	7
SCAF_813	9715	1462	0.15	0	8
SCAF_813_region	9715	1462	0.15	0	8
SCAF_814	9708	3372	0.35	0	9
SCAF_814_region	9708	3372	0.35	0	9
SCAF_815	9700	1073	0.11	0	1
SCAF_815_region	9700	1073	0.11	0	1
SCAF_816	9673	3029	0.31	0	20
SCAF_816_region	9673	3029	0.31	0	20
SCAF_817	9638	1995	0.21	0	3
SCAF_817_region	9638	1995	0.21	0	3
SCAF_818	9601	4281	0.45	0	8
SCAF_818_region	9601	4281	0.45	0	8
SCAF_819	9601	2065	0.22	0	3
SCAF_819_region	9601	2065	0.22	0	3
SCAF_820	9550	90933	9.52	0	101
SCAF_820_region	9550	90933	9.52	0	101
SCAF_821	9533	1126	0.12	0	1
SCAF_821_region	9533	1126	0.12	0	1
SCAF_822	9498	1686	0.18	0	7
SCAF_822_region	9498	1686	0.18	0	7
SCAF_823	9466	2020050	213.40	0	1311
SCAF_823_region	9466	2020050	213.40	0	1311
SCAF_824	9457	300	0.03	0	3
SCAF_824_region	9457	300	0.03	0	3
SCAF_825	9446	7609	0.81	0	7
SCAF_825_region	9446	7609	0.81	0	7
SCAF_826	9385	13820	1.47	0	8
SCAF_826_region	9385	13820	1.47	0	8
SCAF_827	9376	8680	0.93	0	12
SCAF_827_region	9376	8680	0.93	0	12
SCAF_828	9365	504	0.05	0	4
SCAF_828_region	9365	504	0.05	0	4
SCAF_829	9320	4303	0.46	0	6
SCAF_829_region	9320	4303	0.46	0	6
SCAF_830	9303	1278	0.14	0	2
SCAF_830_region	9303	1278	0.14	0	2
SCAF_831	9295	2432	0.26	0	3
SCAF_831_region	9295	2432	0.26	0	3
SCAF_832	9282	4217	0.45	0	5
SCAF_832_region	9282	4217	0.45	0	5
SCAF_833	9263	513	0.06	0	2
SCAF_833_region	9263	513	0.06	0	2
SCAF_834	9159	264220	28.85	0	1073
SCAF_834_region	9159	264220	28.85	0	1073
SCAF_835	9159	6794	0.74	0	5
SCAF_835_region	9159	6794	0.74	0	5
SCAF_836	9157	3761	0.41	0	5
SCAF_836_region	9157	3761	0.41	0	5
SCAF_837	9095	884	0.10	0	15
SCAF_837_region	9095	884	0.10	0	15
SCAF_838	9078	6533	0.72	0	10
SCAF_838_region	9078	6533	0.72	0	10
SCAF_839	9057	7793	0.86	0	5
SCAF_839_region	9057	7793	0.86	0	5
SCAF_840	9014	484	0.05	0	2
SCAF_840_region	9014	484	0.05	0	2
SCAF_841	8986	11293	1.26	0	20
SCAF_841_region	8986	11293	1.26	0	20
SCAF_842	8986	908	0.10	0	9
SCAF_842_region	8986	908	0.10	0	9
SCAF_843	8952	447	0.05	0	2
SCAF_843_region	8952	447	0.05	0	2
SCAF_844	8935	118909	13.31	0	612
SCAF_844_region	8935	118909	13.31	0	612
SCAF_845	8927	17176	1.92	0	10
SCAF_845_region	8927	17176	1.92	0	10
SCAF_846	8908	26016	2.92	0	63
SCAF_846_region	8908	26016	2.92	0	63
SCAF_847	8868	2717	0.31	0	6
SCAF_847_region	8868	2717	0.31	0	6
SCAF_848	8867	371	0.04	0	3
SCAF_848_region	8867	371	0.04	0	3
SCAF_849	8825	7453	0.84	0	11
SCAF_849_region	8825	7453	0.84	0	11
SCAF_850	8771	1013	0.12	0	3
SCAF_850_region	8771	1013	0.12	0	3
SCAF_851	8703	4045	0.46	0	4
SCAF_851_region	8703	4045	0.46	0	4
SCAF_852	8695	155	0.02	0	2
SCAF_852_region	8695	155	0.02	0	2
SCAF_853	8662	19	0.00	0	1
SCAF_853_region	8662	19	0.00	0	1
SCAF_854	8634	452	0.05	0	11
SCAF_854_region	8634	452	0.05	0	11
SCAF_855	8630	293	0.03	0	1
SCAF_855_region	8630	293	0.03	0	1
SCAF_856	8617	3177281	368.72	0	1447
SCAF_856_region	8617	3177281	368.72	0	1447
SCAF_857	8469	6170	0.73	0	11
SCAF_857_region	8469	6170	0.73	0	11
SCAF_858	8431	44	0.01	0	1
SCAF_858_region	8431	44	0.01	0	1
SCAF_859	8397	758	0.09	0	2
SCAF_859_region	8397	758	0.09	0	2
SCAF_860	8390	147	0.02	0	1
SCAF_860_region	8390	147	0.02	0	1
SCAF_861	8357	661	0.08	0	3
SCAF_861_region	8357	661	0.08	0	3
SCAF_862	8342	936633	112.28	0	11033
SCAF_862_region	8342	936633	112.28	0	11033
SCAF_863	8337	74	0.01	0	1
SCAF_863_region	8337	74	0.01	0	1
SCAF_864	8258	5800	0.70	0	14
SCAF_864_region	8258	5800	0.70	0	14
SCAF_865	8103	807	0.10	0	2
SCAF_865_region	8103	807	0.10	0	2
SCAF_866	8034	129	0.02	0	1
SCAF_866_region	8034	129	0.02	0	1
SCAF_867	8027	4748	0.59	0	7
SCAF_867_region	8027	4748	0.59	0	7
SCAF_868	8017	2711	0.34	0	4
SCAF_868_region	8017	2711	0.34	0	4
SCAF_869	8015	2809	0.35	0	6
SCAF_869_region	8015	2809	0.35	0	6
SCAF_870	8015	2471	0.31	0	3
SCAF_870_region	8015	2471	0.31	0	3
SCAF_871	8000	1120	0.14	0	7
SCAF_871_region	8000	1120	0.14	0	7
SCAF_872	7790	616	0.08	0	24
SCAF_872_region	7790	616	0.08	0	24
SCAF_873	7773	563	0.07	0	3
SCAF_873_region	7773	563	0.07	0	3
SCAF_874	7763	13143	1.69	0	8
SCAF_874_region	7763	13143	1.69	0	8
SCAF_875	7721	151	0.02	0	4
SCAF_875_region	7721	151	0.02	0	4
SCAF_876	7701	6813	0.88	0	6
SCAF_876_region	7701	6813	0.88	0	6
SCAF_877	7680	117	0.02	0	2
SCAF_877_region	7680	117	0.02	0	2
SCAF_878	7622	995	0.13	0	4
SCAF_878_region	7622	995	0.13	0	4
SCAF_879	7582	375	0.05	0	3
SCAF_879_region	7582	375	0.05	0	3
SCAF_880	7559	8435	1.12	0	10
SCAF_880_region	7559	8435	1.12	0	10
SCAF_881	7416	1149652	155.02	0	2621
SCAF_881_region	7416	1149652	155.02	0	2621
SCAF_882	7394	10557	1.43	0	9
SCAF_882_region	7394	10557	1.43	0	9
SCAF_883	7363	505	0.07	0	1
SCAF_883_region	7363	505	0.07	0	1
SCAF_884	7338	3101	0.42	0	4
SCAF_884_region	7338	3101	0.42	0	4
SCAF_885	7324	118	0.02	0	1
SCAF_885_region	7324	118	0.02	0	1
SCAF_886	7276	2483	0.34	0	6
SCAF_886_region	7276	2483	0.34	0	6
SCAF_887	7242	1387	0.19	0	3
SCAF_887_region	7242	1387	0.19	0	3
SCAF_888	7231	38	0.01	0	1
SCAF_888_region	7231	38	0.01	0	1
SCAF_889	7198	156	0.02	0	3
SCAF_889_region	7198	156	0.02	0	3
SCAF_890	7142	637	0.09	0	2
SCAF_890_region	7142	637	0.09	0	2
SCAF_891	7028	4864	0.69	0	11
SCAF_891_region	7028	4864	0.69	0	11
SCAF_892	7025	3915	0.56	0	6
SCAF_892_region	7025	3915	0.56	0	6
SCAF_893	7015	1681	0.24	0	4
SCAF_893_region	7015	1681	0.24	0	4
SCAF_894	6958	3312	0.48	0	4
SCAF_894_region	6958	3312	0.48	0	4
SCAF_895	6948	3134	0.45	0	4
SCAF_895_region	6948	3134	0.45	0	4
SCAF_896	6829	1465685	214.63	0	760
SCAF_896_region	6829	1465685	214.63	0	760
SCAF_897	6804	955	0.14	0	16
SCAF_897_region	6804	955	0.14	0	16
SCAF_898	6754	1066359	157.89	0	2341
SCAF_898_region	6754	1066359	157.89	0	2341
SCAF_899	6732	2247	0.33	0	17
SCAF_899_region	6732	2247	0.33	0	17
SCAF_900	6698	18551	2.77	0	40
SCAF_900_region	6698	18551	2.77	0	40
SCAF_901	6642	1114	0.17	0	18
SCAF_901_region	6642	1114	0.17	0	18
SCAF_902	6588	5430	0.82	0	5
SCAF_902_region	6588	5430	0.82	0	5
SCAF_903	6549	16557	2.53	0	12
SCAF_903_region	6549	16557	2.53	0	12
SCAF_904	6496	2047	0.32	0	7
SCAF_904_region	6496	2047	0.32	0	7
SCAF_905	6483	156	0.02	0	1
SCAF_905_region	6483	156	0.02	0	1
SCAF_906	6367	58	0.01	0	1
SCAF_906_region	6367	58	0.01	0	1
SCAF_907	6367	7194	1.13	0	12
SCAF_907_region	6367	7194	1.13	0	12
SCAF_908	6228	129304	20.76	0	209
SCAF_908_region	6228	129304	20.76	0	209
SCAF_909	6173	9073	1.47	0	17
SCAF_909_region	6173	9073	1.47	0	17
SCAF_910	6170	130	0.02	0	1
SCAF_910_region	6170	130	0.02	0	1
SCAF_911	6077	6401	1.05	0	9
SCAF_911_region	6077	6401	1.05	0	9
SCAF_912	6073	8397	1.38	0	108
SCAF_912_region	6073	8397	1.38	0	108
SCAF_913	6059	543663	89.73	0	1096
SCAF_913_region	6059	543663	89.73	0	1096
SCAF_914	6001	2468	0.41	0	5
SCAF_914_region	6001	2468	0.41	0	5
SCAF_915	5869	81163	13.83	0	194
SCAF_915_region	5869	81163	13.83	0	194
SCAF_916	5803	1580	0.27	0	5
SCAF_916_region	5803	1580	0.27	0	5
SCAF_917	5661	3601	0.64	0	6
SCAF_917_region	5661	3601	0.64	0	6
SCAF_918	5277	5200	0.99	0	8
SCAF_918_region	5277	5200	0.99	0	8
total	51514314	3711511727	72.05	0	479043
total_region	51514314	3711511727	72.05	0	479043
