chrom	length	bases	mean	min	max
SCAF_1	5574741	342125509	61.37	0	2350
SCAF_1_region	5574741	342125509	61.37	0	2350
SCAF_2	4079479	263037540	64.48	0	3473
SCAF_2_region	4079479	263037540	64.48	0	3473
SCAF_3	3666439	231163641	63.05	0	4076
SCAF_3_region	3666439	231163641	63.05	0	4076
SCAF_4	2601389	196049532	75.36	0	2133
SCAF_4_region	2601389	196049532	75.36	0	2133
SCAF_5	2032088	129766479	63.86	0	2219
SCAF_5_region	2032088	129766479	63.86	0	2219
SCAF_6	1976889	141470357	71.56	0	2605
SCAF_6_region	1976889	141470357	71.56	0	2605
SCAF_7	1932263	126498577	65.47	0	3102
SCAF_7_region	1932263	126498577	65.47	0	3102
SCAF_8	1669080	98302932	58.90	0	1520
SCAF_8_region	1669080	98302932	58.90	0	1520
SCAF_9	1646134	107397581	65.24	0	1585
SCAF_9_region	1646134	107397581	65.24	0	1585
SCAF_10	1570817	102122730	65.01	0	1068
SCAF_10_region	1570817	102122730	65.01	0	1068
SCAF_11	1437752	101021087	70.26	0	725
SCAF_11_region	1437752	101021087	70.26	0	725
SCAF_12	978195	82476430	84.31	0	327035
SCAF_12_region	978195	82476430	84.31	0	327035
SCAF_13	598471	4103544	6.86	0	2342
SCAF_13_region	598471	4103544	6.86	0	2342
SCAF_14	247525	136494750	551.44	0	7770
SCAF_14_region	247525	136494750	551.44	0	7770
SCAF_15	224905	1438667	6.40	0	41
SCAF_15_region	224905	1438667	6.40	0	41
SCAF_16	181804	4416142	24.29	0	6299
SCAF_16_region	181804	4416142	24.29	0	6299
SCAF_17	176395	1216420	6.90	0	38
SCAF_17_region	176395	1216420	6.90	0	38
SCAF_18	160122	638313	3.99	0	70
SCAF_18_region	160122	638313	3.99	0	70
SCAF_19	139354	378343	2.71	0	43
SCAF_19_region	139354	378343	2.71	0	43
SCAF_20	131876	919291	6.97	0	56
SCAF_20_region	131876	919291	6.97	0	56
SCAF_21	130124	911109	7.00	0	76
SCAF_21_region	130124	911109	7.00	0	76
SCAF_22	121580	893790	7.35	0	25
SCAF_22_region	121580	893790	7.35	0	25
SCAF_23	117381	745068	6.35	0	49
SCAF_23_region	117381	745068	6.35	0	49
SCAF_24	115879	716247	6.18	0	27
SCAF_24_region	115879	716247	6.18	0	27
SCAF_25	115495	682842	5.91	0	30
SCAF_25_region	115495	682842	5.91	0	30
SCAF_26	113072	751211	6.64	0	24
SCAF_26_region	113072	751211	6.64	0	24
SCAF_27	110609	3720924	33.64	0	2250
SCAF_27_region	110609	3720924	33.64	0	2250
SCAF_28	109542	251081	2.29	0	38
SCAF_28_region	109542	251081	2.29	0	38
SCAF_29	108319	4404026	40.66	0	479
SCAF_29_region	108319	4404026	40.66	0	479
SCAF_30	107902	698567	6.47	0	797
SCAF_30_region	107902	698567	6.47	0	797
SCAF_31	106626	287307	2.69	0	334
SCAF_31_region	106626	287307	2.69	0	334
SCAF_32	102192	348521	3.41	0	822
SCAF_32_region	102192	348521	3.41	0	822
SCAF_33	98221	783479	7.98	0	28
SCAF_33_region	98221	783479	7.98	0	28
SCAF_34	97882	886431	9.06	0	38
SCAF_34_region	97882	886431	9.06	0	38
SCAF_35	95705	137234	1.43	0	260
SCAF_35_region	95705	137234	1.43	0	260
SCAF_36	94431	603048	6.39	0	32
SCAF_36_region	94431	603048	6.39	0	32
SCAF_37	92851	337150	3.63	0	65
SCAF_37_region	92851	337150	3.63	0	65
SCAF_38	89142	710992	7.98	0	75
SCAF_38_region	89142	710992	7.98	0	75
SCAF_39	88257	454608	5.15	0	31
SCAF_39_region	88257	454608	5.15	0	31
SCAF_40	85354	818472	9.59	0	72
SCAF_40_region	85354	818472	9.59	0	72
SCAF_41	82239	611148	7.43	0	31
SCAF_41_region	82239	611148	7.43	0	31
SCAF_42	77162	573090	7.43	0	34
SCAF_42_region	77162	573090	7.43	0	34
SCAF_43	76714	590921	7.70	0	29
SCAF_43_region	76714	590921	7.70	0	29
SCAF_44	76272	92357	1.21	0	228
SCAF_44_region	76272	92357	1.21	0	228
SCAF_45	73110	52910	0.72	0	89
SCAF_45_region	73110	52910	0.72	0	89
SCAF_46	72118	763955	10.59	0	30
SCAF_46_region	72118	763955	10.59	0	30
SCAF_47	70166	512863	7.31	0	32
SCAF_47_region	70166	512863	7.31	0	32
SCAF_48	69627	699940	10.05	0	28
SCAF_48_region	69627	699940	10.05	0	28
SCAF_49	69624	195621	2.81	0	277
SCAF_49_region	69624	195621	2.81	0	277
SCAF_50	68258	561430	8.23	0	32
SCAF_50_region	68258	561430	8.23	0	32
SCAF_51	66966	258237	3.86	0	53
SCAF_51_region	66966	258237	3.86	0	53
SCAF_52	66855	230559	3.45	0	32
SCAF_52_region	66855	230559	3.45	0	32
SCAF_53	65552	173718	2.65	0	56
SCAF_53_region	65552	173718	2.65	0	56
SCAF_54	65267	266114	4.08	0	42
SCAF_54_region	65267	266114	4.08	0	42
SCAF_55	65114	269650	4.14	0	25
SCAF_55_region	65114	269650	4.14	0	25
SCAF_56	62812	247441	3.94	0	49
SCAF_56_region	62812	247441	3.94	0	49
SCAF_57	62187	70516	1.13	0	25
SCAF_57_region	62187	70516	1.13	0	25
SCAF_58	61544	101515	1.65	0	76
SCAF_58_region	61544	101515	1.65	0	76
SCAF_59	61533	157507	2.56	0	30
SCAF_59_region	61533	157507	2.56	0	30
SCAF_60	61411	1480452	24.11	0	1716
SCAF_60_region	61411	1480452	24.11	0	1716
SCAF_61	61115	642668	10.52	0	33
SCAF_61_region	61115	642668	10.52	0	33
SCAF_62	59972	132255	2.21	0	143
SCAF_62_region	59972	132255	2.21	0	143
SCAF_63	59743	53715	0.90	0	109
SCAF_63_region	59743	53715	0.90	0	109
SCAF_64	58841	225380	3.83	0	690
SCAF_64_region	58841	225380	3.83	0	690
SCAF_65	58838	186128	3.16	0	26
SCAF_65_region	58838	186128	3.16	0	26
SCAF_66	58483	62178	1.06	0	122
SCAF_66_region	58483	62178	1.06	0	122
SCAF_67	57162	231982	4.06	0	70
SCAF_67_region	57162	231982	4.06	0	70
SCAF_68	56404	6470	0.11	0	34
SCAF_68_region	56404	6470	0.11	0	34
SCAF_69	55942	46022	0.82	0	8
SCAF_69_region	55942	46022	0.82	0	8
SCAF_70	55722	563874	10.12	0	35
SCAF_70_region	55722	563874	10.12	0	35
SCAF_71	55604	474406	8.53	0	27
SCAF_71_region	55604	474406	8.53	0	27
SCAF_72	54709	15307	0.28	0	4
SCAF_72_region	54709	15307	0.28	0	4
SCAF_73	52157	12689	0.24	0	11
SCAF_73_region	52157	12689	0.24	0	11
SCAF_74	52077	381699	7.33	0	30
SCAF_74_region	52077	381699	7.33	0	30
SCAF_75	51185	354483	6.93	0	45
SCAF_75_region	51185	354483	6.93	0	45
SCAF_76	50428	2908940	57.69	0	1084
SCAF_76_region	50428	2908940	57.69	0	1084
SCAF_77	50384	47000	0.93	0	11
SCAF_77_region	50384	47000	0.93	0	11
SCAF_78	49366	480618	9.74	0	36
SCAF_78_region	49366	480618	9.74	0	36
SCAF_79	49160	104985	2.14	0	47
SCAF_79_region	49160	104985	2.14	0	47
SCAF_80	48966	334671	6.83	0	29
SCAF_80_region	48966	334671	6.83	0	29
SCAF_81	48848	42634	0.87	0	13
SCAF_81_region	48848	42634	0.87	0	13
SCAF_82	48542	245747	5.06	0	52
SCAF_82_region	48542	245747	5.06	0	52
SCAF_83	48542	14696	0.30	0	11
SCAF_83_region	48542	14696	0.30	0	11
SCAF_84	47775	173972	3.64	0	28
SCAF_84_region	47775	173972	3.64	0	28
SCAF_85	47318	472151	9.98	0	35
SCAF_85_region	47318	472151	9.98	0	35
SCAF_86	46994	389180	8.28	0	29
SCAF_86_region	46994	389180	8.28	0	29
SCAF_87	46805	344537	7.36	0	27
SCAF_87_region	46805	344537	7.36	0	27
SCAF_88	46738	62325	1.33	0	16
SCAF_88_region	46738	62325	1.33	0	16
SCAF_89	46547	289349	6.22	0	29
SCAF_89_region	46547	289349	6.22	0	29
SCAF_90	46221	146882	3.18	0	32
SCAF_90_region	46221	146882	3.18	0	32
SCAF_91	44916	448724	9.99	0	27
SCAF_91_region	44916	448724	9.99	0	27
SCAF_92	44616	12918963	289.56	0	5259
SCAF_92_region	44616	12918963	289.56	0	5259
SCAF_93	44136	124100	2.81	0	17
SCAF_93_region	44136	124100	2.81	0	17
SCAF_94	43913	82728	1.88	0	23
SCAF_94_region	43913	82728	1.88	0	23
SCAF_95	43808	49077	1.12	0	14
SCAF_95_region	43808	49077	1.12	0	14
SCAF_96	43342	121303	2.80	0	27
SCAF_96_region	43342	121303	2.80	0	27
SCAF_97	43038	10430354	242.35	0	8768
SCAF_97_region	43038	10430354	242.35	0	8768
SCAF_98	42896	103413	2.41	0	34
SCAF_98_region	42896	103413	2.41	0	34
SCAF_99	42178	222590	5.28	0	27
SCAF_99_region	42178	222590	5.28	0	27
SCAF_100	41993	150425	3.58	0	33
SCAF_100_region	41993	150425	3.58	0	33
SCAF_101	41585	341661	8.22	0	25
SCAF_101_region	41585	341661	8.22	0	25
SCAF_102	41267	2621361	63.52	0	196
SCAF_102_region	41267	2621361	63.52	0	196
SCAF_103	41164	26327	0.64	0	7
SCAF_103_region	41164	26327	0.64	0	7
SCAF_104	40984	18898	0.46	0	6
SCAF_104_region	40984	18898	0.46	0	6
SCAF_105	40971	156558	3.82	0	44
SCAF_105_region	40971	156558	3.82	0	44
SCAF_106	40689	298566	7.34	0	29
SCAF_106_region	40689	298566	7.34	0	29
SCAF_107	40038	141962	3.55	0	65
SCAF_107_region	40038	141962	3.55	0	65
SCAF_108	39998	139080	3.48	0	59
SCAF_108_region	39998	139080	3.48	0	59
SCAF_109	39904	138311	3.47	0	14
SCAF_109_region	39904	138311	3.47	0	14
SCAF_110	39605	112213	2.83	0	28
SCAF_110_region	39605	112213	2.83	0	28
SCAF_111	39279	38251	0.97	0	26
SCAF_111_region	39279	38251	0.97	0	26
SCAF_112	39164	2628785	67.12	0	224
SCAF_112_region	39164	2628785	67.12	0	224
SCAF_113	39049	35803	0.92	0	9
SCAF_113_region	39049	35803	0.92	0	9
SCAF_114	38983	160845	4.13	0	23
SCAF_114_region	38983	160845	4.13	0	23
SCAF_115	38824	578171	14.89	0	871
SCAF_115_region	38824	578171	14.89	0	871
SCAF_116	37823	155355	4.11	0	23
SCAF_116_region	37823	155355	4.11	0	23
SCAF_117	37728	9771388	259.00	0	3822
SCAF_117_region	37728	9771388	259.00	0	3822
SCAF_118	37705	326889	8.67	0	30
SCAF_118_region	37705	326889	8.67	0	30
SCAF_119	37514	229910	6.13	0	68
SCAF_119_region	37514	229910	6.13	0	68
SCAF_120	37456	5859182	156.43	0	1095
SCAF_120_region	37456	5859182	156.43	0	1095
SCAF_121	37441	5699909	152.24	0	2369
SCAF_121_region	37441	5699909	152.24	0	2369
SCAF_122	37347	143349	3.84	0	449
SCAF_122_region	37347	143349	3.84	0	449
SCAF_123	37222	13655	0.37	0	11
SCAF_123_region	37222	13655	0.37	0	11
SCAF_124	36961	85017	2.30	0	243
SCAF_124_region	36961	85017	2.30	0	243
SCAF_125	36710	23708	0.65	0	6
SCAF_125_region	36710	23708	0.65	0	6
SCAF_126	36614	129669	3.54	0	21
SCAF_126_region	36614	129669	3.54	0	21
SCAF_127	36584	248723	6.80	0	22
SCAF_127_region	36584	248723	6.80	0	22
SCAF_128	36068	429971	11.92	0	33
SCAF_128_region	36068	429971	11.92	0	33
SCAF_129	35972	289721	8.05	0	23
SCAF_129_region	35972	289721	8.05	0	23
SCAF_130	35925	295522	8.23	0	24
SCAF_130_region	35925	295522	8.23	0	24
SCAF_131	35704	2707	0.08	0	3
SCAF_131_region	35704	2707	0.08	0	3
SCAF_132	35264	288160	8.17	0	19
SCAF_132_region	35264	288160	8.17	0	19
SCAF_133	35121	8913830	253.80	0	4847
SCAF_133_region	35121	8913830	253.80	0	4847
SCAF_134	35117	102183	2.91	0	19
SCAF_134_region	35117	102183	2.91	0	19
SCAF_135	34903	10422	0.30	0	8
SCAF_135_region	34903	10422	0.30	0	8
SCAF_136	34900	6710184	192.27	0	1026
SCAF_136_region	34900	6710184	192.27	0	1026
SCAF_137	34765	11170	0.32	0	8
SCAF_137_region	34765	11170	0.32	0	8
SCAF_138	34687	48635	1.40	0	65
SCAF_138_region	34687	48635	1.40	0	65
SCAF_139	34615	197536	5.71	0	30
SCAF_139_region	34615	197536	5.71	0	30
SCAF_140	34599	7306654	211.18	0	2114
SCAF_140_region	34599	7306654	211.18	0	2114
SCAF_141	34497	3190210	92.48	0	3710
SCAF_141_region	34497	3190210	92.48	0	3710
SCAF_142	34440	6621515	192.26	0	978
SCAF_142_region	34440	6621515	192.26	0	978
SCAF_143	34384	18440	0.54	0	8
SCAF_143_region	34384	18440	0.54	0	8
SCAF_144	34330	22176	0.65	0	13
SCAF_144_region	34330	22176	0.65	0	13
SCAF_145	34087	136554	4.01	0	21
SCAF_145_region	34087	136554	4.01	0	21
SCAF_146	33692	277689	8.24	0	25
SCAF_146_region	33692	277689	8.24	0	25
SCAF_147	33483	6660107	198.91	0	1745
SCAF_147_region	33483	6660107	198.91	0	1745
SCAF_148	33469	108575	3.24	0	22
SCAF_148_region	33469	108575	3.24	0	22
SCAF_149	33420	4097262	122.60	0	889
SCAF_149_region	33420	4097262	122.60	0	889
SCAF_150	33347	104829	3.14	0	38
SCAF_150_region	33347	104829	3.14	0	38
SCAF_151	33283	20364	0.61	0	15
SCAF_151_region	33283	20364	0.61	0	15
SCAF_152	33266	12513	0.38	0	7
SCAF_152_region	33266	12513	0.38	0	7
SCAF_153	33237	35220	1.06	0	7
SCAF_153_region	33237	35220	1.06	0	7
SCAF_154	33139	103751	3.13	0	34
SCAF_154_region	33139	103751	3.13	0	34
SCAF_155	33127	9883269	298.34	0	1826
SCAF_155_region	33127	9883269	298.34	0	1826
SCAF_156	32748	81105	2.48	0	193
SCAF_156_region	32748	81105	2.48	0	193
SCAF_157	32666	283060	8.67	0	181
SCAF_157_region	32666	283060	8.67	0	181
SCAF_158	32618	4021	0.12	0	5
SCAF_158_region	32618	4021	0.12	0	5
SCAF_159	32358	2347	0.07	0	17
SCAF_159_region	32358	2347	0.07	0	17
SCAF_160	32136	16985	0.53	0	8
SCAF_160_region	32136	16985	0.53	0	8
SCAF_161	32035	24935	0.78	0	31
SCAF_161_region	32035	24935	0.78	0	31
SCAF_162	31954	134069	4.20	0	44
SCAF_162_region	31954	134069	4.20	0	44
SCAF_163	31782	31209	0.98	0	15
SCAF_163_region	31782	31209	0.98	0	15
SCAF_164	31669	10392	0.33	0	9
SCAF_164_region	31669	10392	0.33	0	9
SCAF_165	31629	325224	10.28	0	27
SCAF_165_region	31629	325224	10.28	0	27
SCAF_166	31581	5127	0.16	0	8
SCAF_166_region	31581	5127	0.16	0	8
SCAF_167	31556	130522	4.14	0	29
SCAF_167_region	31556	130522	4.14	0	29
SCAF_168	31421	30773	0.98	0	7
SCAF_168_region	31421	30773	0.98	0	7
SCAF_169	31314	18407	0.59	0	9
SCAF_169_region	31314	18407	0.59	0	9
SCAF_170	31127	5927	0.19	0	7
SCAF_170_region	31127	5927	0.19	0	7
SCAF_171	31061	6277916	202.12	0	1128
SCAF_171_region	31061	6277916	202.12	0	1128
SCAF_172	31059	575	0.02	0	5
SCAF_172_region	31059	575	0.02	0	5
SCAF_173	30866	103079	3.34	0	25
SCAF_173_region	30866	103079	3.34	0	25
SCAF_174	30739	7739531	251.78	0	3701
SCAF_174_region	30739	7739531	251.78	0	3701
SCAF_175	30330	63913	2.11	0	82
SCAF_175_region	30330	63913	2.11	0	82
SCAF_176	30301	329091	10.86	0	849
SCAF_176_region	30301	329091	10.86	0	849
SCAF_177	30226	180621	5.98	0	79
SCAF_177_region	30226	180621	5.98	0	79
SCAF_178	30187	64201	2.13	0	22
SCAF_178_region	30187	64201	2.13	0	22
SCAF_179	30183	30706	1.02	0	9
SCAF_179_region	30183	30706	1.02	0	9
SCAF_180	30131	147360	4.89	0	38
SCAF_180_region	30131	147360	4.89	0	38
SCAF_181	30071	41994	1.40	0	20
SCAF_181_region	30071	41994	1.40	0	20
SCAF_182	30032	134828	4.49	0	22
SCAF_182_region	30032	134828	4.49	0	22
SCAF_183	30005	41834	1.39	0	16
SCAF_183_region	30005	41834	1.39	0	16
SCAF_184	29541	46066	1.56	0	211
SCAF_184_region	29541	46066	1.56	0	211
SCAF_185	29415	53099	1.81	0	20
SCAF_185_region	29415	53099	1.81	0	20
SCAF_186	29375	16266	0.55	0	10
SCAF_186_region	29375	16266	0.55	0	10
SCAF_187	29360	37140	1.26	0	30
SCAF_187_region	29360	37140	1.26	0	30
SCAF_188	29327	271262	9.25	0	28
SCAF_188_region	29327	271262	9.25	0	28
SCAF_189	29236	74448	2.55	0	32
SCAF_189_region	29236	74448	2.55	0	32
SCAF_190	29216	50516	1.73	0	58
SCAF_190_region	29216	50516	1.73	0	58
SCAF_191	29200	14519	0.50	0	6
SCAF_191_region	29200	14519	0.50	0	6
SCAF_192	29083	1644077	56.53	0	190
SCAF_192_region	29083	1644077	56.53	0	190
SCAF_193	29081	110122	3.79	0	91
SCAF_193_region	29081	110122	3.79	0	91
SCAF_194	28863	1004702	34.81	0	250
SCAF_194_region	28863	1004702	34.81	0	250
SCAF_195	28688	25158	0.88	0	8
SCAF_195_region	28688	25158	0.88	0	8
SCAF_196	28688	59437	2.07	0	73
SCAF_196_region	28688	59437	2.07	0	73
SCAF_197	28670	119228	4.16	0	19
SCAF_197_region	28670	119228	4.16	0	19
SCAF_198	28585	176456	6.17	0	28
SCAF_198_region	28585	176456	6.17	0	28
SCAF_199	28585	9658	0.34	0	81
SCAF_199_region	28585	9658	0.34	0	81
SCAF_200	28563	23722	0.83	0	8
SCAF_200_region	28563	23722	0.83	0	8
SCAF_201	28551	78420	2.75	0	19
SCAF_201_region	28551	78420	2.75	0	19
SCAF_202	28219	18670	0.66	0	7
SCAF_202_region	28219	18670	0.66	0	7
SCAF_203	28217	159438	5.65	0	87
SCAF_203_region	28217	159438	5.65	0	87
SCAF_204	28187	37644	1.34	0	252
SCAF_204_region	28187	37644	1.34	0	252
SCAF_205	28138	10721	0.38	0	10
SCAF_205_region	28138	10721	0.38	0	10
SCAF_206	28111	7094	0.25	0	4
SCAF_206_region	28111	7094	0.25	0	4
SCAF_207	27959	209332	7.49	0	31
SCAF_207_region	27959	209332	7.49	0	31
SCAF_208	27935	5769653	206.54	0	5693
SCAF_208_region	27935	5769653	206.54	0	5693
SCAF_209	27830	22994	0.83	0	7
SCAF_209_region	27830	22994	0.83	0	7
SCAF_210	27781	10272	0.37	0	8
SCAF_210_region	27781	10272	0.37	0	8
SCAF_211	27774	287258	10.34	0	27
SCAF_211_region	27774	287258	10.34	0	27
SCAF_212	27772	128564	4.63	0	24
SCAF_212_region	27772	128564	4.63	0	24
SCAF_213	27728	114257	4.12	0	76
SCAF_213_region	27728	114257	4.12	0	76
SCAF_214	27690	28094	1.01	0	17
SCAF_214_region	27690	28094	1.01	0	17
SCAF_215	27659	6334716	229.03	0	1157
SCAF_215_region	27659	6334716	229.03	0	1157
SCAF_216	27637	156016	5.65	0	38
SCAF_216_region	27637	156016	5.65	0	38
SCAF_217	27634	20908	0.76	0	10
SCAF_217_region	27634	20908	0.76	0	10
SCAF_218	27594	244062	8.84	0	57
SCAF_218_region	27594	244062	8.84	0	57
SCAF_219	27563	1757	0.06	0	7
SCAF_219_region	27563	1757	0.06	0	7
SCAF_220	27545	253876	9.22	0	35
SCAF_220_region	27545	253876	9.22	0	35
SCAF_221	27530	22598	0.82	0	8
SCAF_221_region	27530	22598	0.82	0	8
SCAF_222	27515	12313	0.45	0	9
SCAF_222_region	27515	12313	0.45	0	9
SCAF_223	27476	29397	1.07	0	9
SCAF_223_region	27476	29397	1.07	0	9
SCAF_224	27450	6974	0.25	0	10
SCAF_224_region	27450	6974	0.25	0	10
SCAF_225	27344	81023	2.96	0	11
SCAF_225_region	27344	81023	2.96	0	11
SCAF_226	27270	417795	15.32	0	401
SCAF_226_region	27270	417795	15.32	0	401
SCAF_227	27232	93187	3.42	0	32
SCAF_227_region	27232	93187	3.42	0	32
SCAF_228	27189	95186	3.50	0	57
SCAF_228_region	27189	95186	3.50	0	57
SCAF_229	27037	34235	1.27	0	18
SCAF_229_region	27037	34235	1.27	0	18
SCAF_230	26948	152482	5.66	0	52
SCAF_230_region	26948	152482	5.66	0	52
SCAF_231	26899	10417	0.39	0	20
SCAF_231_region	26899	10417	0.39	0	20
SCAF_232	26856	11534	0.43	0	6
SCAF_232_region	26856	11534	0.43	0	6
SCAF_233	26767	88657	3.31	0	29
SCAF_233_region	26767	88657	3.31	0	29
SCAF_234	26700	4644190	173.94	0	769
SCAF_234_region	26700	4644190	173.94	0	769
SCAF_235	26660	9392560	352.31	0	2656
SCAF_235_region	26660	9392560	352.31	0	2656
SCAF_236	26499	19499	0.74	0	13
SCAF_236_region	26499	19499	0.74	0	13
SCAF_237	26482	92835	3.51	0	17
SCAF_237_region	26482	92835	3.51	0	17
SCAF_238	26369	14393	0.55	0	8
SCAF_238_region	26369	14393	0.55	0	8
SCAF_239	26171	15312	0.59	0	6
SCAF_239_region	26171	15312	0.59	0	6
SCAF_240	26148	82147	3.14	0	17
SCAF_240_region	26148	82147	3.14	0	17
SCAF_241	26131	173848	6.65	0	23
SCAF_241_region	26131	173848	6.65	0	23
SCAF_242	26114	10273	0.39	0	8
SCAF_242_region	26114	10273	0.39	0	8
SCAF_243	26085	12634	0.48	0	6
SCAF_243_region	26085	12634	0.48	0	6
SCAF_244	26060	2235	0.09	0	3
SCAF_244_region	26060	2235	0.09	0	3
SCAF_245	25968	6321	0.24	0	9
SCAF_245_region	25968	6321	0.24	0	9
SCAF_246	25946	5874789	226.42	0	5005
SCAF_246_region	25946	5874789	226.42	0	5005
SCAF_247	25940	238253	9.18	0	26
SCAF_247_region	25940	238253	9.18	0	26
SCAF_248	25895	99517	3.84	0	18
SCAF_248_region	25895	99517	3.84	0	18
SCAF_249	25885	29581	1.14	0	7
SCAF_249_region	25885	29581	1.14	0	7
SCAF_250	25884	161039	6.22	0	30
SCAF_250_region	25884	161039	6.22	0	30
SCAF_251	25874	24289	0.94	0	16
SCAF_251_region	25874	24289	0.94	0	16
SCAF_252	25864	1734	0.07	0	2
SCAF_252_region	25864	1734	0.07	0	2
SCAF_253	25825	10002	0.39	0	8
SCAF_253_region	25825	10002	0.39	0	8
SCAF_254	25798	40436	1.57	0	63
SCAF_254_region	25798	40436	1.57	0	63
SCAF_255	25728	77532	3.01	0	9
SCAF_255_region	25728	77532	3.01	0	9
SCAF_256	25725	20249	0.79	0	6
SCAF_256_region	25725	20249	0.79	0	6
SCAF_257	25720	112967	4.39	0	22
SCAF_257_region	25720	112967	4.39	0	22
SCAF_258	25700	46027	1.79	0	162
SCAF_258_region	25700	46027	1.79	0	162
SCAF_259	25645	78002	3.04	0	42
SCAF_259_region	25645	78002	3.04	0	42
SCAF_260	25595	136811	5.35	0	34
SCAF_260_region	25595	136811	5.35	0	34
SCAF_261	25593	18212	0.71	0	5
SCAF_261_region	25593	18212	0.71	0	5
SCAF_262	25592	13398	0.52	0	8
SCAF_262_region	25592	13398	0.52	0	8
SCAF_263	25481	99201	3.89	0	41
SCAF_263_region	25481	99201	3.89	0	41
SCAF_264	25444	240424	9.45	0	29
SCAF_264_region	25444	240424	9.45	0	29
SCAF_265	25436	6410	0.25	0	11
SCAF_265_region	25436	6410	0.25	0	11
SCAF_266	25377	53385	2.10	0	13
SCAF_266_region	25377	53385	2.10	0	13
SCAF_267	25340	218957	8.64	0	25
SCAF_267_region	25340	218957	8.64	0	25
SCAF_268	25329	49140	1.94	0	26
SCAF_268_region	25329	49140	1.94	0	26
SCAF_269	25264	23628	0.94	0	18
SCAF_269_region	25264	23628	0.94	0	18
SCAF_270	25225	6247	0.25	0	7
SCAF_270_region	25225	6247	0.25	0	7
SCAF_271	25206	10090	0.40	0	7
SCAF_271_region	25206	10090	0.40	0	7
SCAF_272	25161	42246	1.68	0	35
SCAF_272_region	25161	42246	1.68	0	35
SCAF_273	25090	20851	0.83	0	9
SCAF_273_region	25090	20851	0.83	0	9
SCAF_274	24834	3527	0.14	0	10
SCAF_274_region	24834	3527	0.14	0	10
SCAF_275	24832	1517122	61.10	0	816
SCAF_275_region	24832	1517122	61.10	0	816
SCAF_276	24811	52262	2.11	0	21
SCAF_276_region	24811	52262	2.11	0	21
SCAF_277	24713	247990	10.03	0	117
SCAF_277_region	24713	247990	10.03	0	117
SCAF_278	24673	8769	0.36	0	8
SCAF_278_region	24673	8769	0.36	0	8
SCAF_279	24542	11699	0.48	0	6
SCAF_279_region	24542	11699	0.48	0	6
SCAF_280	24528	37620	1.53	0	23
SCAF_280_region	24528	37620	1.53	0	23
SCAF_281	24435	1738	0.07	0	6
SCAF_281_region	24435	1738	0.07	0	6
SCAF_282	24359	3369	0.14	0	8
SCAF_282_region	24359	3369	0.14	0	8
SCAF_283	24173	162558	6.72	0	36
SCAF_283_region	24173	162558	6.72	0	36
SCAF_284	24152	3673424	152.10	0	674
SCAF_284_region	24152	3673424	152.10	0	674
SCAF_285	24110	789	0.03	0	1
SCAF_285_region	24110	789	0.03	0	1
SCAF_286	24066	117015	4.86	0	372
SCAF_286_region	24066	117015	4.86	0	372
SCAF_287	23981	42342	1.77	0	57
SCAF_287_region	23981	42342	1.77	0	57
SCAF_288	23980	18212	0.76	0	7
SCAF_288_region	23980	18212	0.76	0	7
SCAF_289	23950	30622	1.28	0	16
SCAF_289_region	23950	30622	1.28	0	16
SCAF_290	23945	111809	4.67	0	26
SCAF_290_region	23945	111809	4.67	0	26
SCAF_291	23886	3600	0.15	0	5
SCAF_291_region	23886	3600	0.15	0	5
SCAF_292	23860	50505	2.12	0	28
SCAF_292_region	23860	50505	2.12	0	28
SCAF_293	23814	20437	0.86	0	7
SCAF_293_region	23814	20437	0.86	0	7
SCAF_294	23796	12121	0.51	0	12
SCAF_294_region	23796	12121	0.51	0	12
SCAF_295	23767	25525	1.07	0	9
SCAF_295_region	23767	25525	1.07	0	9
SCAF_296	23762	178555	7.51	0	1766
SCAF_296_region	23762	178555	7.51	0	1766
SCAF_297	23695	100059	4.22	0	23
SCAF_297_region	23695	100059	4.22	0	23
SCAF_298	23666	3601	0.15	0	5
SCAF_298_region	23666	3601	0.15	0	5
SCAF_299	23648	70999	3.00	0	185
SCAF_299_region	23648	70999	3.00	0	185
SCAF_300	23643	5680822	240.28	0	1159
SCAF_300_region	23643	5680822	240.28	0	1159
SCAF_301	23638	9959	0.42	0	11
SCAF_301_region	23638	9959	0.42	0	11
SCAF_302	23633	14651	0.62	0	9
SCAF_302_region	23633	14651	0.62	0	9
SCAF_303	23629	14513	0.61	0	5
SCAF_303_region	23629	14513	0.61	0	5
SCAF_304	23571	137913	5.85	0	64
SCAF_304_region	23571	137913	5.85	0	64
SCAF_305	23555	80310	3.41	0	19
SCAF_305_region	23555	80310	3.41	0	19
SCAF_306	23322	87206	3.74	0	28
SCAF_306_region	23322	87206	3.74	0	28
SCAF_307	23295	10898	0.47	0	6
SCAF_307_region	23295	10898	0.47	0	6
SCAF_308	23075	3780234	163.82	0	2815
SCAF_308_region	23075	3780234	163.82	0	2815
SCAF_309	23057	15215	0.66	0	10
SCAF_309_region	23057	15215	0.66	0	10
SCAF_310	23011	20308	0.88	0	17
SCAF_310_region	23011	20308	0.88	0	17
SCAF_311	22999	1444	0.06	0	10
SCAF_311_region	22999	1444	0.06	0	10
SCAF_312	22896	21108	0.92	0	9
SCAF_312_region	22896	21108	0.92	0	9
SCAF_313	22877	13795	0.60	0	6
SCAF_313_region	22877	13795	0.60	0	6
SCAF_314	22871	6724108	294.00	0	4965
SCAF_314_region	22871	6724108	294.00	0	4965
SCAF_315	22844	6648	0.29	0	60
SCAF_315_region	22844	6648	0.29	0	60
SCAF_316	22844	2657	0.12	0	6
SCAF_316_region	22844	2657	0.12	0	6
SCAF_317	22833	16934	0.74	0	6
SCAF_317_region	22833	16934	0.74	0	6
SCAF_318	22713	11706	0.52	0	7
SCAF_318_region	22713	11706	0.52	0	7
SCAF_319	22685	18856	0.83	0	12
SCAF_319_region	22685	18856	0.83	0	12
SCAF_320	22653	18372	0.81	0	7
SCAF_320_region	22653	18372	0.81	0	7
SCAF_321	22554	14891	0.66	0	8
SCAF_321_region	22554	14891	0.66	0	8
SCAF_322	22539	15243	0.68	0	6
SCAF_322_region	22539	15243	0.68	0	6
SCAF_323	22525	106949	4.75	0	19
SCAF_323_region	22525	106949	4.75	0	19
SCAF_324	22489	170100	7.56	0	25
SCAF_324_region	22489	170100	7.56	0	25
SCAF_325	22468	105725	4.71	0	37
SCAF_325_region	22468	105725	4.71	0	37
SCAF_326	22392	6071884	271.16	0	3687
SCAF_326_region	22392	6071884	271.16	0	3687
SCAF_327	22337	26027	1.17	0	14
SCAF_327_region	22337	26027	1.17	0	14
SCAF_328	22280	6040632	271.12	0	1366
SCAF_328_region	22280	6040632	271.12	0	1366
SCAF_329	22245	17012	0.76	0	11
SCAF_329_region	22245	17012	0.76	0	11
SCAF_330	22040	22855	1.04	0	15
SCAF_330_region	22040	22855	1.04	0	15
SCAF_331	22029	925	0.04	0	1
SCAF_331_region	22029	925	0.04	0	1
SCAF_332	21923	13849	0.63	0	4
SCAF_332_region	21923	13849	0.63	0	4
SCAF_333	21867	14253	0.65	0	8
SCAF_333_region	21867	14253	0.65	0	8
SCAF_334	21813	12803	0.59	0	6
SCAF_334_region	21813	12803	0.59	0	6
SCAF_335	21800	104813	4.81	0	23
SCAF_335_region	21800	104813	4.81	0	23
SCAF_336	21691	16386	0.76	0	8
SCAF_336_region	21691	16386	0.76	0	8
SCAF_337	21675	13716	0.63	0	9
SCAF_337_region	21675	13716	0.63	0	9
SCAF_338	21621	16308	0.75	0	32
SCAF_338_region	21621	16308	0.75	0	32
SCAF_339	21529	13411	0.62	0	76
SCAF_339_region	21529	13411	0.62	0	76
SCAF_340	21472	24359	1.13	0	14
SCAF_340_region	21472	24359	1.13	0	14
SCAF_341	21449	9830	0.46	0	6
SCAF_341_region	21449	9830	0.46	0	6
SCAF_342	21444	118212	5.51	0	499
SCAF_342_region	21444	118212	5.51	0	499
SCAF_343	21365	3865	0.18	0	4
SCAF_343_region	21365	3865	0.18	0	4
SCAF_344	21355	95207	4.46	0	19
SCAF_344_region	21355	95207	4.46	0	19
SCAF_345	21334	16147	0.76	0	7
SCAF_345_region	21334	16147	0.76	0	7
SCAF_346	21294	4021734	188.87	0	717
SCAF_346_region	21294	4021734	188.87	0	717
SCAF_347	21288	1985	0.09	0	4
SCAF_347_region	21288	1985	0.09	0	4
SCAF_348	21209	45380	2.14	0	30
SCAF_348_region	21209	45380	2.14	0	30
SCAF_349	21199	2223	0.10	0	6
SCAF_349_region	21199	2223	0.10	0	6
SCAF_350	21189	11368	0.54	0	29
SCAF_350_region	21189	11368	0.54	0	29
SCAF_351	21106	142506	6.75	0	23
SCAF_351_region	21106	142506	6.75	0	23
SCAF_352	21098	63831	3.03	0	84
SCAF_352_region	21098	63831	3.03	0	84
SCAF_353	21078	65913	3.13	0	44
SCAF_353_region	21078	65913	3.13	0	44
SCAF_354	20991	58049	2.77	0	17
SCAF_354_region	20991	58049	2.77	0	17
SCAF_355	20981	10046	0.48	0	14
SCAF_355_region	20981	10046	0.48	0	14
SCAF_356	20980	14047	0.67	0	5
SCAF_356_region	20980	14047	0.67	0	5
SCAF_357	20976	18010	0.86	0	11
SCAF_357_region	20976	18010	0.86	0	11
SCAF_358	20871	6493	0.31	0	8
SCAF_358_region	20871	6493	0.31	0	8
SCAF_359	20831	13788	0.66	0	10
SCAF_359_region	20831	13788	0.66	0	10
SCAF_360	20777	18515	0.89	0	30
SCAF_360_region	20777	18515	0.89	0	30
SCAF_361	20737	41162	1.98	0	22
SCAF_361_region	20737	41162	1.98	0	22
SCAF_362	20702	224693	10.85	0	32
SCAF_362_region	20702	224693	10.85	0	32
SCAF_363	20586	994	0.05	0	3
SCAF_363_region	20586	994	0.05	0	3
SCAF_364	20574	81315	3.95	0	72
SCAF_364_region	20574	81315	3.95	0	72
SCAF_365	20553	49983	2.43	0	27
SCAF_365_region	20553	49983	2.43	0	27
SCAF_366	20522	41735	2.03	0	29
SCAF_366_region	20522	41735	2.03	0	29
SCAF_367	20517	58196	2.84	0	16
SCAF_367_region	20517	58196	2.84	0	16
SCAF_368	20452	76684	3.75	0	21
SCAF_368_region	20452	76684	3.75	0	21
SCAF_369	20438	86684	4.24	0	27
SCAF_369_region	20438	86684	4.24	0	27
SCAF_370	20350	12732	0.63	0	14
SCAF_370_region	20350	12732	0.63	0	14
SCAF_371	20349	20952	1.03	0	105
SCAF_371_region	20349	20952	1.03	0	105
SCAF_372	20285	20836	1.03	0	29
SCAF_372_region	20285	20836	1.03	0	29
SCAF_373	20282	13226	0.65	0	98
SCAF_373_region	20282	13226	0.65	0	98
SCAF_374	20282	4291079	211.57	0	1073
SCAF_374_region	20282	4291079	211.57	0	1073
SCAF_375	20179	75879	3.76	0	72
SCAF_375_region	20179	75879	3.76	0	72
SCAF_376	20174	22970	1.14	0	7
SCAF_376_region	20174	22970	1.14	0	7
SCAF_377	20160	14781	0.73	0	8
SCAF_377_region	20160	14781	0.73	0	8
SCAF_378	20157	3036191	150.63	0	919
SCAF_378_region	20157	3036191	150.63	0	919
SCAF_379	20150	77826	3.86	0	20
SCAF_379_region	20150	77826	3.86	0	20
SCAF_380	20140	20222	1.00	0	37
SCAF_380_region	20140	20222	1.00	0	37
SCAF_381	20082	7776	0.39	0	6
SCAF_381_region	20082	7776	0.39	0	6
SCAF_382	20068	51316	2.56	0	10
SCAF_382_region	20068	51316	2.56	0	10
SCAF_383	20052	54321	2.71	0	11
SCAF_383_region	20052	54321	2.71	0	11
SCAF_384	20039	112534	5.62	0	26
SCAF_384_region	20039	112534	5.62	0	26
SCAF_385	20036	24666	1.23	0	23
SCAF_385_region	20036	24666	1.23	0	23
SCAF_386	20004	18915	0.95	0	6
SCAF_386_region	20004	18915	0.95	0	6
SCAF_387	19967	21074	1.06	0	18
SCAF_387_region	19967	21074	1.06	0	18
SCAF_388	19953	79381	3.98	0	31
SCAF_388_region	19953	79381	3.98	0	31
SCAF_389	19874	18950	0.95	0	15
SCAF_389_region	19874	18950	0.95	0	15
SCAF_390	19870	2977427	149.85	0	1407
SCAF_390_region	19870	2977427	149.85	0	1407
SCAF_391	19819	7458	0.38	0	10
SCAF_391_region	19819	7458	0.38	0	10
SCAF_392	19814	22765	1.15	0	16
SCAF_392_region	19814	22765	1.15	0	16
SCAF_393	19805	21163	1.07	0	12
SCAF_393_region	19805	21163	1.07	0	12
SCAF_394	19796	18848	0.95	0	8
SCAF_394_region	19796	18848	0.95	0	8
SCAF_395	19788	10360372	523.57	0	3877
SCAF_395_region	19788	10360372	523.57	0	3877
SCAF_396	19769	21993	1.11	0	10
SCAF_396_region	19769	21993	1.11	0	10
SCAF_397	19737	99131	5.02	0	25
SCAF_397_region	19737	99131	5.02	0	25
SCAF_398	19694	126006	6.40	0	25
SCAF_398_region	19694	126006	6.40	0	25
SCAF_399	19627	15747	0.80	0	10
SCAF_399_region	19627	15747	0.80	0	10
SCAF_400	19559	124710	6.38	0	35
SCAF_400_region	19559	124710	6.38	0	35
SCAF_401	19529	27466	1.41	0	21
SCAF_401_region	19529	27466	1.41	0	21
SCAF_402	19485	62193	3.19	0	23
SCAF_402_region	19485	62193	3.19	0	23
SCAF_403	19440	63993	3.29	0	38
SCAF_403_region	19440	63993	3.29	0	38
SCAF_404	19429	13986	0.72	0	25
SCAF_404_region	19429	13986	0.72	0	25
SCAF_405	19412	61389	3.16	0	14
SCAF_405_region	19412	61389	3.16	0	14
SCAF_406	19412	23893	1.23	0	16
SCAF_406_region	19412	23893	1.23	0	16
SCAF_407	19392	18646	0.96	0	17
SCAF_407_region	19392	18646	0.96	0	17
SCAF_408	19383	2351	0.12	0	12
SCAF_408_region	19383	2351	0.12	0	12
SCAF_409	19350	66528	3.44	0	17
SCAF_409_region	19350	66528	3.44	0	17
SCAF_410	19334	8910	0.46	0	5
SCAF_410_region	19334	8910	0.46	0	5
SCAF_411	19319	727	0.04	0	9
SCAF_411_region	19319	727	0.04	0	9
SCAF_412	19298	130253	6.75	0	22
SCAF_412_region	19298	130253	6.75	0	22
SCAF_413	19281	114961	5.96	0	26
SCAF_413_region	19281	114961	5.96	0	26
SCAF_414	19250	55343	2.87	0	35
SCAF_414_region	19250	55343	2.87	0	35
SCAF_415	19240	68249	3.55	0	20
SCAF_415_region	19240	68249	3.55	0	20
SCAF_416	19198	57550	3.00	0	39
SCAF_416_region	19198	57550	3.00	0	39
SCAF_417	19156	4132	0.22	0	7
SCAF_417_region	19156	4132	0.22	0	7
SCAF_418	19069	3148470	165.11	0	708
SCAF_418_region	19069	3148470	165.11	0	708
SCAF_419	19061	44544	2.34	0	13
SCAF_419_region	19061	44544	2.34	0	13
SCAF_420	19040	1636	0.09	0	14
SCAF_420_region	19040	1636	0.09	0	14
SCAF_421	19012	17491	0.92	0	7
SCAF_421_region	19012	17491	0.92	0	7
SCAF_422	18950	222593	11.75	0	65
SCAF_422_region	18950	222593	11.75	0	65
SCAF_423	18945	10072	0.53	0	9
SCAF_423_region	18945	10072	0.53	0	9
SCAF_424	18943	34415	1.82	0	22
SCAF_424_region	18943	34415	1.82	0	22
SCAF_425	18932	87580	4.63	0	19
SCAF_425_region	18932	87580	4.63	0	19
SCAF_426	18882	15967	0.85	0	10
SCAF_426_region	18882	15967	0.85	0	10
SCAF_427	18874	60581	3.21	0	102
SCAF_427_region	18874	60581	3.21	0	102
SCAF_428	18866	1411217	74.80	0	776
SCAF_428_region	18866	1411217	74.80	0	776
SCAF_429	18866	59498	3.15	0	17
SCAF_429_region	18866	59498	3.15	0	17
SCAF_430	18815	3428	0.18	0	8
SCAF_430_region	18815	3428	0.18	0	8
SCAF_431	18805	118427	6.30	0	23
SCAF_431_region	18805	118427	6.30	0	23
SCAF_432	18790	103119	5.49	0	26
SCAF_432_region	18790	103119	5.49	0	26
SCAF_433	18773	56345	3.00	0	14
SCAF_433_region	18773	56345	3.00	0	14
SCAF_434	18766	28300	1.51	0	20
SCAF_434_region	18766	28300	1.51	0	20
SCAF_435	18753	81865	4.37	0	34
SCAF_435_region	18753	81865	4.37	0	34
SCAF_436	18746	85556	4.56	0	71
SCAF_436_region	18746	85556	4.56	0	71
SCAF_437	18721	15618	0.83	0	12
SCAF_437_region	18721	15618	0.83	0	12
SCAF_438	18669	9892	0.53	0	14
SCAF_438_region	18669	9892	0.53	0	14
SCAF_439	18588	62089	3.34	0	121
SCAF_439_region	18588	62089	3.34	0	121
SCAF_440	18561	20180	1.09	0	141
SCAF_440_region	18561	20180	1.09	0	141
SCAF_441	18530	101896	5.50	0	29
SCAF_441_region	18530	101896	5.50	0	29
SCAF_442	18489	57089	3.09	0	10
SCAF_442_region	18489	57089	3.09	0	10
SCAF_443	18479	17187	0.93	0	18
SCAF_443_region	18479	17187	0.93	0	18
SCAF_444	18424	115745	6.28	0	80
SCAF_444_region	18424	115745	6.28	0	80
SCAF_445	18396	19777	1.08	0	7
SCAF_445_region	18396	19777	1.08	0	7
SCAF_446	18392	101943	5.54	0	19
SCAF_446_region	18392	101943	5.54	0	19
SCAF_447	18255	13157	0.72	0	8
SCAF_447_region	18255	13157	0.72	0	8
SCAF_448	18252	142947	7.83	0	28
SCAF_448_region	18252	142947	7.83	0	28
SCAF_449	18248	14129	0.77	0	7
SCAF_449_region	18248	14129	0.77	0	7
SCAF_450	18208	45926	2.52	0	11
SCAF_450_region	18208	45926	2.52	0	11
SCAF_451	18202	117975	6.48	0	102
SCAF_451_region	18202	117975	6.48	0	102
SCAF_452	18192	9638	0.53	0	6
SCAF_452_region	18192	9638	0.53	0	6
SCAF_453	18150	37996	2.09	0	14
SCAF_453_region	18150	37996	2.09	0	14
SCAF_454	18134	2464	0.14	0	10
SCAF_454_region	18134	2464	0.14	0	10
SCAF_455	18114	1157	0.06	0	3
SCAF_455_region	18114	1157	0.06	0	3
SCAF_456	18112	67283	3.71	0	27
SCAF_456_region	18112	67283	3.71	0	27
SCAF_457	18054	141445	7.83	0	21
SCAF_457_region	18054	141445	7.83	0	21
SCAF_458	18006	15416	0.86	0	8
SCAF_458_region	18006	15416	0.86	0	8
SCAF_459	18000	2257	0.13	0	6
SCAF_459_region	18000	2257	0.13	0	6
SCAF_460	17967	65853	3.67	0	31
SCAF_460_region	17967	65853	3.67	0	31
SCAF_461	17943	50200	2.80	0	10
SCAF_461_region	17943	50200	2.80	0	10
SCAF_462	17929	343	0.02	0	16
SCAF_462_region	17929	343	0.02	0	16
SCAF_463	17921	555	0.03	0	7
SCAF_463_region	17921	555	0.03	0	7
SCAF_464	17913	16660	0.93	0	6
SCAF_464_region	17913	16660	0.93	0	6
SCAF_465	17912	6098	0.34	0	5
SCAF_465_region	17912	6098	0.34	0	5
SCAF_466	17886	32251	1.80	0	14
SCAF_466_region	17886	32251	1.80	0	14
SCAF_467	17859	6560	0.37	0	52
SCAF_467_region	17859	6560	0.37	0	52
SCAF_468	17837	40104	2.25	0	45
SCAF_468_region	17837	40104	2.25	0	45
SCAF_469	17802	2358	0.13	0	3
SCAF_469_region	17802	2358	0.13	0	3
SCAF_470	17776	28172	1.58	0	18
SCAF_470_region	17776	28172	1.58	0	18
SCAF_471	17682	12980	0.73	0	5
SCAF_471_region	17682	12980	0.73	0	5
SCAF_472	17646	100266	5.68	0	65
SCAF_472_region	17646	100266	5.68	0	65
SCAF_473	17646	65967	3.74	0	14
SCAF_473_region	17646	65967	3.74	0	14
SCAF_474	17642	3113424	176.48	0	643
SCAF_474_region	17642	3113424	176.48	0	643
SCAF_475	17613	25595	1.45	0	177
SCAF_475_region	17613	25595	1.45	0	177
SCAF_476	17602	23896	1.36	0	266
SCAF_476_region	17602	23896	1.36	0	266
SCAF_477	17571	943	0.05	0	6
SCAF_477_region	17571	943	0.05	0	6
SCAF_478	17535	8416	0.48	0	23
SCAF_478_region	17535	8416	0.48	0	23
SCAF_479	17528	12311	0.70	0	77
SCAF_479_region	17528	12311	0.70	0	77
SCAF_480	17503	10487	0.60	0	6
SCAF_480_region	17503	10487	0.60	0	6
SCAF_481	17502	47612	2.72	0	12
SCAF_481_region	17502	47612	2.72	0	12
SCAF_482	17480	3862	0.22	0	6
SCAF_482_region	17480	3862	0.22	0	6
SCAF_483	17476	53844	3.08	0	11
SCAF_483_region	17476	53844	3.08	0	11
SCAF_484	17457	268802	15.40	0	537
SCAF_484_region	17457	268802	15.40	0	537
SCAF_485	17386	20041	1.15	0	10
SCAF_485_region	17386	20041	1.15	0	10
SCAF_486	17362	19068	1.10	0	7
SCAF_486_region	17362	19068	1.10	0	7
SCAF_487	17332	5477	0.32	0	5
SCAF_487_region	17332	5477	0.32	0	5
SCAF_488	17327	17120	0.99	0	7
SCAF_488_region	17327	17120	0.99	0	7
SCAF_489	17303	12039	0.70	0	7
SCAF_489_region	17303	12039	0.70	0	7
SCAF_490	17273	12684	0.73	0	9
SCAF_490_region	17273	12684	0.73	0	9
SCAF_491	17245	65750	3.81	0	107
SCAF_491_region	17245	65750	3.81	0	107
SCAF_492	17239	11462	0.66	0	10
SCAF_492_region	17239	11462	0.66	0	10
SCAF_493	17219	19309	1.12	0	6
SCAF_493_region	17219	19309	1.12	0	6
SCAF_494	17218	6279	0.36	0	8
SCAF_494_region	17218	6279	0.36	0	8
SCAF_495	17211	58077	3.37	0	11
SCAF_495_region	17211	58077	3.37	0	11
SCAF_496	17198	15049	0.88	0	85
SCAF_496_region	17198	15049	0.88	0	85
SCAF_497	17190	720	0.04	0	1
SCAF_497_region	17190	720	0.04	0	1
SCAF_498	17162	94271	5.49	0	43
SCAF_498_region	17162	94271	5.49	0	43
SCAF_499	17147	8186	0.48	0	15
SCAF_499_region	17147	8186	0.48	0	15
SCAF_500	17144	15437	0.90	0	11
SCAF_500_region	17144	15437	0.90	0	11
SCAF_501	17142	7300	0.43	0	5
SCAF_501_region	17142	7300	0.43	0	5
SCAF_502	17124	69898	4.08	0	32
SCAF_502_region	17124	69898	4.08	0	32
SCAF_503	17118	181303	10.59	0	68
SCAF_503_region	17118	181303	10.59	0	68
SCAF_504	17076	35086	2.05	0	36
SCAF_504_region	17076	35086	2.05	0	36
SCAF_505	17047	2486757	145.88	0	698
SCAF_505_region	17047	2486757	145.88	0	698
SCAF_506	17043	530	0.03	0	10
SCAF_506_region	17043	530	0.03	0	10
SCAF_507	17035	81605	4.79	0	39
SCAF_507_region	17035	81605	4.79	0	39
SCAF_508	17021	43711	2.57	0	29
SCAF_508_region	17021	43711	2.57	0	29
SCAF_509	16971	14514	0.86	0	8
SCAF_509_region	16971	14514	0.86	0	8
SCAF_510	16897	115198	6.82	0	27
SCAF_510_region	16897	115198	6.82	0	27
SCAF_511	16849	9673	0.57	0	9
SCAF_511_region	16849	9673	0.57	0	9
SCAF_512	16807	13060	0.78	0	5
SCAF_512_region	16807	13060	0.78	0	5
SCAF_513	16787	2054	0.12	0	6
SCAF_513_region	16787	2054	0.12	0	6
SCAF_514	16784	12525	0.75	0	6
SCAF_514_region	16784	12525	0.75	0	6
SCAF_515	16776	15051	0.90	0	8
SCAF_515_region	16776	15051	0.90	0	8
SCAF_516	16745	2085	0.12	0	7
SCAF_516_region	16745	2085	0.12	0	7
SCAF_517	16741	9668	0.58	0	5
SCAF_517_region	16741	9668	0.58	0	5
SCAF_518	16733	90603	5.41	0	30
SCAF_518_region	16733	90603	5.41	0	30
SCAF_519	16710	23472	1.40	0	15
SCAF_519_region	16710	23472	1.40	0	15
SCAF_520	16702	3392030	203.09	0	3058
SCAF_520_region	16702	3392030	203.09	0	3058
SCAF_521	16701	12659	0.76	0	4
SCAF_521_region	16701	12659	0.76	0	4
SCAF_522	16645	63783	3.83	0	20
SCAF_522_region	16645	63783	3.83	0	20
SCAF_523	16623	13831	0.83	0	8
SCAF_523_region	16623	13831	0.83	0	8
SCAF_524	16568	13890	0.84	0	20
SCAF_524_region	16568	13890	0.84	0	20
SCAF_525	16548	15864	0.96	0	13
SCAF_525_region	16548	15864	0.96	0	13
SCAF_526	16541	6822	0.41	0	7
SCAF_526_region	16541	6822	0.41	0	7
SCAF_527	16518	2430520	147.14	0	1089
SCAF_527_region	16518	2430520	147.14	0	1089
SCAF_528	16510	10610	0.64	0	13
SCAF_528_region	16510	10610	0.64	0	13
SCAF_529	16492	64146	3.89	0	34
SCAF_529_region	16492	64146	3.89	0	34
SCAF_530	16462	75882	4.61	0	53
SCAF_530_region	16462	75882	4.61	0	53
SCAF_531	16461	1401	0.09	0	3
SCAF_531_region	16461	1401	0.09	0	3
SCAF_532	16447	29550	1.80	0	15
SCAF_532_region	16447	29550	1.80	0	15
SCAF_533	16383	26881	1.64	0	13
SCAF_533_region	16383	26881	1.64	0	13
SCAF_534	16345	18698	1.14	0	12
SCAF_534_region	16345	18698	1.14	0	12
SCAF_535	16343	1779	0.11	0	8
SCAF_535_region	16343	1779	0.11	0	8
SCAF_536	16333	9655	0.59	0	6
SCAF_536_region	16333	9655	0.59	0	6
SCAF_537	16287	96425	5.92	0	27
SCAF_537_region	16287	96425	5.92	0	27
SCAF_538	16266	6846	0.42	0	7
SCAF_538_region	16266	6846	0.42	0	7
SCAF_539	16246	289	0.02	0	4
SCAF_539_region	16246	289	0.02	0	4
SCAF_540	16245	15456	0.95	0	16
SCAF_540_region	16245	15456	0.95	0	16
SCAF_541	16215	15022	0.93	0	13
SCAF_541_region	16215	15022	0.93	0	13
SCAF_542	16208	17279	1.07	0	29
SCAF_542_region	16208	17279	1.07	0	29
SCAF_543	16160	14029	0.87	0	12
SCAF_543_region	16160	14029	0.87	0	12
SCAF_544	16140	1925	0.12	0	2
SCAF_544_region	16140	1925	0.12	0	2
SCAF_545	16102	41507	2.58	0	8
SCAF_545_region	16102	41507	2.58	0	8
SCAF_546	16083	16402	1.02	0	14
SCAF_546_region	16083	16402	1.02	0	14
SCAF_547	16037	48492	3.02	0	18
SCAF_547_region	16037	48492	3.02	0	18
SCAF_548	16034	54997	3.43	0	21
SCAF_548_region	16034	54997	3.43	0	21
SCAF_549	16030	65518	4.09	0	23
SCAF_549_region	16030	65518	4.09	0	23
SCAF_550	16027	2431	0.15	0	8
SCAF_550_region	16027	2431	0.15	0	8
SCAF_551	15990	55162	3.45	0	22
SCAF_551_region	15990	55162	3.45	0	22
SCAF_552	15913	198197	12.46	0	28
SCAF_552_region	15913	198197	12.46	0	28
SCAF_553	15906	78045	4.91	0	29
SCAF_553_region	15906	78045	4.91	0	29
SCAF_554	15898	10341	0.65	0	5
SCAF_554_region	15898	10341	0.65	0	5
SCAF_555	15891	7281	0.46	0	6
SCAF_555_region	15891	7281	0.46	0	6
SCAF_556	15885	11082	0.70	0	8
SCAF_556_region	15885	11082	0.70	0	8
SCAF_557	15855	42507	2.68	0	8
SCAF_557_region	15855	42507	2.68	0	8
SCAF_558	15839	50965	3.22	0	13
SCAF_558_region	15839	50965	3.22	0	13
SCAF_559	15827	20945	1.32	0	7
SCAF_559_region	15827	20945	1.32	0	7
SCAF_560	15823	99301	6.28	0	40
SCAF_560_region	15823	99301	6.28	0	40
SCAF_561	15791	11606	0.73	0	12
SCAF_561_region	15791	11606	0.73	0	12
SCAF_562	15777	790515	50.11	0	164
SCAF_562_region	15777	790515	50.11	0	164
SCAF_563	15776	67964	4.31	0	14
SCAF_563_region	15776	67964	4.31	0	14
SCAF_564	15761	5394	0.34	0	5
SCAF_564_region	15761	5394	0.34	0	5
SCAF_565	15717	8745	0.56	0	5
SCAF_565_region	15717	8745	0.56	0	5
SCAF_566	15706	1961	0.12	0	5
SCAF_566_region	15706	1961	0.12	0	5
SCAF_567	15696	10473	0.67	0	11
SCAF_567_region	15696	10473	0.67	0	11
SCAF_568	15657	12489	0.80	0	5
SCAF_568_region	15657	12489	0.80	0	5
SCAF_569	15650	20573	1.31	0	25
SCAF_569_region	15650	20573	1.31	0	25
SCAF_570	15646	26568	1.70	0	13
SCAF_570_region	15646	26568	1.70	0	13
SCAF_571	15619	1026	0.07	0	2
SCAF_571_region	15619	1026	0.07	0	2
SCAF_572	15612	22450	1.44	0	20
SCAF_572_region	15612	22450	1.44	0	20
SCAF_573	15605	38826	2.49	0	16
SCAF_573_region	15605	38826	2.49	0	16
SCAF_574	15575	61674	3.96	0	22
SCAF_574_region	15575	61674	3.96	0	22
SCAF_575	15573	8154	0.52	0	5
SCAF_575_region	15573	8154	0.52	0	5
SCAF_576	15571	42573	2.73	0	26
SCAF_576_region	15571	42573	2.73	0	26
SCAF_577	15544	2336	0.15	0	16
SCAF_577_region	15544	2336	0.15	0	16
SCAF_578	15521	1211	0.08	0	2
SCAF_578_region	15521	1211	0.08	0	2
SCAF_579	15497	13861	0.89	0	137
SCAF_579_region	15497	13861	0.89	0	137
SCAF_580	15481	4849	0.31	0	6
SCAF_580_region	15481	4849	0.31	0	6
SCAF_581	15458	75348	4.87	0	34
SCAF_581_region	15458	75348	4.87	0	34
SCAF_582	15439	37567	2.43	0	36
SCAF_582_region	15439	37567	2.43	0	36
SCAF_583	15421	27971	1.81	0	17
SCAF_583_region	15421	27971	1.81	0	17
SCAF_584	15337	51906	3.38	0	31
SCAF_584_region	15337	51906	3.38	0	31
SCAF_585	15336	39769	2.59	0	24
SCAF_585_region	15336	39769	2.59	0	24
SCAF_586	15301	64890	4.24	0	28
SCAF_586_region	15301	64890	4.24	0	28
SCAF_587	15300	945871	61.82	0	2465
SCAF_587_region	15300	945871	61.82	0	2465
SCAF_588	15298	10943	0.72	0	14
SCAF_588_region	15298	10943	0.72	0	14
SCAF_589	15238	45789	3.00	0	18
SCAF_589_region	15238	45789	3.00	0	18
SCAF_590	15205	117231	7.71	0	31
SCAF_590_region	15205	117231	7.71	0	31
SCAF_591	15162	77289	5.10	0	18
SCAF_591_region	15162	77289	5.10	0	18
SCAF_592	15154	5101	0.34	0	4
SCAF_592_region	15154	5101	0.34	0	4
SCAF_593	15087	9906	0.66	0	10
SCAF_593_region	15087	9906	0.66	0	10
SCAF_594	15082	68658	4.55	0	30
SCAF_594_region	15082	68658	4.55	0	30
SCAF_595	15055	119038	7.91	0	27
SCAF_595_region	15055	119038	7.91	0	27
SCAF_596	15045	1467	0.10	0	8
SCAF_596_region	15045	1467	0.10	0	8
SCAF_597	15030	9278	0.62	0	5
SCAF_597_region	15030	9278	0.62	0	5
SCAF_598	15027	18470	1.23	0	18
SCAF_598_region	15027	18470	1.23	0	18
SCAF_599	15000	99957	6.66	0	20
SCAF_599_region	15000	99957	6.66	0	20
SCAF_600	14995	19178	1.28	0	22
SCAF_600_region	14995	19178	1.28	0	22
SCAF_601	14985	36373	2.43	0	29
SCAF_601_region	14985	36373	2.43	0	29
SCAF_602	14930	12381	0.83	0	5
SCAF_602_region	14930	12381	0.83	0	5
SCAF_603	14898	6839	0.46	0	4
SCAF_603_region	14898	6839	0.46	0	4
SCAF_604	14863	8666	0.58	0	6
SCAF_604_region	14863	8666	0.58	0	6
SCAF_605	14840	8911	0.60	0	7
SCAF_605_region	14840	8911	0.60	0	7
SCAF_606	14808	1753	0.12	0	8
SCAF_606_region	14808	1753	0.12	0	8
SCAF_607	14807	307894	20.79	0	91
SCAF_607_region	14807	307894	20.79	0	91
SCAF_608	14785	54753	3.70	0	19
SCAF_608_region	14785	54753	3.70	0	19
SCAF_609	14742	163012	11.06	0	182
SCAF_609_region	14742	163012	11.06	0	182
SCAF_610	14738	19438	1.32	0	10
SCAF_610_region	14738	19438	1.32	0	10
SCAF_611	14737	69927	4.74	0	19
SCAF_611_region	14737	69927	4.74	0	19
SCAF_612	14712	2172342	147.66	0	507
SCAF_612_region	14712	2172342	147.66	0	507
SCAF_613	14708	82115	5.58	0	29
SCAF_613_region	14708	82115	5.58	0	29
SCAF_614	14694	510	0.03	0	9
SCAF_614_region	14694	510	0.03	0	9
SCAF_615	14684	8499	0.58	0	26
SCAF_615_region	14684	8499	0.58	0	26
SCAF_616	14676	1910	0.13	0	11
SCAF_616_region	14676	1910	0.13	0	11
SCAF_617	14662	20832	1.42	0	16
SCAF_617_region	14662	20832	1.42	0	16
SCAF_618	14658	8037	0.55	0	5
SCAF_618_region	14658	8037	0.55	0	5
SCAF_619	14650	59792	4.08	0	176
SCAF_619_region	14650	59792	4.08	0	176
SCAF_620	14639	52378	3.58	0	17
SCAF_620_region	14639	52378	3.58	0	17
SCAF_621	14614	106800	7.31	0	621
SCAF_621_region	14614	106800	7.31	0	621
SCAF_622	14596	13917	0.95	0	15
SCAF_622_region	14596	13917	0.95	0	15
SCAF_623	14590	42233	2.89	0	45
SCAF_623_region	14590	42233	2.89	0	45
SCAF_624	14581	1851	0.13	0	3
SCAF_624_region	14581	1851	0.13	0	3
SCAF_625	14547	18740	1.29	0	10
SCAF_625_region	14547	18740	1.29	0	10
SCAF_626	14527	25159	1.73	0	19
SCAF_626_region	14527	25159	1.73	0	19
SCAF_627	14523	5207	0.36	0	6
SCAF_627_region	14523	5207	0.36	0	6
SCAF_628	14498	83547	5.76	0	21
SCAF_628_region	14498	83547	5.76	0	21
SCAF_629	14453	40735	2.82	0	13
SCAF_629_region	14453	40735	2.82	0	13
SCAF_630	14414	10046	0.70	0	8
SCAF_630_region	14414	10046	0.70	0	8
SCAF_631	14395	1732	0.12	0	4
SCAF_631_region	14395	1732	0.12	0	4
SCAF_632	14385	5159	0.36	0	9
SCAF_632_region	14385	5159	0.36	0	9
SCAF_633	14371	14671	1.02	0	8
SCAF_633_region	14371	14671	1.02	0	8
SCAF_634	14371	38862	2.70	0	11
SCAF_634_region	14371	38862	2.70	0	11
SCAF_635	14280	32678	2.29	0	29
SCAF_635_region	14280	32678	2.29	0	29
SCAF_636	14276	11735	0.82	0	18
SCAF_636_region	14276	11735	0.82	0	18
SCAF_637	14236	58811	4.13	0	17
SCAF_637_region	14236	58811	4.13	0	17
SCAF_638	14229	11423	0.80	0	10
SCAF_638_region	14229	11423	0.80	0	10
SCAF_639	14202	1360	0.10	0	2
SCAF_639_region	14202	1360	0.10	0	2
SCAF_640	14111	29540	2.09	0	19
SCAF_640_region	14111	29540	2.09	0	19
SCAF_641	14088	16598	1.18	0	7
SCAF_641_region	14088	16598	1.18	0	7
SCAF_642	14005	14120	1.01	0	5
SCAF_642_region	14005	14120	1.01	0	5
SCAF_643	13977	1359309	97.25	0	588
SCAF_643_region	13977	1359309	97.25	0	588
SCAF_644	13890	10716	0.77	0	6
SCAF_644_region	13890	10716	0.77	0	6
SCAF_645	13875	10605	0.76	0	13
SCAF_645_region	13875	10605	0.76	0	13
SCAF_646	13874	83310	6.00	0	27
SCAF_646_region	13874	83310	6.00	0	27
SCAF_647	13848	8237	0.59	0	10
SCAF_647_region	13848	8237	0.59	0	10
SCAF_648	13847	6551	0.47	0	30
SCAF_648_region	13847	6551	0.47	0	30
SCAF_649	13838	30957	2.24	0	28
SCAF_649_region	13838	30957	2.24	0	28
SCAF_650	13812	38763	2.81	0	10
SCAF_650_region	13812	38763	2.81	0	10
SCAF_651	13758	83254	6.05	0	23
SCAF_651_region	13758	83254	6.05	0	23
SCAF_652	13727	11398	0.83	0	6
SCAF_652_region	13727	11398	0.83	0	6
SCAF_653	13703	2889	0.21	0	5
SCAF_653_region	13703	2889	0.21	0	5
SCAF_654	13701	717	0.05	0	2
SCAF_654_region	13701	717	0.05	0	2
SCAF_655	13677	35573	2.60	0	8
SCAF_655_region	13677	35573	2.60	0	8
SCAF_656	13622	11765	0.86	0	10
SCAF_656_region	13622	11765	0.86	0	10
SCAF_657	13584	29651	2.18	0	9
SCAF_657_region	13584	29651	2.18	0	9
SCAF_658	13583	10375	0.76	0	6
SCAF_658_region	13583	10375	0.76	0	6
SCAF_659	13535	9331	0.69	0	5
SCAF_659_region	13535	9331	0.69	0	5
SCAF_660	13535	1752	0.13	0	2
SCAF_660_region	13535	1752	0.13	0	2
SCAF_661	13499	40369	2.99	0	11
SCAF_661_region	13499	40369	2.99	0	11
SCAF_662	13464	8495	0.63	0	7
SCAF_662_region	13464	8495	0.63	0	7
SCAF_663	13438	32772	2.44	0	23
SCAF_663_region	13438	32772	2.44	0	23
SCAF_664	13385	2233883	166.89	0	670
SCAF_664_region	13385	2233883	166.89	0	670
SCAF_665	13357	1218	0.09	0	4
SCAF_665_region	13357	1218	0.09	0	4
SCAF_666	13330	7198	0.54	0	9
SCAF_666_region	13330	7198	0.54	0	9
SCAF_667	13327	32921	2.47	0	39
SCAF_667_region	13327	32921	2.47	0	39
SCAF_668	13319	15542	1.17	0	18
SCAF_668_region	13319	15542	1.17	0	18
SCAF_669	13303	6579	0.49	0	6
SCAF_669_region	13303	6579	0.49	0	6
SCAF_670	13293	10359	0.78	0	6
SCAF_670_region	13293	10359	0.78	0	6
SCAF_671	13288	90816	6.83	0	24
SCAF_671_region	13288	90816	6.83	0	24
SCAF_672	13266	2008	0.15	0	4
SCAF_672_region	13266	2008	0.15	0	4
SCAF_673	13189	7190	0.55	0	87
SCAF_673_region	13189	7190	0.55	0	87
SCAF_674	13149	42403	3.22	0	24
SCAF_674_region	13149	42403	3.22	0	24
SCAF_675	13128	65501	4.99	0	36
SCAF_675_region	13128	65501	4.99	0	36
SCAF_676	13120	36173	2.76	0	11
SCAF_676_region	13120	36173	2.76	0	11
SCAF_677	13080	32199	2.46	0	230
SCAF_677_region	13080	32199	2.46	0	230
SCAF_678	13050	4280	0.33	0	7
SCAF_678_region	13050	4280	0.33	0	7
SCAF_679	13043	14445	1.11	0	24
SCAF_679_region	13043	14445	1.11	0	24
SCAF_680	13008	45823	3.52	0	23
SCAF_680_region	13008	45823	3.52	0	23
SCAF_681	13001	7632	0.59	0	12
SCAF_681_region	13001	7632	0.59	0	12
SCAF_682	12997	81629	6.28	0	38
SCAF_682_region	12997	81629	6.28	0	38
SCAF_683	12986	5007	0.39	0	4
SCAF_683_region	12986	5007	0.39	0	4
SCAF_684	12871	9971	0.77	0	10
SCAF_684_region	12871	9971	0.77	0	10
SCAF_685	12842	2823	0.22	0	7
SCAF_685_region	12842	2823	0.22	0	7
SCAF_686	12830	54679	4.26	0	24
SCAF_686_region	12830	54679	4.26	0	24
SCAF_687	12781	7014	0.55	0	6
SCAF_687_region	12781	7014	0.55	0	6
SCAF_688	12768	96976	7.60	0	48
SCAF_688_region	12768	96976	7.60	0	48
SCAF_689	12768	12222	0.96	0	7
SCAF_689_region	12768	12222	0.96	0	7
SCAF_690	12764	16741	1.31	0	13
SCAF_690_region	12764	16741	1.31	0	13
SCAF_691	12677	35712	2.82	0	9
SCAF_691_region	12677	35712	2.82	0	9
SCAF_692	12675	1413	0.11	0	7
SCAF_692_region	12675	1413	0.11	0	7
SCAF_693	12651	12738	1.01	0	5
SCAF_693_region	12651	12738	1.01	0	5
SCAF_694	12646	11475	0.91	0	10
SCAF_694_region	12646	11475	0.91	0	10
SCAF_695	12643	84000	6.64	0	19
SCAF_695_region	12643	84000	6.64	0	19
SCAF_696	12633	5976	0.47	0	3
SCAF_696_region	12633	5976	0.47	0	3
SCAF_697	12625	7317	0.58	0	10
SCAF_697_region	12625	7317	0.58	0	10
SCAF_698	12617	101512	8.05	0	46
SCAF_698_region	12617	101512	8.05	0	46
SCAF_699	12540	9708	0.77	0	14
SCAF_699_region	12540	9708	0.77	0	14
SCAF_700	12515	178	0.01	0	6
SCAF_700_region	12515	178	0.01	0	6
SCAF_701	12482	790	0.06	0	2
SCAF_701_region	12482	790	0.06	0	2
SCAF_702	12461	50969	4.09	0	69
SCAF_702_region	12461	50969	4.09	0	69
SCAF_703	12456	30106	2.42	0	22
SCAF_703_region	12456	30106	2.42	0	22
SCAF_704	12456	8126	0.65	0	13
SCAF_704_region	12456	8126	0.65	0	13
SCAF_705	12358	4188	0.34	0	13
SCAF_705_region	12358	4188	0.34	0	13
SCAF_706	12350	104514	8.46	0	24
SCAF_706_region	12350	104514	8.46	0	24
SCAF_707	12343	34893	2.83	0	10
SCAF_707_region	12343	34893	2.83	0	10
SCAF_708	12333	1480	0.12	0	14
SCAF_708_region	12333	1480	0.12	0	14
SCAF_709	12319	2852140	231.52	0	2992
SCAF_709_region	12319	2852140	231.52	0	2992
SCAF_710	12288	36170	2.94	0	11
SCAF_710_region	12288	36170	2.94	0	11
SCAF_711	12252	125507	10.24	0	25
SCAF_711_region	12252	125507	10.24	0	25
SCAF_712	12218	77795	6.37	0	173
SCAF_712_region	12218	77795	6.37	0	173
SCAF_713	12177	117886	9.68	0	29
SCAF_713_region	12177	117886	9.68	0	29
SCAF_714	12167	35998	2.96	0	9
SCAF_714_region	12167	35998	2.96	0	9
SCAF_715	12163	428	0.04	0	4
SCAF_715_region	12163	428	0.04	0	4
SCAF_716	12143	9495	0.78	0	8
SCAF_716_region	12143	9495	0.78	0	8
SCAF_717	12102	7884	0.65	0	7
SCAF_717_region	12102	7884	0.65	0	7
SCAF_718	12099	6124	0.51	0	15
SCAF_718_region	12099	6124	0.51	0	15
SCAF_719	12095	30857	2.55	0	12
SCAF_719_region	12095	30857	2.55	0	12
SCAF_720	12085	14850	1.23	0	12
SCAF_720_region	12085	14850	1.23	0	12
SCAF_721	12078	12201	1.01	0	7
SCAF_721_region	12078	12201	1.01	0	7
SCAF_722	12066	37923	3.14	0	20
SCAF_722_region	12066	37923	3.14	0	20
SCAF_723	12015	7826	0.65	0	5
SCAF_723_region	12015	7826	0.65	0	5
SCAF_724	12004	32992	2.75	0	16
SCAF_724_region	12004	32992	2.75	0	16
SCAF_725	11949	42094	3.52	0	21
SCAF_725_region	11949	42094	3.52	0	21
SCAF_726	11911	27222	2.29	0	8
SCAF_726_region	11911	27222	2.29	0	8
SCAF_727	11900	1270	0.11	0	3
SCAF_727_region	11900	1270	0.11	0	3
SCAF_728	11869	51220	4.32	0	44
SCAF_728_region	11869	51220	4.32	0	44
SCAF_729	11788	111924	9.49	0	25
SCAF_729_region	11788	111924	9.49	0	25
SCAF_730	11785	109119	9.26	0	34
SCAF_730_region	11785	109119	9.26	0	34
SCAF_731	11750	5559	0.47	0	6
SCAF_731_region	11750	5559	0.47	0	6
SCAF_732	11699	33319	2.85	0	10
SCAF_732_region	11699	33319	2.85	0	10
SCAF_733	11674	434	0.04	0	1
SCAF_733_region	11674	434	0.04	0	1
SCAF_734	11658	15409	1.32	0	15
SCAF_734_region	11658	15409	1.32	0	15
SCAF_735	11648	115733	9.94	0	22
SCAF_735_region	11648	115733	9.94	0	22
SCAF_736	11642	11976	1.03	0	9
SCAF_736_region	11642	11976	1.03	0	9
SCAF_737	11612	329	0.03	0	1
SCAF_737_region	11612	329	0.03	0	1
SCAF_738	11595	814	0.07	0	1
SCAF_738_region	11595	814	0.07	0	1
SCAF_739	11525	18524	1.61	0	85
SCAF_739_region	11525	18524	1.61	0	85
SCAF_740	11505	8828	0.77	0	7
SCAF_740_region	11505	8828	0.77	0	7
SCAF_741	11492	3864	0.34	0	5
SCAF_741_region	11492	3864	0.34	0	5
SCAF_742	11467	5719187	498.75	0	2241
SCAF_742_region	11467	5719187	498.75	0	2241
SCAF_743	11404	822	0.07	0	2
SCAF_743_region	11404	822	0.07	0	2
SCAF_744	11377	6081	0.53	0	6
SCAF_744_region	11377	6081	0.53	0	6
SCAF_745	11364	6039	0.53	0	6
SCAF_745_region	11364	6039	0.53	0	6
SCAF_746	11318	2307	0.20	0	3
SCAF_746_region	11318	2307	0.20	0	3
SCAF_747	11311	30460	2.69	0	142
SCAF_747_region	11311	30460	2.69	0	142
SCAF_748	11306	53590	4.74	0	28
SCAF_748_region	11306	53590	4.74	0	28
SCAF_749	11299	38496	3.41	0	25
SCAF_749_region	11299	38496	3.41	0	25
SCAF_750	11284	38888	3.45	0	18
SCAF_750_region	11284	38888	3.45	0	18
SCAF_751	11276	33506	2.97	0	10
SCAF_751_region	11276	33506	2.97	0	10
SCAF_752	11267	34419	3.05	0	10
SCAF_752_region	11267	34419	3.05	0	10
SCAF_753	11254	6759	0.60	0	3
SCAF_753_region	11254	6759	0.60	0	3
SCAF_754	11236	35755	3.18	0	26
SCAF_754_region	11236	35755	3.18	0	26
SCAF_755	11231	2676	0.24	0	2
SCAF_755_region	11231	2676	0.24	0	2
SCAF_756	11200	68011	6.07	0	21
SCAF_756_region	11200	68011	6.07	0	21
SCAF_757	11195	7698	0.69	0	10
SCAF_757_region	11195	7698	0.69	0	10
SCAF_758	11126	8932	0.80	0	7
SCAF_758_region	11126	8932	0.80	0	7
SCAF_759	11118	7032	0.63	0	6
SCAF_759_region	11118	7032	0.63	0	6
SCAF_760	11100	40055	3.61	0	12
SCAF_760_region	11100	40055	3.61	0	12
SCAF_761	11097	8634	0.78	0	10
SCAF_761_region	11097	8634	0.78	0	10
SCAF_762	11029	14413	1.31	0	12
SCAF_762_region	11029	14413	1.31	0	12
SCAF_763	11019	19101	1.73	0	9
SCAF_763_region	11019	19101	1.73	0	9
SCAF_764	10979	4187	0.38	0	46
SCAF_764_region	10979	4187	0.38	0	46
SCAF_765	10957	1682	0.15	0	2
SCAF_765_region	10957	1682	0.15	0	2
SCAF_766	10940	17551	1.60	0	14
SCAF_766_region	10940	17551	1.60	0	14
SCAF_767	10913	19626	1.80	0	18
SCAF_767_region	10913	19626	1.80	0	18
SCAF_768	10886	33744	3.10	0	16
SCAF_768_region	10886	33744	3.10	0	16
SCAF_769	10867	3269	0.30	0	8
SCAF_769_region	10867	3269	0.30	0	8
SCAF_770	10816	2007	0.19	0	11
SCAF_770_region	10816	2007	0.19	0	11
SCAF_771	10810	343	0.03	0	2
SCAF_771_region	10810	343	0.03	0	2
SCAF_772	10709	11790	1.10	0	8
SCAF_772_region	10709	11790	1.10	0	8
SCAF_773	10688	141945	13.28	0	87
SCAF_773_region	10688	141945	13.28	0	87
SCAF_774	10648	51050	4.79	0	35
SCAF_774_region	10648	51050	4.79	0	35
SCAF_775	10642	569	0.05	0	1
SCAF_775_region	10642	569	0.05	0	1
SCAF_776	10612	7107	0.67	0	11
SCAF_776_region	10612	7107	0.67	0	11
SCAF_777	10608	69992	6.60	0	26
SCAF_777_region	10608	69992	6.60	0	26
SCAF_778	10604	5413	0.51	0	4
SCAF_778_region	10604	5413	0.51	0	4
SCAF_779	10578	1853	0.18	0	2
SCAF_779_region	10578	1853	0.18	0	2
SCAF_780	10571	850	0.08	0	1
SCAF_780_region	10571	850	0.08	0	1
SCAF_781	10511	27676	2.63	0	11
SCAF_781_region	10511	27676	2.63	0	11
SCAF_782	10492	908	0.09	0	4
SCAF_782_region	10492	908	0.09	0	4
SCAF_783	10421	6016	0.58	0	5
SCAF_783_region	10421	6016	0.58	0	5
SCAF_784	10379	55837	5.38	0	20
SCAF_784_region	10379	55837	5.38	0	20
SCAF_785	10337	12903	1.25	0	8
SCAF_785_region	10337	12903	1.25	0	8
SCAF_786	10326	48758	4.72	0	21
SCAF_786_region	10326	48758	4.72	0	21
SCAF_787	10326	6947	0.67	0	4
SCAF_787_region	10326	6947	0.67	0	4
SCAF_788	10316	1536	0.15	0	5
SCAF_788_region	10316	1536	0.15	0	5
SCAF_789	10256	364	0.04	0	1
SCAF_789_region	10256	364	0.04	0	1
SCAF_790	10228	23841	2.33	0	44
SCAF_790_region	10228	23841	2.33	0	44
SCAF_791	10185	6361	0.62	0	5
SCAF_791_region	10185	6361	0.62	0	5
SCAF_792	10184	49609	4.87	0	16
SCAF_792_region	10184	49609	4.87	0	16
SCAF_793	10160	12464	1.23	0	8
SCAF_793_region	10160	12464	1.23	0	8
SCAF_794	10147	706	0.07	0	1
SCAF_794_region	10147	706	0.07	0	1
SCAF_795	10110	31441	3.11	0	47
SCAF_795_region	10110	31441	3.11	0	47
SCAF_796	10045	511	0.05	0	1
SCAF_796_region	10045	511	0.05	0	1
SCAF_797	10015	8984	0.90	0	19
SCAF_797_region	10015	8984	0.90	0	19
SCAF_798	10012	9022	0.90	0	6
SCAF_798_region	10012	9022	0.90	0	6
SCAF_799	9978	15101	1.51	0	10
SCAF_799_region	9978	15101	1.51	0	10
SCAF_800	9947	13697	1.38	0	59
SCAF_800_region	9947	13697	1.38	0	59
SCAF_801	9941	5218	0.52	0	9
SCAF_801_region	9941	5218	0.52	0	9
SCAF_802	9910	247	0.02	0	1
SCAF_802_region	9910	247	0.02	0	1
SCAF_803	9879	4839	0.49	0	5
SCAF_803_region	9879	4839	0.49	0	5
SCAF_804	9861	27086	2.75	0	19
SCAF_804_region	9861	27086	2.75	0	19
SCAF_805	9859	2072	0.21	0	3
SCAF_805_region	9859	2072	0.21	0	3
SCAF_806	9855	7921	0.80	0	13
SCAF_806_region	9855	7921	0.80	0	13
SCAF_807	9792	2343	0.24	0	4
SCAF_807_region	9792	2343	0.24	0	4
SCAF_808	9784	3090	0.32	0	2
SCAF_808_region	9784	3090	0.32	0	2
SCAF_809	9773	48723	4.99	0	16
SCAF_809_region	9773	48723	4.99	0	16
SCAF_810	9756	3583	0.37	0	8
SCAF_810_region	9756	3583	0.37	0	8
SCAF_811	9753	5724	0.59	0	44
SCAF_811_region	9753	5724	0.59	0	44
SCAF_812	9719	3063	0.32	0	7
SCAF_812_region	9719	3063	0.32	0	7
SCAF_813	9715	6851	0.71	0	7
SCAF_813_region	9715	6851	0.71	0	7
SCAF_814	9708	34002	3.50	0	20
SCAF_814_region	9708	34002	3.50	0	20
SCAF_815	9700	7901	0.81	0	10
SCAF_815_region	9700	7901	0.81	0	10
SCAF_816	9673	36230	3.75	0	11
SCAF_816_region	9673	36230	3.75	0	11
SCAF_817	9638	5514	0.57	0	5
SCAF_817_region	9638	5514	0.57	0	5
SCAF_818	9601	12235	1.27	0	8
SCAF_818_region	9601	12235	1.27	0	8
SCAF_819	9601	3039	0.32	0	4
SCAF_819_region	9601	3039	0.32	0	4
SCAF_820	9550	56642	5.93	0	72
SCAF_820_region	9550	56642	5.93	0	72
SCAF_821	9533	29113	3.05	0	11
SCAF_821_region	9533	29113	3.05	0	11
SCAF_822	9498	25975	2.73	0	10
SCAF_822_region	9498	25975	2.73	0	10
SCAF_823	9466	1616491	170.77	0	1124
SCAF_823_region	9466	1616491	170.77	0	1124
SCAF_824	9457	1215	0.13	0	4
SCAF_824_region	9457	1215	0.13	0	4
SCAF_825	9446	25344	2.68	0	14
SCAF_825_region	9446	25344	2.68	0	14
SCAF_826	9385	31021	3.31	0	13
SCAF_826_region	9385	31021	3.31	0	13
SCAF_827	9376	36767	3.92	0	49
SCAF_827_region	9376	36767	3.92	0	49
SCAF_828	9365	18841	2.01	0	8
SCAF_828_region	9365	18841	2.01	0	8
SCAF_829	9320	9424	1.01	0	7
SCAF_829_region	9320	9424	1.01	0	7
SCAF_830	9303	8325	0.89	0	6
SCAF_830_region	9303	8325	0.89	0	6
SCAF_831	9295	9108	0.98	0	9
SCAF_831_region	9295	9108	0.98	0	9
SCAF_832	9282	24317	2.62	0	17
SCAF_832_region	9282	24317	2.62	0	17
SCAF_833	9263	620	0.07	0	2
SCAF_833_region	9263	620	0.07	0	2
SCAF_834	9159	128683	14.05	0	497
SCAF_834_region	9159	128683	14.05	0	497
SCAF_835	9159	11157	1.22	0	7
SCAF_835_region	9159	11157	1.22	0	7
SCAF_836	9157	21595	2.36	0	28
SCAF_836_region	9157	21595	2.36	0	28
SCAF_837	9095	1016	0.11	0	10
SCAF_837_region	9095	1016	0.11	0	10
SCAF_838	9078	19903	2.19	0	22
SCAF_838_region	9078	19903	2.19	0	22
SCAF_839	9057	45601	5.03	0	63
SCAF_839_region	9057	45601	5.03	0	63
SCAF_840	9014	29619	3.29	0	9
SCAF_840_region	9014	29619	3.29	0	9
SCAF_841	8986	22340	2.49	0	13
SCAF_841_region	8986	22340	2.49	0	13
SCAF_842	8986	1623	0.18	0	4
SCAF_842_region	8986	1623	0.18	0	4
SCAF_843	8952	1957	0.22	0	102
SCAF_843_region	8952	1957	0.22	0	102
SCAF_844	8935	191322	21.41	0	1347
SCAF_844_region	8935	191322	21.41	0	1347
SCAF_845	8927	44864	5.03	0	22
SCAF_845_region	8927	44864	5.03	0	22
SCAF_846	8908	37129	4.17	0	67
SCAF_846_region	8908	37129	4.17	0	67
SCAF_847	8868	31353	3.54	0	13
SCAF_847_region	8868	31353	3.54	0	13
SCAF_848	8867	852	0.10	0	2
SCAF_848_region	8867	852	0.10	0	2
SCAF_849	8825	21714	2.46	0	13
SCAF_849_region	8825	21714	2.46	0	13
SCAF_850	8771	24856	2.83	0	9
SCAF_850_region	8771	24856	2.83	0	9
SCAF_851	8703	7185	0.83	0	6
SCAF_851_region	8703	7185	0.83	0	6
SCAF_852	8695	7343	0.84	0	6
SCAF_852_region	8695	7343	0.84	0	6
SCAF_853	8662	21	0.00	0	1
SCAF_853_region	8662	21	0.00	0	1
SCAF_854	8634	964	0.11	0	3
SCAF_854_region	8634	964	0.11	0	3
SCAF_855	8630	1283	0.15	0	2
SCAF_855_region	8630	1283	0.15	0	2
SCAF_856	8617	2497496	289.83	0	1140
SCAF_856_region	8617	2497496	289.83	0	1140
SCAF_857	8469	26117	3.08	0	17
SCAF_857_region	8469	26117	3.08	0	17
SCAF_858	8431	25637	3.04	0	19
SCAF_858_region	8431	25637	3.04	0	19
SCAF_859	8397	1216	0.14	0	3
SCAF_859_region	8397	1216	0.14	0	3
SCAF_860	8390	41564	4.95	0	22
SCAF_860_region	8390	41564	4.95	0	22
SCAF_861	8357	20304	2.43	0	11
SCAF_861_region	8357	20304	2.43	0	11
SCAF_862	8342	1369554	164.18	0	7872
SCAF_862_region	8342	1369554	164.18	0	7872
SCAF_863	8337	989	0.12	0	3
SCAF_863_region	8337	989	0.12	0	3
SCAF_864	8258	20411	2.47	0	11
SCAF_864_region	8258	20411	2.47	0	11
SCAF_865	8103	13303	1.64	0	13
SCAF_865_region	8103	13303	1.64	0	13
SCAF_866	8034	1356	0.17	0	10
SCAF_866_region	8034	1356	0.17	0	10
SCAF_867	8027	26585	3.31	0	22
SCAF_867_region	8027	26585	3.31	0	22
SCAF_868	8017	36414	4.54	0	23
SCAF_868_region	8017	36414	4.54	0	23
SCAF_869	8015	6742	0.84	0	21
SCAF_869_region	8015	6742	0.84	0	21
SCAF_870	8015	3402	0.42	0	3
SCAF_870_region	8015	3402	0.42	0	3
SCAF_871	8000	722	0.09	0	9
SCAF_871_region	8000	722	0.09	0	9
SCAF_872	7790	7968	1.02	0	6
SCAF_872_region	7790	7968	1.02	0	6
SCAF_873	7773	957	0.12	0	2
SCAF_873_region	7773	957	0.12	0	2
SCAF_874	7763	39995	5.15	0	20
SCAF_874_region	7763	39995	5.15	0	20
SCAF_875	7721	3647	0.47	0	2
SCAF_875_region	7721	3647	0.47	0	2
SCAF_876	7701	28826	3.74	0	14
SCAF_876_region	7701	28826	3.74	0	14
SCAF_877	7680	19	0.00	0	1
SCAF_877_region	7680	19	0.00	0	1
SCAF_878	7622	8311	1.09	0	8
SCAF_878_region	7622	8311	1.09	0	8
SCAF_879	7582	20930	2.76	0	10
SCAF_879_region	7582	20930	2.76	0	10
SCAF_880	7559	33256	4.40	0	72
SCAF_880_region	7559	33256	4.40	0	72
SCAF_881	7416	381717	51.47	0	931
SCAF_881_region	7416	381717	51.47	0	931
SCAF_882	7394	42113	5.70	0	23
SCAF_882_region	7394	42113	5.70	0	23
SCAF_883	7363	21536	2.92	0	7
SCAF_883_region	7363	21536	2.92	0	7
SCAF_884	7338	4640	0.63	0	5
SCAF_884_region	7338	4640	0.63	0	5
SCAF_886	7276	23463	3.22	0	27
SCAF_886_region	7276	23463	3.22	0	27
SCAF_887	7242	1708	0.24	0	2
SCAF_887_region	7242	1708	0.24	0	2
SCAF_888	7231	27271	3.77	0	10
SCAF_888_region	7231	27271	3.77	0	10
SCAF_889	7198	391	0.05	0	1
SCAF_889_region	7198	391	0.05	0	1
SCAF_890	7142	4781	0.67	0	5
SCAF_890_region	7142	4781	0.67	0	5
SCAF_891	7028	34820	4.95	0	30
SCAF_891_region	7028	34820	4.95	0	30
SCAF_892	7025	19569	2.79	0	10
SCAF_892_region	7025	19569	2.79	0	10
SCAF_893	7015	7360	1.05	0	7
SCAF_893_region	7015	7360	1.05	0	7
SCAF_894	6958	6521	0.94	0	7
SCAF_894_region	6958	6521	0.94	0	7
SCAF_895	6948	28753	4.14	0	22
SCAF_895_region	6948	28753	4.14	0	22
SCAF_896	6829	1140158	166.96	0	600
SCAF_896_region	6829	1140158	166.96	0	600
SCAF_897	6804	5122	0.75	0	8
SCAF_897_region	6804	5122	0.75	0	8
SCAF_898	6754	557491	82.54	0	975
SCAF_898_region	6754	557491	82.54	0	975
SCAF_899	6732	3707	0.55	0	7
SCAF_899_region	6732	3707	0.55	0	7
SCAF_900	6698	59437	8.87	0	136
SCAF_900_region	6698	59437	8.87	0	136
SCAF_901	6642	2543	0.38	0	14
SCAF_901_region	6642	2543	0.38	0	14
SCAF_902	6588	18014	2.73	0	11
SCAF_902_region	6588	18014	2.73	0	11
SCAF_903	6549	48883	7.46	0	23
SCAF_903_region	6549	48883	7.46	0	23
SCAF_904	6496	24135	3.72	0	14
SCAF_904_region	6496	24135	3.72	0	14
SCAF_905	6483	558	0.09	0	3
SCAF_905_region	6483	558	0.09	0	3
SCAF_906	6367	995	0.16	0	2
SCAF_906_region	6367	995	0.16	0	2
SCAF_907	6367	11606	1.82	0	21
SCAF_907_region	6367	11606	1.82	0	21
SCAF_908	6228	48217	7.74	0	172
SCAF_908_region	6228	48217	7.74	0	172
SCAF_909	6173	42097	6.82	0	73
SCAF_909_region	6173	42097	6.82	0	73
SCAF_910	6170	229	0.04	0	4
SCAF_910_region	6170	229	0.04	0	4
SCAF_911	6077	6674	1.10	0	9
SCAF_911_region	6077	6674	1.10	0	9
SCAF_912	6073	26291	4.33	0	24
SCAF_912_region	6073	26291	4.33	0	24
SCAF_913	6059	413560	68.26	0	826
SCAF_913_region	6059	413560	68.26	0	826
SCAF_914	6001	3023	0.50	0	4
SCAF_914_region	6001	3023	0.50	0	4
SCAF_915	5869	79843	13.60	0	181
SCAF_915_region	5869	79843	13.60	0	181
SCAF_916	5803	3124	0.54	0	7
SCAF_916_region	5803	3124	0.54	0	7
SCAF_917	5661	28462	5.03	0	14
SCAF_917_region	5661	28462	5.03	0	14
SCAF_918	5277	16483	3.12	0	9
SCAF_918_region	5277	16483	3.12	0	9
total	51506990	2393791734	46.48	0	327035
total_region	51506990	2393791734	46.48	0	327035
