chrom	length	bases	mean	min	max
SCAF_1	5574741	720423722	129.23	0	2850
SCAF_1_region	5574741	720423722	129.23	0	2850
SCAF_2	4079479	527870083	129.40	0	1889
SCAF_2_region	4079479	527870083	129.40	0	1889
SCAF_3	3666439	474887994	129.52	0	5571
SCAF_3_region	3666439	474887994	129.52	0	5571
SCAF_4	2601389	359632578	138.25	0	3562
SCAF_4_region	2601389	359632578	138.25	0	3562
SCAF_5	2032088	279303958	137.45	0	2740
SCAF_5_region	2032088	279303958	137.45	0	2740
SCAF_6	1976889	271011423	137.09	0	2604
SCAF_6_region	1976889	271011423	137.09	0	2604
SCAF_7	1932263	256992655	133.00	0	3137
SCAF_7_region	1932263	256992655	133.00	0	3137
SCAF_8	1669080	203860563	122.14	0	2874
SCAF_8_region	1669080	203860563	122.14	0	2874
SCAF_9	1646134	209954952	127.54	0	2460
SCAF_9_region	1646134	209954952	127.54	0	2460
SCAF_10	1570817	212332493	135.17	0	2083
SCAF_10_region	1570817	212332493	135.17	0	2083
SCAF_11	1437752	201111626	139.88	0	1918
SCAF_11_region	1437752	201111626	139.88	0	1918
SCAF_12	978195	149184224	152.51	0	429742
SCAF_12_region	978195	149184224	152.51	0	429742
SCAF_13	598471	86571612	144.65	0	4061
SCAF_13_region	598471	86571612	144.65	0	4061
SCAF_14	247525	8383529	33.87	0	5213
SCAF_14_region	247525	8383529	33.87	0	5213
SCAF_15	224905	17605	0.08	0	9
SCAF_15_region	224905	17605	0.08	0	9
SCAF_16	181804	345187	1.90	0	76
SCAF_16_region	181804	345187	1.90	0	76
SCAF_17	176395	13087	0.07	0	9
SCAF_17_region	176395	13087	0.07	0	9
SCAF_18	160122	12045	0.08	0	10
SCAF_18_region	160122	12045	0.08	0	10
SCAF_19	139354	1846	0.01	0	5
SCAF_19_region	139354	1846	0.01	0	5
SCAF_20	131876	12023	0.09	0	3
SCAF_20_region	131876	12023	0.09	0	3
SCAF_21	130124	77399	0.59	0	129
SCAF_21_region	130124	77399	0.59	0	129
SCAF_22	121580	12408	0.10	0	3
SCAF_22_region	121580	12408	0.10	0	3
SCAF_23	117381	11037	0.09	0	5
SCAF_23_region	117381	11037	0.09	0	5
SCAF_24	115879	8812	0.08	0	5
SCAF_24_region	115879	8812	0.08	0	5
SCAF_25	115495	9761	0.08	0	20
SCAF_25_region	115495	9761	0.08	0	20
SCAF_26	113072	11163	0.10	0	5
SCAF_26_region	113072	11163	0.10	0	5
SCAF_27	110609	3999970	36.16	0	770
SCAF_27_region	110609	3999970	36.16	0	770
SCAF_28	109542	2665	0.02	0	2
SCAF_28_region	109542	2665	0.02	0	2
SCAF_29	108319	11822217	109.14	0	1840
SCAF_29_region	108319	11822217	109.14	0	1840
SCAF_30	107902	368739	3.42	0	317
SCAF_30_region	107902	368739	3.42	0	317
SCAF_31	106626	427442	4.01	0	429
SCAF_31_region	106626	427442	4.01	0	429
SCAF_32	102192	1280292	12.53	0	1006
SCAF_32_region	102192	1280292	12.53	0	1006
SCAF_33	98221	11314	0.12	0	3
SCAF_33_region	98221	11314	0.12	0	3
SCAF_34	97882	10533	0.11	0	3
SCAF_34_region	97882	10533	0.11	0	3
SCAF_35	95705	22957	0.24	0	15
SCAF_35_region	95705	22957	0.24	0	15
SCAF_36	94431	6531	0.07	0	2
SCAF_36_region	94431	6531	0.07	0	2
SCAF_37	92851	6283	0.07	0	3
SCAF_37_region	92851	6283	0.07	0	3
SCAF_38	89142	76141	0.85	0	122
SCAF_38_region	89142	76141	0.85	0	122
SCAF_39	88257	7526	0.09	0	2
SCAF_39_region	88257	7526	0.09	0	2
SCAF_40	85354	58550	0.69	0	83
SCAF_40_region	85354	58550	0.69	0	83
SCAF_41	82239	7759	0.09	0	2
SCAF_41_region	82239	7759	0.09	0	2
SCAF_42	77162	8887	0.12	0	9
SCAF_42_region	77162	8887	0.12	0	9
SCAF_43	76714	7527	0.10	0	3
SCAF_43_region	76714	7527	0.10	0	3
SCAF_44	76272	565008	7.41	0	642
SCAF_44_region	76272	565008	7.41	0	642
SCAF_45	73110	26119	0.36	0	5
SCAF_45_region	73110	26119	0.36	0	5
SCAF_46	72118	6947	0.10	0	5
SCAF_46_region	72118	6947	0.10	0	5
SCAF_47	70166	4982	0.07	0	2
SCAF_47_region	70166	4982	0.07	0	2
SCAF_48	69627	10832	0.16	0	3
SCAF_48_region	69627	10832	0.16	0	3
SCAF_49	69624	122912	1.77	0	204
SCAF_49_region	69624	122912	1.77	0	204
SCAF_50	68258	6882	0.10	0	6
SCAF_50_region	68258	6882	0.10	0	6
SCAF_51	66966	1891	0.03	0	2
SCAF_51_region	66966	1891	0.03	0	2
SCAF_52	66855	3040	0.05	0	11
SCAF_52_region	66855	3040	0.05	0	11
SCAF_53	65552	2925	0.04	0	2
SCAF_53_region	65552	2925	0.04	0	2
SCAF_54	65267	611	0.01	0	2
SCAF_54_region	65267	611	0.01	0	2
SCAF_55	65114	3375	0.05	0	2
SCAF_55_region	65114	3375	0.05	0	2
SCAF_56	62812	488	0.01	0	14
SCAF_56_region	62812	488	0.01	0	14
SCAF_57	62187	950	0.02	0	6
SCAF_57_region	62187	950	0.02	0	6
SCAF_58	61544	58130	0.94	0	128
SCAF_58_region	61544	58130	0.94	0	128
SCAF_59	61533	2651	0.04	0	2
SCAF_59_region	61533	2651	0.04	0	2
SCAF_60	61411	275234	4.48	0	336
SCAF_60_region	61411	275234	4.48	0	336
SCAF_61	61115	8847	0.14	0	3
SCAF_61_region	61115	8847	0.14	0	3
SCAF_62	59972	76992	1.28	0	160
SCAF_62_region	59972	76992	1.28	0	160
SCAF_63	59743	76257	1.28	0	71
SCAF_63_region	59743	76257	1.28	0	71
SCAF_64	58841	1093145	18.58	0	1205
SCAF_64_region	58841	1093145	18.58	0	1205
SCAF_65	58838	2847	0.05	0	3
SCAF_65_region	58838	2847	0.05	0	3
SCAF_66	58483	170437	2.91	0	1045
SCAF_66_region	58483	170437	2.91	0	1045
SCAF_67	57162	3149	0.06	0	3
SCAF_67_region	57162	3149	0.06	0	3
SCAF_68	56404	35753	0.63	0	140
SCAF_68_region	56404	35753	0.63	0	140
SCAF_69	55942	3813	0.07	0	2
SCAF_69_region	55942	3813	0.07	0	2
SCAF_70	55722	7695	0.14	0	2
SCAF_70_region	55722	7695	0.14	0	2
SCAF_71	55604	5906	0.11	0	2
SCAF_71_region	55604	5906	0.11	0	2
SCAF_72	54709	9891	0.18	0	5
SCAF_72_region	54709	9891	0.18	0	5
SCAF_73	52157	5472	0.10	0	3
SCAF_73_region	52157	5472	0.10	0	3
SCAF_74	52077	3388	0.07	0	3
SCAF_74_region	52077	3388	0.07	0	3
SCAF_75	51185	2031	0.04	0	2
SCAF_75_region	51185	2031	0.04	0	2
SCAF_76	50428	4653141	92.27	0	2006
SCAF_76_region	50428	4653141	92.27	0	2006
SCAF_77	50384	291	0.01	0	1
SCAF_77_region	50384	291	0.01	0	1
SCAF_78	49366	6654	0.13	0	3
SCAF_78_region	49366	6654	0.13	0	3
SCAF_79	49160	861	0.02	0	2
SCAF_79_region	49160	861	0.02	0	2
SCAF_80	48966	4444	0.09	0	3
SCAF_80_region	48966	4444	0.09	0	3
SCAF_81	48848	58	0.00	0	1
SCAF_81_region	48848	58	0.00	0	1
SCAF_82	48542	4181	0.09	0	3
SCAF_82_region	48542	4181	0.09	0	3
SCAF_83	48542	13267	0.27	0	5
SCAF_83_region	48542	13267	0.27	0	5
SCAF_84	47775	539	0.01	0	1
SCAF_84_region	47775	539	0.01	0	1
SCAF_85	47318	7954	0.17	0	5
SCAF_85_region	47318	7954	0.17	0	5
SCAF_86	46994	6370	0.14	0	6
SCAF_86_region	46994	6370	0.14	0	6
SCAF_87	46805	5937	0.13	0	3
SCAF_87_region	46805	5937	0.13	0	3
SCAF_88	46738	3393	0.07	0	2
SCAF_88_region	46738	3393	0.07	0	2
SCAF_89	46547	3881	0.08	0	3
SCAF_89_region	46547	3881	0.08	0	3
SCAF_90	46221	234	0.01	0	1
SCAF_90_region	46221	234	0.01	0	1
SCAF_91	44916	6727	0.15	0	2
SCAF_91_region	44916	6727	0.15	0	2
SCAF_92	44616	24593485	551.23	0	6464
SCAF_92_region	44616	24593485	551.23	0	6464
SCAF_94	43913	531	0.01	0	1
SCAF_94_region	43913	531	0.01	0	1
SCAF_95	43808	113	0.00	0	1
SCAF_95_region	43808	113	0.00	0	1
SCAF_96	43342	1178	0.03	0	2
SCAF_96_region	43342	1178	0.03	0	2
SCAF_97	43038	11629063	270.20	0	1391
SCAF_97_region	43038	11629063	270.20	0	1391
SCAF_98	42896	389	0.01	0	1
SCAF_98_region	42896	389	0.01	0	1
SCAF_99	42178	3339	0.08	0	2
SCAF_99_region	42178	3339	0.08	0	2
SCAF_100	41993	149	0.00	0	1
SCAF_100_region	41993	149	0.00	0	1
SCAF_101	41585	2579	0.06	0	2
SCAF_101_region	41585	2579	0.06	0	2
SCAF_102	41267	6801962	164.83	0	555
SCAF_102_region	41267	6801962	164.83	0	555
SCAF_103	41164	501	0.01	0	6
SCAF_103_region	41164	501	0.01	0	6
SCAF_104	40984	2331	0.06	0	2
SCAF_104_region	40984	2331	0.06	0	2
SCAF_105	40971	1116	0.03	0	2
SCAF_105_region	40971	1116	0.03	0	2
SCAF_106	40689	4768	0.12	0	2
SCAF_106_region	40689	4768	0.12	0	2
SCAF_107	40038	1831	0.05	0	3
SCAF_107_region	40038	1831	0.05	0	3
SCAF_108	39998	208	0.01	0	1
SCAF_108_region	39998	208	0.01	0	1
SCAF_109	39904	523	0.01	0	3
SCAF_109_region	39904	523	0.01	0	3
SCAF_110	39605	2166	0.05	0	2
SCAF_110_region	39605	2166	0.05	0	2
SCAF_111	39279	6287	0.16	0	35
SCAF_111_region	39279	6287	0.16	0	35
SCAF_112	39164	5677369	144.96	0	480
SCAF_112_region	39164	5677369	144.96	0	480
SCAF_113	39049	3488	0.09	0	2
SCAF_113_region	39049	3488	0.09	0	2
SCAF_114	38983	229	0.01	0	1
SCAF_114_region	38983	229	0.01	0	1
SCAF_115	38824	1056716	27.22	0	670
SCAF_115_region	38824	1056716	27.22	0	670
SCAF_117	37728	16868739	447.11	0	1056
SCAF_117_region	37728	16868739	447.11	0	1056
SCAF_118	37705	3365	0.09	0	2
SCAF_118_region	37705	3365	0.09	0	2
SCAF_119	37514	3182	0.08	0	2
SCAF_119_region	37514	3182	0.08	0	2
SCAF_120	37456	14027372	374.50	0	6122
SCAF_120_region	37456	14027372	374.50	0	6122
SCAF_121	37441	13392622	357.70	0	888
SCAF_121_region	37441	13392622	357.70	0	888
SCAF_122	37347	329536	8.82	0	560
SCAF_122_region	37347	329536	8.82	0	560
SCAF_123	37222	16785	0.45	0	4
SCAF_123_region	37222	16785	0.45	0	4
SCAF_124	36961	130464	3.53	0	315
SCAF_124_region	36961	130464	3.53	0	315
SCAF_125	36710	2261	0.06	0	2
SCAF_125_region	36710	2261	0.06	0	2
SCAF_126	36614	210	0.01	0	1
SCAF_126_region	36614	210	0.01	0	1
SCAF_127	36584	2389	0.07	0	4
SCAF_127_region	36584	2389	0.07	0	4
SCAF_128	36068	6611	0.18	0	2
SCAF_128_region	36068	6611	0.18	0	2
SCAF_129	35972	4176	0.12	0	2
SCAF_129_region	35972	4176	0.12	0	2
SCAF_130	35925	4836	0.13	0	2
SCAF_130_region	35925	4836	0.13	0	2
SCAF_132	35264	2728	0.08	0	2
SCAF_132_region	35264	2728	0.08	0	2
SCAF_133	35121	20599101	586.52	0	6647
SCAF_133_region	35121	20599101	586.52	0	6647
SCAF_134	35117	1922	0.05	0	2
SCAF_134_region	35117	1922	0.05	0	2
SCAF_135	34903	9385	0.27	0	3
SCAF_135_region	34903	9385	0.27	0	3
SCAF_136	34900	18054705	517.33	0	5296
SCAF_136_region	34900	18054705	517.33	0	5296
SCAF_137	34765	1551	0.04	0	1
SCAF_137_region	34765	1551	0.04	0	1
SCAF_138	34687	61097	1.76	0	40
SCAF_138_region	34687	61097	1.76	0	40
SCAF_139	34615	2837	0.08	0	2
SCAF_139_region	34615	2837	0.08	0	2
SCAF_140	34599	14125252	408.26	0	1629
SCAF_140_region	34599	14125252	408.26	0	1629
SCAF_141	34497	2398916	69.54	0	2807
SCAF_141_region	34497	2398916	69.54	0	2807
SCAF_142	34440	14891332	432.38	0	999
SCAF_142_region	34440	14891332	432.38	0	999
SCAF_143	34384	12662	0.37	0	4
SCAF_143_region	34384	12662	0.37	0	4
SCAF_144	34330	482	0.01	0	2
SCAF_144_region	34330	482	0.01	0	2
SCAF_145	34087	19	0.00	0	1
SCAF_145_region	34087	19	0.00	0	1
SCAF_146	33692	4410	0.13	0	4
SCAF_146_region	33692	4410	0.13	0	4
SCAF_147	33483	13485169	402.75	0	5197
SCAF_147_region	33483	13485169	402.75	0	5197
SCAF_148	33469	434	0.01	0	1
SCAF_148_region	33469	434	0.01	0	1
SCAF_149	33420	11135474	333.20	0	1037
SCAF_149_region	33420	11135474	333.20	0	1037
SCAF_150	33347	376	0.01	0	4
SCAF_150_region	33347	376	0.01	0	4
SCAF_151	33283	31795	0.96	0	176
SCAF_151_region	33283	31795	0.96	0	176
SCAF_152	33266	8426	0.25	0	3
SCAF_152_region	33266	8426	0.25	0	3
SCAF_153	33237	417	0.01	0	5
SCAF_153_region	33237	417	0.01	0	5
SCAF_154	33139	58	0.00	0	3
SCAF_154_region	33139	58	0.00	0	3
SCAF_155	33127	18285656	551.99	0	1834
SCAF_155_region	33127	18285656	551.99	0	1834
SCAF_156	32748	81252	2.48	0	148
SCAF_156_region	32748	81252	2.48	0	148
SCAF_157	32666	812782	24.88	0	188
SCAF_157_region	32666	812782	24.88	0	188
SCAF_158	32618	1781	0.05	0	2
SCAF_158_region	32618	1781	0.05	0	2
SCAF_159	32358	101	0.00	0	4
SCAF_159_region	32358	101	0.00	0	4
SCAF_160	32136	1121	0.03	0	3
SCAF_160_region	32136	1121	0.03	0	3
SCAF_161	32035	1880	0.06	0	2
SCAF_161_region	32035	1880	0.06	0	2
SCAF_162	31954	1529	0.05	0	3
SCAF_162_region	31954	1529	0.05	0	3
SCAF_163	31782	1433	0.05	0	2
SCAF_163_region	31782	1433	0.05	0	2
SCAF_164	31669	6346	0.20	0	4
SCAF_164_region	31669	6346	0.20	0	4
SCAF_165	31629	3213	0.10	0	3
SCAF_165_region	31629	3213	0.10	0	3
SCAF_167	31556	580	0.02	0	1
SCAF_167_region	31556	580	0.02	0	1
SCAF_168	31421	3324	0.11	0	2
SCAF_168_region	31421	3324	0.11	0	2
SCAF_169	31314	8670	0.28	0	4
SCAF_169_region	31314	8670	0.28	0	4
SCAF_170	31127	377	0.01	0	1
SCAF_170_region	31127	377	0.01	0	1
SCAF_171	31061	14126986	454.81	0	4388
SCAF_171_region	31061	14126986	454.81	0	4388
SCAF_174	30739	14144350	460.14	0	950
SCAF_174_region	30739	14144350	460.14	0	950
SCAF_175	30330	196	0.01	0	1
SCAF_175_region	30330	196	0.01	0	1
SCAF_176	30301	139041	4.59	0	394
SCAF_176_region	30301	139041	4.59	0	394
SCAF_177	30226	359	0.01	0	1
SCAF_177_region	30226	359	0.01	0	1
SCAF_178	30187	617	0.02	0	2
SCAF_178_region	30187	617	0.02	0	2
SCAF_179	30183	1050	0.03	0	4
SCAF_179_region	30183	1050	0.03	0	4
SCAF_180	30131	252	0.01	0	5
SCAF_180_region	30131	252	0.01	0	5
SCAF_181	30071	290	0.01	0	1
SCAF_181_region	30071	290	0.01	0	1
SCAF_182	30032	1406	0.05	0	5
SCAF_182_region	30032	1406	0.05	0	5
SCAF_184	29541	246547	8.35	0	361
SCAF_184_region	29541	246547	8.35	0	361
SCAF_186	29375	2239	0.08	0	2
SCAF_186_region	29375	2239	0.08	0	2
SCAF_187	29360	84	0.00	0	1
SCAF_187_region	29360	84	0.00	0	1
SCAF_188	29327	4573	0.16	0	2
SCAF_188_region	29327	4573	0.16	0	2
SCAF_189	29236	299	0.01	0	1
SCAF_189_region	29236	299	0.01	0	1
SCAF_190	29216	58663	2.01	0	47
SCAF_190_region	29216	58663	2.01	0	47
SCAF_191	29200	86	0.00	0	1
SCAF_191_region	29200	86	0.00	0	1
SCAF_192	29083	3714526	127.72	0	506
SCAF_192_region	29083	3714526	127.72	0	506
SCAF_193	29081	131	0.00	0	5
SCAF_193_region	29081	131	0.00	0	5
SCAF_194	28863	2560633	88.72	0	461
SCAF_194_region	28863	2560633	88.72	0	461
SCAF_195	28688	311	0.01	0	13
SCAF_195_region	28688	311	0.01	0	13
SCAF_196	28688	49613	1.73	0	118
SCAF_196_region	28688	49613	1.73	0	118
SCAF_197	28670	289	0.01	0	1
SCAF_197_region	28670	289	0.01	0	1
SCAF_198	28585	2035	0.07	0	1
SCAF_198_region	28585	2035	0.07	0	1
SCAF_199	28585	175892	6.15	0	176
SCAF_199_region	28585	175892	6.15	0	176
SCAF_200	28563	1366	0.05	0	2
SCAF_200_region	28563	1366	0.05	0	2
SCAF_201	28551	187	0.01	0	5
SCAF_201_region	28551	187	0.01	0	5
SCAF_202	28219	1217	0.04	0	1
SCAF_202_region	28219	1217	0.04	0	1
SCAF_204	28187	39629	1.41	0	180
SCAF_204_region	28187	39629	1.41	0	180
SCAF_205	28138	3729	0.13	0	3
SCAF_205_region	28138	3729	0.13	0	3
SCAF_206	28111	516	0.02	0	1
SCAF_206_region	28111	516	0.02	0	1
SCAF_207	27959	3246	0.12	0	2
SCAF_207_region	27959	3246	0.12	0	2
SCAF_208	27935	12421340	444.65	0	5313
SCAF_208_region	27935	12421340	444.65	0	5313
SCAF_209	27830	1839	0.07	0	1
SCAF_209_region	27830	1839	0.07	0	1
SCAF_210	27781	1000	0.04	0	3
SCAF_210_region	27781	1000	0.04	0	3
SCAF_211	27774	4786	0.17	0	2
SCAF_211_region	27774	4786	0.17	0	2
SCAF_212	27772	635	0.02	0	1
SCAF_212_region	27772	635	0.02	0	1
SCAF_213	27728	474	0.02	0	2
SCAF_213_region	27728	474	0.02	0	2
SCAF_214	27690	1264	0.05	0	1
SCAF_214_region	27690	1264	0.05	0	1
SCAF_215	27659	13861618	501.16	0	1079
SCAF_215_region	27659	13861618	501.16	0	1079
SCAF_216	27637	460	0.02	0	1
SCAF_216_region	27637	460	0.02	0	1
SCAF_218	27594	3824	0.14	0	2
SCAF_218_region	27594	3824	0.14	0	2
SCAF_220	27545	3168	0.12	0	3
SCAF_220_region	27545	3168	0.12	0	3
SCAF_221	27530	1044	0.04	0	2
SCAF_221_region	27530	1044	0.04	0	2
SCAF_223	27476	270	0.01	0	6
SCAF_223_region	27476	270	0.01	0	6
SCAF_224	27450	846	0.03	0	1
SCAF_224_region	27450	846	0.03	0	1
SCAF_226	27270	448670	16.45	0	496
SCAF_226_region	27270	448670	16.45	0	496
SCAF_227	27232	555	0.02	0	1
SCAF_227_region	27232	555	0.02	0	1
SCAF_228	27189	143699	5.29	0	41
SCAF_228_region	27189	143699	5.29	0	41
SCAF_229	27037	1544	0.06	0	2
SCAF_229_region	27037	1544	0.06	0	2
SCAF_230	26948	580	0.02	0	2
SCAF_230_region	26948	580	0.02	0	2
SCAF_231	26899	557	0.02	0	5
SCAF_231_region	26899	557	0.02	0	5
SCAF_232	26856	471	0.02	0	2
SCAF_232_region	26856	471	0.02	0	2
SCAF_233	26767	233	0.01	0	1
SCAF_233_region	26767	233	0.01	0	1
SCAF_234	26700	13600258	509.37	0	1027
SCAF_234_region	26700	13600258	509.37	0	1027
SCAF_235	26660	16270116	610.28	0	3302
SCAF_235_region	26660	16270116	610.28	0	3302
SCAF_236	26499	678	0.03	0	2
SCAF_236_region	26499	678	0.03	0	2
SCAF_237	26482	816	0.03	0	1
SCAF_237_region	26482	816	0.03	0	1
SCAF_238	26369	634	0.02	0	2
SCAF_238_region	26369	634	0.02	0	2
SCAF_239	26171	1260	0.05	0	3
SCAF_239_region	26171	1260	0.05	0	3
SCAF_240	26148	89	0.00	0	1
SCAF_240_region	26148	89	0.00	0	1
SCAF_241	26131	1662	0.06	0	1
SCAF_241_region	26131	1662	0.06	0	1
SCAF_242	26114	6997	0.27	0	3
SCAF_242_region	26114	6997	0.27	0	3
SCAF_243	26085	289	0.01	0	1
SCAF_243_region	26085	289	0.01	0	1
SCAF_244	26060	264	0.01	0	2
SCAF_244_region	26060	264	0.01	0	2
SCAF_245	25968	118	0.00	0	1
SCAF_245_region	25968	118	0.00	0	1
SCAF_246	25946	9835321	379.07	0	958
SCAF_246_region	25946	9835321	379.07	0	958
SCAF_247	25940	4451	0.17	0	4
SCAF_247_region	25940	4451	0.17	0	4
SCAF_248	25895	40	0.00	0	1
SCAF_248_region	25895	40	0.00	0	1
SCAF_249	25885	1866	0.07	0	2
SCAF_249_region	25885	1866	0.07	0	2
SCAF_250	25884	812	0.03	0	2
SCAF_250_region	25884	812	0.03	0	2
SCAF_251	25874	44	0.00	0	1
SCAF_251_region	25874	44	0.00	0	1
SCAF_252	25864	38	0.00	0	2
SCAF_252_region	25864	38	0.00	0	2
SCAF_253	25825	409	0.02	0	2
SCAF_253_region	25825	409	0.02	0	2
SCAF_254	25798	34232	1.33	0	61
SCAF_254_region	25798	34232	1.33	0	61
SCAF_255	25728	54	0.00	0	1
SCAF_255_region	25728	54	0.00	0	1
SCAF_257	25720	1390	0.05	0	2
SCAF_257_region	25720	1390	0.05	0	2
SCAF_258	25700	63593	2.47	0	74
SCAF_258_region	25700	63593	2.47	0	74
SCAF_259	25645	499	0.02	0	1
SCAF_259_region	25645	499	0.02	0	1
SCAF_260	25595	1994	0.08	0	2
SCAF_260_region	25595	1994	0.08	0	2
SCAF_261	25593	1835	0.07	0	2
SCAF_261_region	25593	1835	0.07	0	2
SCAF_262	25592	1383	0.05	0	2
SCAF_262_region	25592	1383	0.05	0	2
SCAF_263	25481	341	0.01	0	1
SCAF_263_region	25481	341	0.01	0	1
SCAF_264	25444	4802	0.19	0	3
SCAF_264_region	25444	4802	0.19	0	3
SCAF_265	25436	4819	0.19	0	6
SCAF_265_region	25436	4819	0.19	0	6
SCAF_266	25377	348	0.01	0	1
SCAF_266_region	25377	348	0.01	0	1
SCAF_267	25340	2908	0.11	0	2
SCAF_267_region	25340	2908	0.11	0	2
SCAF_268	25329	330	0.01	0	1
SCAF_268_region	25329	330	0.01	0	1
SCAF_270	25225	4871	0.19	0	3
SCAF_270_region	25225	4871	0.19	0	3
SCAF_271	25206	21066	0.84	0	110
SCAF_271_region	25206	21066	0.84	0	110
SCAF_272	25161	648	0.03	0	3
SCAF_272_region	25161	648	0.03	0	3
SCAF_273	25090	180	0.01	0	1
SCAF_273_region	25090	180	0.01	0	1
SCAF_274	24834	2831	0.11	0	2
SCAF_274_region	24834	2831	0.11	0	2
SCAF_275	24832	1692282	68.15	0	640
SCAF_275_region	24832	1692282	68.15	0	640
SCAF_276	24811	1637	0.07	0	2
SCAF_276_region	24811	1637	0.07	0	2
SCAF_277	24713	2881	0.12	0	4
SCAF_277_region	24713	2881	0.12	0	4
SCAF_278	24673	792	0.03	0	3
SCAF_278_region	24673	792	0.03	0	3
SCAF_279	24542	1008	0.04	0	6
SCAF_279_region	24542	1008	0.04	0	6
SCAF_280	24528	562	0.02	0	1
SCAF_280_region	24528	562	0.02	0	1
SCAF_283	24173	2034	0.08	0	2
SCAF_283_region	24173	2034	0.08	0	2
SCAF_284	24152	10102613	418.29	0	5730
SCAF_284_region	24152	10102613	418.29	0	5730
SCAF_285	24110	78	0.00	0	1
SCAF_285_region	24110	78	0.00	0	1
SCAF_286	24066	80772	3.36	0	116
SCAF_286_region	24066	80772	3.36	0	116
SCAF_287	23981	491	0.02	0	1
SCAF_287_region	23981	491	0.02	0	1
SCAF_288	23980	192	0.01	0	1
SCAF_288_region	23980	192	0.01	0	1
SCAF_289	23950	97	0.00	0	1
SCAF_289_region	23950	97	0.00	0	1
SCAF_290	23945	197	0.01	0	6
SCAF_290_region	23945	197	0.01	0	6
SCAF_291	23886	260	0.01	0	1
SCAF_291_region	23886	260	0.01	0	1
SCAF_292	23860	440	0.02	0	1
SCAF_292_region	23860	440	0.02	0	1
SCAF_293	23814	544	0.02	0	1
SCAF_293_region	23814	544	0.02	0	1
SCAF_294	23796	9924	0.42	0	6
SCAF_294_region	23796	9924	0.42	0	6
SCAF_295	23767	1776	0.07	0	7
SCAF_295_region	23767	1776	0.07	0	7
SCAF_296	23762	137437	5.78	0	1063
SCAF_296_region	23762	137437	5.78	0	1063
SCAF_297	23695	784	0.03	0	6
SCAF_297_region	23695	784	0.03	0	6
SCAF_298	23666	60	0.00	0	3
SCAF_298_region	23666	60	0.00	0	3
SCAF_299	23648	130805	5.53	0	782
SCAF_299_region	23648	130805	5.53	0	782
SCAF_300	23643	14818229	626.75	0	4556
SCAF_300_region	23643	14818229	626.75	0	4556
SCAF_301	23638	198	0.01	0	1
SCAF_301_region	23638	198	0.01	0	1
SCAF_302	23633	8263	0.35	0	4
SCAF_302_region	23633	8263	0.35	0	4
SCAF_303	23629	904	0.04	0	1
SCAF_303_region	23629	904	0.04	0	1
SCAF_304	23571	2039	0.09	0	2
SCAF_304_region	23571	2039	0.09	0	2
SCAF_305	23555	1121	0.05	0	2
SCAF_305_region	23555	1121	0.05	0	2
SCAF_306	23322	170	0.01	0	1
SCAF_306_region	23322	170	0.01	0	1
SCAF_307	23295	8952	0.38	0	7
SCAF_307_region	23295	8952	0.38	0	7
SCAF_308	23075	8725382	378.13	0	724
SCAF_308_region	23075	8725382	378.13	0	724
SCAF_309	23057	1098	0.05	0	2
SCAF_309_region	23057	1098	0.05	0	2
SCAF_310	23011	2810	0.12	0	2
SCAF_310_region	23011	2810	0.12	0	2
SCAF_311	22999	557	0.02	0	22
SCAF_311_region	22999	557	0.02	0	22
SCAF_312	22896	1912	0.08	0	3
SCAF_312_region	22896	1912	0.08	0	3
SCAF_313	22877	76	0.00	0	4
SCAF_313_region	22877	76	0.00	0	4
SCAF_314	22871	10979740	480.07	0	1446
SCAF_314_region	22871	10979740	480.07	0	1446
SCAF_315	22844	3800	0.17	0	40
SCAF_315_region	22844	3800	0.17	0	40
SCAF_316	22844	96	0.00	0	1
SCAF_316_region	22844	96	0.00	0	1
SCAF_317	22833	870	0.04	0	5
SCAF_317_region	22833	870	0.04	0	5
SCAF_318	22713	19187	0.84	0	15
SCAF_318_region	22713	19187	0.84	0	15
SCAF_320	22653	103	0.00	0	2
SCAF_320_region	22653	103	0.00	0	2
SCAF_321	22554	653	0.03	0	1
SCAF_321_region	22554	653	0.03	0	1
SCAF_322	22539	514	0.02	0	1
SCAF_322_region	22539	514	0.02	0	1
SCAF_323	22525	341	0.02	0	1
SCAF_323_region	22525	341	0.02	0	1
SCAF_324	22489	2933	0.13	0	6
SCAF_324_region	22489	2933	0.13	0	6
SCAF_325	22468	512	0.02	0	1
SCAF_325_region	22468	512	0.02	0	1
SCAF_326	22392	14019815	626.11	0	5169
SCAF_326_region	22392	14019815	626.11	0	5169
SCAF_327	22337	19	0.00	0	1
SCAF_327_region	22337	19	0.00	0	1
SCAF_328	22280	13371210	600.14	0	1369
SCAF_328_region	22280	13371210	600.14	0	1369
SCAF_331	22029	20	0.00	0	1
SCAF_331_region	22029	20	0.00	0	1
SCAF_332	21923	345	0.02	0	1
SCAF_332_region	21923	345	0.02	0	1
SCAF_333	21867	300	0.01	0	1
SCAF_333_region	21867	300	0.01	0	1
SCAF_334	21813	883	0.04	0	1
SCAF_334_region	21813	883	0.04	0	1
SCAF_335	21800	1662	0.08	0	2
SCAF_335_region	21800	1662	0.08	0	2
SCAF_337	21675	172	0.01	0	1
SCAF_337_region	21675	172	0.01	0	1
SCAF_338	21621	21625	1.00	0	14
SCAF_338_region	21621	21625	1.00	0	14
SCAF_339	21529	17162	0.80	0	5
SCAF_339_region	21529	17162	0.80	0	5
SCAF_340	21472	38	0.00	0	1
SCAF_340_region	21472	38	0.00	0	1
SCAF_341	21449	1390	0.06	0	2
SCAF_341_region	21449	1390	0.06	0	2
SCAF_342	21444	1386708	64.67	0	1448
SCAF_342_region	21444	1386708	64.67	0	1448
SCAF_343	21365	544	0.03	0	1
SCAF_343_region	21365	544	0.03	0	1
SCAF_344	21355	714	0.03	0	1
SCAF_344_region	21355	714	0.03	0	1
SCAF_345	21334	893	0.04	0	2
SCAF_345_region	21334	893	0.04	0	2
SCAF_346	21294	9989150	469.11	0	1011
SCAF_346_region	21294	9989150	469.11	0	1011
SCAF_348	21209	20	0.00	0	1
SCAF_348_region	21209	20	0.00	0	1
SCAF_349	21199	189	0.01	0	9
SCAF_349_region	21199	189	0.01	0	9
SCAF_350	21189	23232	1.10	0	120
SCAF_350_region	21189	23232	1.10	0	120
SCAF_351	21106	2191	0.10	0	2
SCAF_351_region	21106	2191	0.10	0	2
SCAF_352	21098	1640	0.08	0	4
SCAF_352_region	21098	1640	0.08	0	4
SCAF_353	21078	38	0.00	0	1
SCAF_353_region	21078	38	0.00	0	1
SCAF_356	20980	1058	0.05	0	2
SCAF_356_region	20980	1058	0.05	0	2
SCAF_357	20976	19	0.00	0	1
SCAF_357_region	20976	19	0.00	0	1
SCAF_358	20871	19	0.00	0	1
SCAF_358_region	20871	19	0.00	0	1
SCAF_360	20777	695	0.03	0	18
SCAF_360_region	20777	695	0.03	0	18
SCAF_361	20737	194	0.01	0	1
SCAF_361_region	20737	194	0.01	0	1
SCAF_362	20702	2794	0.13	0	4
SCAF_362_region	20702	2794	0.13	0	4
SCAF_363	20586	19	0.00	0	1
SCAF_363_region	20586	19	0.00	0	1
SCAF_364	20574	150	0.01	0	1
SCAF_364_region	20574	150	0.01	0	1
SCAF_365	20553	298	0.01	0	2
SCAF_365_region	20553	298	0.01	0	2
SCAF_367	20517	481	0.02	0	2
SCAF_367_region	20517	481	0.02	0	2
SCAF_368	20452	1024	0.05	0	1
SCAF_368_region	20452	1024	0.05	0	1
SCAF_369	20438	650	0.03	0	2
SCAF_369_region	20438	650	0.03	0	2
SCAF_370	20350	18343	0.90	0	12
SCAF_370_region	20350	18343	0.90	0	12
SCAF_371	20349	22808	1.12	0	64
SCAF_371_region	20349	22808	1.12	0	64
SCAF_372	20285	278	0.01	0	2
SCAF_372_region	20285	278	0.01	0	2
SCAF_373	20282	194	0.01	0	3
SCAF_373_region	20282	194	0.01	0	3
SCAF_374	20282	8043939	396.60	0	903
SCAF_374_region	20282	8043939	396.60	0	903
SCAF_375	20179	52227	2.59	0	89
SCAF_375_region	20179	52227	2.59	0	89
SCAF_376	20174	1668	0.08	0	2
SCAF_376_region	20174	1668	0.08	0	2
SCAF_377	20160	1716	0.09	0	1
SCAF_377_region	20160	1716	0.09	0	1
SCAF_378	20157	7615497	377.81	0	713
SCAF_378_region	20157	7615497	377.81	0	713
SCAF_379	20150	1282	0.06	0	1
SCAF_379_region	20150	1282	0.06	0	1
SCAF_380	20140	20958	1.04	0	32
SCAF_380_region	20140	20958	1.04	0	32
SCAF_381	20082	235	0.01	0	2
SCAF_381_region	20082	235	0.01	0	2
SCAF_382	20068	120	0.01	0	1
SCAF_382_region	20068	120	0.01	0	1
SCAF_383	20052	80	0.00	0	1
SCAF_383_region	20052	80	0.00	0	1
SCAF_384	20039	1648	0.08	0	2
SCAF_384_region	20039	1648	0.08	0	2
SCAF_385	20036	59	0.00	0	2
SCAF_385_region	20036	59	0.00	0	2
SCAF_386	20004	1718	0.09	0	2
SCAF_386_region	20004	1718	0.09	0	2
SCAF_387	19967	608	0.03	0	1
SCAF_387_region	19967	608	0.03	0	1
SCAF_388	19953	689	0.03	0	1
SCAF_388_region	19953	689	0.03	0	1
SCAF_390	19870	4712216	237.15	0	3304
SCAF_390_region	19870	4712216	237.15	0	3304
SCAF_391	19819	97	0.00	0	1
SCAF_391_region	19819	97	0.00	0	1
SCAF_392	19814	20	0.00	0	1
SCAF_392_region	19814	20	0.00	0	1
SCAF_393	19805	104	0.01	0	1
SCAF_393_region	19805	104	0.01	0	1
SCAF_394	19796	1310	0.07	0	3
SCAF_394_region	19796	1310	0.07	0	3
SCAF_395	19788	99106	5.01	0	1343
SCAF_395_region	19788	99106	5.01	0	1343
SCAF_397	19737	1115	0.06	0	2
SCAF_397_region	19737	1115	0.06	0	2
SCAF_398	19694	891	0.05	0	2
SCAF_398_region	19694	891	0.05	0	2
SCAF_399	19627	692	0.04	0	1
SCAF_399_region	19627	692	0.04	0	1
SCAF_400	19559	593	0.03	0	1
SCAF_400_region	19559	593	0.03	0	1
SCAF_401	19529	84	0.00	0	4
SCAF_401_region	19529	84	0.00	0	4
SCAF_402	19485	41	0.00	0	1
SCAF_402_region	19485	41	0.00	0	1
SCAF_403	19440	364	0.02	0	1
SCAF_403_region	19440	364	0.02	0	1
SCAF_404	19429	45	0.00	0	1
SCAF_404_region	19429	45	0.00	0	1
SCAF_405	19412	19	0.00	0	1
SCAF_405_region	19412	19	0.00	0	1
SCAF_406	19412	88	0.00	0	1
SCAF_406_region	19412	88	0.00	0	1
SCAF_407	19392	56	0.00	0	1
SCAF_407_region	19392	56	0.00	0	1
SCAF_408	19383	23	0.00	0	1
SCAF_408_region	19383	23	0.00	0	1
SCAF_409	19350	20	0.00	0	1
SCAF_409_region	19350	20	0.00	0	1
SCAF_410	19334	1155	0.06	0	1
SCAF_410_region	19334	1155	0.06	0	1
SCAF_411	19319	272	0.01	0	3
SCAF_411_region	19319	272	0.01	0	3
SCAF_412	19298	1007	0.05	0	2
SCAF_412_region	19298	1007	0.05	0	2
SCAF_413	19281	2635	0.14	0	3
SCAF_413_region	19281	2635	0.14	0	3
SCAF_414	19250	1178	0.06	0	2
SCAF_414_region	19250	1178	0.06	0	2
SCAF_415	19240	689	0.04	0	7
SCAF_415_region	19240	689	0.04	0	7
SCAF_416	19198	1964	0.10	0	4
SCAF_416_region	19198	1964	0.10	0	4
SCAF_417	19156	80	0.00	0	2
SCAF_417_region	19156	80	0.00	0	2
SCAF_418	19069	8245797	432.42	0	879
SCAF_418_region	19069	8245797	432.42	0	879
SCAF_419	19061	1296	0.07	0	1
SCAF_419_region	19061	1296	0.07	0	1
SCAF_420	19040	41	0.00	0	1
SCAF_420_region	19040	41	0.00	0	1
SCAF_421	19012	908	0.05	0	1
SCAF_421_region	19012	908	0.05	0	1
SCAF_422	18950	4652	0.25	0	2
SCAF_422_region	18950	4652	0.25	0	2
SCAF_423	18945	6908	0.36	0	4
SCAF_423_region	18945	6908	0.36	0	4
SCAF_424	18943	19	0.00	0	1
SCAF_424_region	18943	19	0.00	0	1
SCAF_425	18932	229	0.01	0	4
SCAF_425_region	18932	229	0.01	0	4
SCAF_426	18882	95	0.01	0	5
SCAF_426_region	18882	95	0.01	0	5
SCAF_427	18874	1389	0.07	0	3
SCAF_427_region	18874	1389	0.07	0	3
SCAF_428	18866	1829646	96.98	0	881
SCAF_428_region	18866	1829646	96.98	0	881
SCAF_429	18866	1198	0.06	0	3
SCAF_429_region	18866	1198	0.06	0	3
SCAF_430	18815	634	0.03	0	1
SCAF_430_region	18815	634	0.03	0	1
SCAF_431	18805	1022	0.05	0	1
SCAF_431_region	18805	1022	0.05	0	1
SCAF_432	18790	511	0.03	0	3
SCAF_432_region	18790	511	0.03	0	3
SCAF_434	18766	453	0.02	0	2
SCAF_434_region	18766	453	0.02	0	2
SCAF_435	18753	1479	0.08	0	3
SCAF_435_region	18753	1479	0.08	0	3
SCAF_436	18746	1533	0.08	0	3
SCAF_436_region	18746	1533	0.08	0	3
SCAF_437	18721	9646	0.52	0	4
SCAF_437_region	18721	9646	0.52	0	4
SCAF_438	18669	120	0.01	0	6
SCAF_438_region	18669	120	0.01	0	6
SCAF_439	18588	84036	4.52	0	421
SCAF_439_region	18588	84036	4.52	0	421
SCAF_440	18561	22134	1.19	0	85
SCAF_440_region	18561	22134	1.19	0	85
SCAF_441	18530	19	0.00	0	1
SCAF_441_region	18530	19	0.00	0	1
SCAF_442	18489	21	0.00	0	1
SCAF_442_region	18489	21	0.00	0	1
SCAF_443	18479	169	0.01	0	1
SCAF_443_region	18479	169	0.01	0	1
SCAF_444	18424	198	0.01	0	6
SCAF_444_region	18424	198	0.01	0	6
SCAF_445	18396	1503	0.08	0	3
SCAF_445_region	18396	1503	0.08	0	3
SCAF_446	18392	1976	0.11	0	3
SCAF_446_region	18392	1976	0.11	0	3
SCAF_447	18255	186	0.01	0	1
SCAF_447_region	18255	186	0.01	0	1
SCAF_449	18248	1385	0.08	0	2
SCAF_449_region	18248	1385	0.08	0	2
SCAF_450	18208	38	0.00	0	2
SCAF_450_region	18208	38	0.00	0	2
SCAF_451	18202	10626	0.58	0	107
SCAF_451_region	18202	10626	0.58	0	107
SCAF_454	18134	138	0.01	0	1
SCAF_454_region	18134	138	0.01	0	1
SCAF_455	18114	221	0.01	0	8
SCAF_455_region	18114	221	0.01	0	8
SCAF_456	18112	42	0.00	0	1
SCAF_456_region	18112	42	0.00	0	1
SCAF_457	18054	1977	0.11	0	1
SCAF_457_region	18054	1977	0.11	0	1
SCAF_458	18006	586	0.03	0	1
SCAF_458_region	18006	586	0.03	0	1
SCAF_459	18000	106	0.01	0	3
SCAF_459_region	18000	106	0.01	0	3
SCAF_460	17967	314	0.02	0	1
SCAF_460_region	17967	314	0.02	0	1
SCAF_462	17929	282780	15.77	0	212
SCAF_462_region	17929	282780	15.77	0	212
SCAF_463	17921	24	0.00	0	1
SCAF_463_region	17921	24	0.00	0	1
SCAF_464	17913	1326	0.07	0	2
SCAF_464_region	17913	1326	0.07	0	2
SCAF_465	17912	843	0.05	0	1
SCAF_465_region	17912	843	0.05	0	1
SCAF_466	17886	366	0.02	0	4
SCAF_466_region	17886	366	0.02	0	4
SCAF_467	17859	21	0.00	0	1
SCAF_467_region	17859	21	0.00	0	1
SCAF_470	17776	112	0.01	0	1
SCAF_470_region	17776	112	0.01	0	1
SCAF_471	17682	19	0.00	0	1
SCAF_471_region	17682	19	0.00	0	1
SCAF_472	17646	832	0.05	0	1
SCAF_472_region	17646	832	0.05	0	1
SCAF_473	17646	1160	0.07	0	2
SCAF_473_region	17646	1160	0.07	0	2
SCAF_474	17642	5534105	313.69	0	719
SCAF_474_region	17642	5534105	313.69	0	719
SCAF_475	17613	3472	0.20	0	39
SCAF_475_region	17613	3472	0.20	0	39
SCAF_476	17602	23522	1.34	0	119
SCAF_476_region	17602	23522	1.34	0	119
SCAF_479	17528	3568	0.20	0	24
SCAF_479_region	17528	3568	0.20	0	24
SCAF_480	17503	1742	0.10	0	3
SCAF_480_region	17503	1742	0.10	0	3
SCAF_481	17502	70	0.00	0	1
SCAF_481_region	17502	70	0.00	0	1
SCAF_482	17480	401	0.02	0	3
SCAF_482_region	17480	401	0.02	0	3
SCAF_483	17476	20	0.00	0	1
SCAF_483_region	17476	20	0.00	0	1
SCAF_484	17457	360156	20.63	0	330
SCAF_484_region	17457	360156	20.63	0	330
SCAF_485	17386	1089	0.06	0	2
SCAF_485_region	17386	1089	0.06	0	2
SCAF_486	17362	1040	0.06	0	1
SCAF_486_region	17362	1040	0.06	0	1
SCAF_487	17332	988	0.06	0	3
SCAF_487_region	17332	988	0.06	0	3
SCAF_488	17327	1685	0.10	0	1
SCAF_488_region	17327	1685	0.10	0	1
SCAF_489	17303	824	0.05	0	1
SCAF_489_region	17303	824	0.05	0	1
SCAF_490	17273	450	0.03	0	2
SCAF_490_region	17273	450	0.03	0	2
SCAF_491	17245	68477	3.97	0	552
SCAF_491_region	17245	68477	3.97	0	552
SCAF_492	17239	6697	0.39	0	3
SCAF_492_region	17239	6697	0.39	0	3
SCAF_493	17219	1011	0.06	0	1
SCAF_493_region	17219	1011	0.06	0	1
SCAF_494	17218	345	0.02	0	1
SCAF_494_region	17218	345	0.02	0	1
SCAF_495	17211	151	0.01	0	1
SCAF_495_region	17211	151	0.01	0	1
SCAF_496	17198	10559	0.61	0	137
SCAF_496_region	17198	10559	0.61	0	137
SCAF_498	17162	959	0.06	0	2
SCAF_498_region	17162	959	0.06	0	2
SCAF_499	17147	735	0.04	0	1
SCAF_499_region	17147	735	0.04	0	1
SCAF_500	17144	60	0.00	0	1
SCAF_500_region	17144	60	0.00	0	1
SCAF_503	17118	7759	0.45	0	6
SCAF_503_region	17118	7759	0.45	0	6
SCAF_504	17076	370	0.02	0	1
SCAF_504_region	17076	370	0.02	0	1
SCAF_505	17047	6182609	362.68	0	860
SCAF_505_region	17047	6182609	362.68	0	860
SCAF_506	17043	753766	44.23	0	212
SCAF_506_region	17043	753766	44.23	0	212
SCAF_508	17021	454	0.03	0	1
SCAF_508_region	17021	454	0.03	0	1
SCAF_509	16971	798	0.05	0	2
SCAF_509_region	16971	798	0.05	0	2
SCAF_510	16897	2287	0.14	0	3
SCAF_510_region	16897	2287	0.14	0	3
SCAF_511	16849	483	0.03	0	2
SCAF_511_region	16849	483	0.03	0	2
SCAF_512	16807	744	0.04	0	7
SCAF_512_region	16807	744	0.04	0	7
SCAF_514	16784	1353	0.08	0	6
SCAF_514_region	16784	1353	0.08	0	6
SCAF_515	16776	1379	0.08	0	1
SCAF_515_region	16776	1379	0.08	0	1
SCAF_516	16745	118	0.01	0	1
SCAF_516_region	16745	118	0.01	0	1
SCAF_517	16741	657	0.04	0	2
SCAF_517_region	16741	657	0.04	0	2
SCAF_518	16733	1981	0.12	0	2
SCAF_518_region	16733	1981	0.12	0	2
SCAF_520	16702	4228824	253.19	0	1270
SCAF_520_region	16702	4228824	253.19	0	1270
SCAF_521	16701	1251	0.07	0	1
SCAF_521_region	16701	1251	0.07	0	1
SCAF_522	16645	59	0.00	0	1
SCAF_522_region	16645	59	0.00	0	1
SCAF_523	16623	620	0.04	0	1
SCAF_523_region	16623	620	0.04	0	1
SCAF_524	16568	135	0.01	0	4
SCAF_524_region	16568	135	0.01	0	4
SCAF_525	16548	44	0.00	0	1
SCAF_525_region	16548	44	0.00	0	1
SCAF_526	16541	5233	0.32	0	4
SCAF_526_region	16541	5233	0.32	0	4
SCAF_527	16518	6255196	378.69	0	6450
SCAF_527_region	16518	6255196	378.69	0	6450
SCAF_528	16510	3791	0.23	0	3
SCAF_528_region	16510	3791	0.23	0	3
SCAF_529	16492	565	0.03	0	1
SCAF_529_region	16492	565	0.03	0	1
SCAF_530	16462	820	0.05	0	2
SCAF_530_region	16462	820	0.05	0	2
SCAF_532	16447	649	0.04	0	1
SCAF_532_region	16447	649	0.04	0	1
SCAF_534	16345	53	0.00	0	1
SCAF_534_region	16345	53	0.00	0	1
SCAF_535	16343	680	0.04	0	3
SCAF_535_region	16343	680	0.04	0	3
SCAF_536	16333	19	0.00	0	1
SCAF_536_region	16333	19	0.00	0	1
SCAF_537	16287	519	0.03	0	1
SCAF_537_region	16287	519	0.03	0	1
SCAF_538	16266	757	0.05	0	3
SCAF_538_region	16266	757	0.05	0	3
SCAF_540	16245	180	0.01	0	1
SCAF_540_region	16245	180	0.01	0	1
SCAF_541	16215	160	0.01	0	1
SCAF_541_region	16215	160	0.01	0	1
SCAF_543	16160	151	0.01	0	1
SCAF_543_region	16160	151	0.01	0	1
SCAF_544	16140	20	0.00	0	1
SCAF_544_region	16140	20	0.00	0	1
SCAF_545	16102	40	0.00	0	1
SCAF_545_region	16102	40	0.00	0	1
SCAF_546	16083	575	0.04	0	1
SCAF_546_region	16083	575	0.04	0	1
SCAF_547	16037	115	0.01	0	6
SCAF_547_region	16037	115	0.01	0	6
SCAF_548	16034	200	0.01	0	4
SCAF_548_region	16034	200	0.01	0	4
SCAF_549	16030	403	0.03	0	1
SCAF_549_region	16030	403	0.03	0	1
SCAF_550	16027	39	0.00	0	1
SCAF_550_region	16027	39	0.00	0	1
SCAF_551	15990	949	0.06	0	1
SCAF_551_region	15990	949	0.06	0	1
SCAF_552	15913	2721	0.17	0	2
SCAF_552_region	15913	2721	0.17	0	2
SCAF_553	15906	55	0.00	0	1
SCAF_553_region	15906	55	0.00	0	1
SCAF_554	15898	1593	0.10	0	2
SCAF_554_region	15898	1593	0.10	0	2
SCAF_555	15891	302	0.02	0	1
SCAF_555_region	15891	302	0.02	0	1
SCAF_556	15885	386	0.02	0	1
SCAF_556_region	15885	386	0.02	0	1
SCAF_558	15839	343	0.02	0	2
SCAF_558_region	15839	343	0.02	0	2
SCAF_559	15827	3031	0.19	0	2
SCAF_559_region	15827	3031	0.19	0	2
SCAF_560	15823	58	0.00	0	1
SCAF_560_region	15823	58	0.00	0	1
SCAF_561	15791	338	0.02	0	3
SCAF_561_region	15791	338	0.02	0	3
SCAF_562	15777	2144164	135.90	0	519
SCAF_562_region	15777	2144164	135.90	0	519
SCAF_563	15776	777	0.05	0	1
SCAF_563_region	15776	777	0.05	0	1
SCAF_564	15761	6330	0.40	0	3
SCAF_564_region	15761	6330	0.40	0	3
SCAF_565	15717	244	0.02	0	1
SCAF_565_region	15717	244	0.02	0	1
SCAF_567	15696	548	0.03	0	1
SCAF_567_region	15696	548	0.03	0	1
SCAF_568	15657	396	0.03	0	1
SCAF_568_region	15657	396	0.03	0	1
SCAF_571	15619	95	0.01	0	5
SCAF_571_region	15619	95	0.01	0	5
SCAF_572	15612	118	0.01	0	4
SCAF_572_region	15612	118	0.01	0	4
SCAF_573	15605	51	0.00	0	1
SCAF_573_region	15605	51	0.00	0	1
SCAF_576	15571	489	0.03	0	2
SCAF_576_region	15571	489	0.03	0	2
SCAF_577	15544	39	0.00	0	1
SCAF_577_region	15544	39	0.00	0	1
SCAF_578	15521	39	0.00	0	1
SCAF_578_region	15521	39	0.00	0	1
SCAF_579	15497	21876	1.41	0	86
SCAF_579_region	15497	21876	1.41	0	86
SCAF_580	15481	378	0.02	0	1
SCAF_580_region	15481	378	0.02	0	1
SCAF_581	15458	209	0.01	0	1
SCAF_581_region	15458	209	0.01	0	1
SCAF_582	15439	755	0.05	0	2
SCAF_582_region	15439	755	0.05	0	2
SCAF_583	15421	88	0.01	0	1
SCAF_583_region	15421	88	0.01	0	1
SCAF_585	15336	151	0.01	0	1
SCAF_585_region	15336	151	0.01	0	1
SCAF_586	15301	544	0.04	0	2
SCAF_586_region	15301	544	0.04	0	2
SCAF_587	15300	485099	31.71	0	487
SCAF_587_region	15300	485099	31.71	0	487
SCAF_588	15298	591	0.04	0	1
SCAF_588_region	15298	591	0.04	0	1
SCAF_589	15238	42	0.00	0	1
SCAF_589_region	15238	42	0.00	0	1
SCAF_590	15205	1346	0.09	0	2
SCAF_590_region	15205	1346	0.09	0	2
SCAF_591	15162	811	0.05	0	1
SCAF_591_region	15162	811	0.05	0	1
SCAF_592	15154	60	0.00	0	1
SCAF_592_region	15154	60	0.00	0	1
SCAF_593	15087	5790	0.38	0	4
SCAF_593_region	15087	5790	0.38	0	4
SCAF_594	15082	452	0.03	0	2
SCAF_594_region	15082	452	0.03	0	2
SCAF_595	15055	2187	0.15	0	2
SCAF_595_region	15055	2187	0.15	0	2
SCAF_596	15045	1509	0.10	0	3
SCAF_596_region	15045	1509	0.10	0	3
SCAF_597	15030	1985	0.13	0	2
SCAF_597_region	15030	1985	0.13	0	2
SCAF_598	15027	305	0.02	0	1
SCAF_598_region	15027	305	0.02	0	1
SCAF_599	15000	585	0.04	0	1
SCAF_599_region	15000	585	0.04	0	1
SCAF_600	14995	91	0.01	0	1
SCAF_600_region	14995	91	0.01	0	1
SCAF_601	14985	493	0.03	0	1
SCAF_601_region	14985	493	0.03	0	1
SCAF_602	14930	855	0.06	0	1
SCAF_602_region	14930	855	0.06	0	1
SCAF_603	14898	382	0.03	0	1
SCAF_603_region	14898	382	0.03	0	1
SCAF_604	14863	91	0.01	0	1
SCAF_604_region	14863	91	0.01	0	1
SCAF_605	14840	227	0.02	0	5
SCAF_605_region	14840	227	0.02	0	5
SCAF_606	14808	24	0.00	0	1
SCAF_606_region	14808	24	0.00	0	1
SCAF_607	14807	985	0.07	0	2
SCAF_607_region	14807	985	0.07	0	2
SCAF_608	14785	483	0.03	0	3
SCAF_608_region	14785	483	0.03	0	3
SCAF_609	14742	494428	33.54	0	375
SCAF_609_region	14742	494428	33.54	0	375
SCAF_610	14738	158	0.01	0	1
SCAF_610_region	14738	158	0.01	0	1
SCAF_611	14737	1003	0.07	0	1
SCAF_611_region	14737	1003	0.07	0	1
SCAF_612	14712	5821186	395.68	0	814
SCAF_612_region	14712	5821186	395.68	0	814
SCAF_613	14708	316	0.02	0	1
SCAF_613_region	14708	316	0.02	0	1
SCAF_614	14694	78	0.01	0	3
SCAF_614_region	14694	78	0.01	0	3
SCAF_615	14684	259	0.02	0	1
SCAF_615_region	14684	259	0.02	0	1
SCAF_618	14658	886	0.06	0	2
SCAF_618_region	14658	886	0.06	0	2
SCAF_619	14650	145551	9.94	0	197
SCAF_619_region	14650	145551	9.94	0	197
SCAF_621	14614	983136	67.27	0	879
SCAF_621_region	14614	983136	67.27	0	879
SCAF_622	14596	870	0.06	0	2
SCAF_622_region	14596	870	0.06	0	2
SCAF_623	14590	2060	0.14	0	5
SCAF_623_region	14590	2060	0.14	0	5
SCAF_624	14581	40	0.00	0	1
SCAF_624_region	14581	40	0.00	0	1
SCAF_625	14547	504	0.03	0	2
SCAF_625_region	14547	504	0.03	0	2
SCAF_627	14523	676	0.05	0	2
SCAF_627_region	14523	676	0.05	0	2
SCAF_628	14498	183	0.01	0	1
SCAF_628_region	14498	183	0.01	0	1
SCAF_630	14414	67	0.00	0	2
SCAF_630_region	14414	67	0.00	0	2
SCAF_631	14395	121	0.01	0	1
SCAF_631_region	14395	121	0.01	0	1
SCAF_632	14385	4100	0.29	0	3
SCAF_632_region	14385	4100	0.29	0	3
SCAF_633	14371	95	0.01	0	5
SCAF_633_region	14371	95	0.01	0	5
SCAF_634	14371	39	0.00	0	1
SCAF_634_region	14371	39	0.00	0	1
SCAF_635	14280	28668	2.01	0	16
SCAF_635_region	14280	28668	2.01	0	16
SCAF_636	14276	141	0.01	0	1
SCAF_636_region	14276	141	0.01	0	1
SCAF_637	14236	1069	0.08	0	2
SCAF_637_region	14236	1069	0.08	0	2
SCAF_638	14229	2067	0.15	0	4
SCAF_638_region	14229	2067	0.15	0	4
SCAF_639	14202	19	0.00	0	1
SCAF_639_region	14202	19	0.00	0	1
SCAF_640	14111	132	0.01	0	1
SCAF_640_region	14111	132	0.01	0	1
SCAF_641	14088	257	0.02	0	1
SCAF_641_region	14088	257	0.02	0	1
SCAF_642	14005	1057	0.08	0	1
SCAF_642_region	14005	1057	0.08	0	1
SCAF_643	13977	5518313	394.81	0	728
SCAF_643_region	13977	5518313	394.81	0	728
SCAF_645	13875	574	0.04	0	1
SCAF_645_region	13875	574	0.04	0	1
SCAF_646	13874	1355	0.10	0	3
SCAF_646_region	13874	1355	0.10	0	3
SCAF_647	13848	971	0.07	0	2
SCAF_647_region	13848	971	0.07	0	2
SCAF_648	13847	16251	1.17	0	28
SCAF_648_region	13847	16251	1.17	0	28
SCAF_649	13838	254	0.02	0	1
SCAF_649_region	13838	254	0.02	0	1
SCAF_651	13758	1591	0.12	0	2
SCAF_651_region	13758	1591	0.12	0	2
SCAF_652	13727	105	0.01	0	5
SCAF_652_region	13727	105	0.01	0	5
SCAF_655	13677	30	0.00	0	1
SCAF_655_region	13677	30	0.00	0	1
SCAF_656	13622	696	0.05	0	2
SCAF_656_region	13622	696	0.05	0	2
SCAF_657	13584	84	0.01	0	1
SCAF_657_region	13584	84	0.01	0	1
SCAF_658	13583	733	0.05	0	1
SCAF_658_region	13583	733	0.05	0	1
SCAF_659	13535	282	0.02	0	1
SCAF_659_region	13535	282	0.02	0	1
SCAF_663	13438	20	0.00	0	1
SCAF_663_region	13438	20	0.00	0	1
SCAF_664	13385	5668850	423.52	0	6379
SCAF_664_region	13385	5668850	423.52	0	6379
SCAF_665	13357	19	0.00	0	1
SCAF_665_region	13357	19	0.00	0	1
SCAF_666	13330	1994	0.15	0	3
SCAF_666_region	13330	1994	0.15	0	3
SCAF_667	13327	495	0.04	0	1
SCAF_667_region	13327	495	0.04	0	1
SCAF_669	13303	11762	0.88	0	12
SCAF_669_region	13303	11762	0.88	0	12
SCAF_670	13293	824	0.06	0	1
SCAF_670_region	13293	824	0.06	0	1
SCAF_671	13288	1180	0.09	0	2
SCAF_671_region	13288	1180	0.09	0	2
SCAF_672	13266	2685	0.20	0	3
SCAF_672_region	13266	2685	0.20	0	3
SCAF_673	13189	141720	10.75	0	613
SCAF_673_region	13189	141720	10.75	0	613
SCAF_674	13149	1205	0.09	0	3
SCAF_674_region	13149	1205	0.09	0	3
SCAF_675	13128	296	0.02	0	1
SCAF_675_region	13128	296	0.02	0	1
SCAF_676	13120	367	0.03	0	2
SCAF_676_region	13120	367	0.03	0	2
SCAF_677	13080	22813	1.74	0	119
SCAF_677_region	13080	22813	1.74	0	119
SCAF_679	13043	200	0.02	0	1
SCAF_679_region	13043	200	0.02	0	1
SCAF_680	13008	557	0.04	0	2
SCAF_680_region	13008	557	0.04	0	2
SCAF_681	13001	20	0.00	0	1
SCAF_681_region	13001	20	0.00	0	1
SCAF_682	12997	1423	0.11	0	1
SCAF_682_region	12997	1423	0.11	0	1
SCAF_683	12986	495	0.04	0	2
SCAF_683_region	12986	495	0.04	0	2
SCAF_684	12871	164	0.01	0	1
SCAF_684_region	12871	164	0.01	0	1
SCAF_685	12842	384	0.03	0	5
SCAF_685_region	12842	384	0.03	0	5
SCAF_686	12830	448	0.03	0	2
SCAF_686_region	12830	448	0.03	0	2
SCAF_687	12781	525	0.04	0	1
SCAF_687_region	12781	525	0.04	0	1
SCAF_688	12768	601	0.05	0	2
SCAF_688_region	12768	601	0.05	0	2
SCAF_689	12768	1381	0.11	0	1
SCAF_689_region	12768	1381	0.11	0	1
SCAF_690	12764	59	0.00	0	1
SCAF_690_region	12764	59	0.00	0	1
SCAF_691	12677	19	0.00	0	1
SCAF_691_region	12677	19	0.00	0	1
SCAF_692	12675	38	0.00	0	1
SCAF_692_region	12675	38	0.00	0	1
SCAF_695	12643	194	0.02	0	2
SCAF_695_region	12643	194	0.02	0	2
SCAF_696	12633	126	0.01	0	3
SCAF_696_region	12633	126	0.01	0	3
SCAF_697	12625	368	0.03	0	1
SCAF_697_region	12625	368	0.03	0	1
SCAF_698	12617	101	0.01	0	1
SCAF_698_region	12617	101	0.01	0	1
SCAF_699	12540	354	0.03	0	1
SCAF_699_region	12540	354	0.03	0	1
SCAF_700	12515	19	0.00	0	1
SCAF_700_region	12515	19	0.00	0	1
SCAF_701	12482	20	0.00	0	1
SCAF_701_region	12482	20	0.00	0	1
SCAF_702	12461	151	0.01	0	1
SCAF_702_region	12461	151	0.01	0	1
SCAF_703	12456	1332	0.11	0	3
SCAF_703_region	12456	1332	0.11	0	3
SCAF_704	12456	245	0.02	0	1
SCAF_704_region	12456	245	0.02	0	1
SCAF_705	12358	530	0.04	0	12
SCAF_705_region	12358	530	0.04	0	12
SCAF_706	12350	2495	0.20	0	3
SCAF_706_region	12350	2495	0.20	0	3
SCAF_707	12343	114	0.01	0	6
SCAF_707_region	12343	114	0.01	0	6
SCAF_708	12333	19	0.00	0	1
SCAF_708_region	12333	19	0.00	0	1
SCAF_709	12319	4803594	389.93	0	1013
SCAF_709_region	12319	4803594	389.93	0	1013
SCAF_711	12252	1285	0.10	0	1
SCAF_711_region	12252	1285	0.10	0	1
SCAF_712	12218	100629	8.24	0	338
SCAF_712_region	12218	100629	8.24	0	338
SCAF_713	12177	785	0.06	0	1
SCAF_713_region	12177	785	0.06	0	1
SCAF_714	12167	268	0.02	0	5
SCAF_714_region	12167	268	0.02	0	5
SCAF_716	12143	379	0.03	0	2
SCAF_716_region	12143	379	0.03	0	2
SCAF_718	12099	19	0.00	0	1
SCAF_718_region	12099	19	0.00	0	1
SCAF_719	12095	68	0.01	0	1
SCAF_719_region	12095	68	0.01	0	1
SCAF_722	12066	23	0.00	0	1
SCAF_722_region	12066	23	0.00	0	1
SCAF_723	12015	854	0.07	0	2
SCAF_723_region	12015	854	0.07	0	2
SCAF_724	12004	382	0.03	0	1
SCAF_724_region	12004	382	0.03	0	1
SCAF_725	11949	151	0.01	0	1
SCAF_725_region	11949	151	0.01	0	1
SCAF_727	11900	19	0.00	0	1
SCAF_727_region	11900	19	0.00	0	1
SCAF_728	11869	129	0.01	0	1
SCAF_728_region	11869	129	0.01	0	1
SCAF_729	11788	884	0.07	0	2
SCAF_729_region	11788	884	0.07	0	2
SCAF_730	11785	1777	0.15	0	5
SCAF_730_region	11785	1777	0.15	0	5
SCAF_731	11750	4827	0.41	0	5
SCAF_731_region	11750	4827	0.41	0	5
SCAF_732	11699	47	0.00	0	1
SCAF_732_region	11699	47	0.00	0	1
SCAF_733	11674	363	0.03	0	1
SCAF_733_region	11674	363	0.03	0	1
SCAF_735	11648	968	0.08	0	1
SCAF_735_region	11648	968	0.08	0	1
SCAF_736	11642	307	0.03	0	1
SCAF_736_region	11642	307	0.03	0	1
SCAF_738	11595	83	0.01	0	3
SCAF_738_region	11595	83	0.01	0	3
SCAF_739	11525	26570	2.31	0	66
SCAF_739_region	11525	26570	2.31	0	66
SCAF_740	11505	203	0.02	0	1
SCAF_740_region	11505	203	0.02	0	1
SCAF_741	11492	167	0.01	0	1
SCAF_741_region	11492	167	0.01	0	1
SCAF_742	11467	8541058	744.84	0	2521
SCAF_742_region	11467	8541058	744.84	0	2521
SCAF_743	11404	19	0.00	0	1
SCAF_743_region	11404	19	0.00	0	1
SCAF_744	11377	276	0.02	0	1
SCAF_744_region	11377	276	0.02	0	1
SCAF_745	11364	710	0.06	0	2
SCAF_745_region	11364	710	0.06	0	2
SCAF_746	11318	19	0.00	0	1
SCAF_746_region	11318	19	0.00	0	1
SCAF_747	11311	26843	2.37	0	154
SCAF_747_region	11311	26843	2.37	0	154
SCAF_748	11306	240	0.02	0	1
SCAF_748_region	11306	240	0.02	0	1
SCAF_749	11299	170	0.02	0	1
SCAF_749_region	11299	170	0.02	0	1
SCAF_750	11284	267	0.02	0	1
SCAF_750_region	11284	267	0.02	0	1
SCAF_753	11254	19	0.00	0	1
SCAF_753_region	11254	19	0.00	0	1
SCAF_754	11236	420	0.04	0	1
SCAF_754_region	11236	420	0.04	0	1
SCAF_756	11200	321	0.03	0	1
SCAF_756_region	11200	321	0.03	0	1
SCAF_757	11195	1842	0.16	0	3
SCAF_757_region	11195	1842	0.16	0	3
SCAF_758	11126	19	0.00	0	1
SCAF_758_region	11126	19	0.00	0	1
SCAF_759	11118	796	0.07	0	2
SCAF_759_region	11118	796	0.07	0	2
SCAF_760	11100	849	0.08	0	2
SCAF_760_region	11100	849	0.08	0	2
SCAF_764	10979	40428	3.68	0	174
SCAF_764_region	10979	40428	3.68	0	174
SCAF_766	10940	95	0.01	0	4
SCAF_766_region	10940	95	0.01	0	4
SCAF_767	10913	38	0.00	0	2
SCAF_767_region	10913	38	0.00	0	2
SCAF_768	10886	804	0.07	0	2
SCAF_768_region	10886	804	0.07	0	2
SCAF_769	10867	201	0.02	0	1
SCAF_769_region	10867	201	0.02	0	1
SCAF_772	10709	80	0.01	0	2
SCAF_772_region	10709	80	0.01	0	2
SCAF_773	10688	43539	4.07	0	80
SCAF_773_region	10688	43539	4.07	0	80
SCAF_774	10648	666	0.06	0	2
SCAF_774_region	10648	666	0.06	0	2
SCAF_777	10608	594	0.06	0	1
SCAF_777_region	10608	594	0.06	0	1
SCAF_778	10604	456	0.04	0	7
SCAF_778_region	10604	456	0.04	0	7
SCAF_779	10578	133	0.01	0	1
SCAF_779_region	10578	133	0.01	0	1
SCAF_780	10571	72	0.01	0	2
SCAF_780_region	10571	72	0.01	0	2
SCAF_783	10421	1269	0.12	0	2
SCAF_783_region	10421	1269	0.12	0	2
SCAF_784	10379	428	0.04	0	1
SCAF_784_region	10379	428	0.04	0	1
SCAF_785	10337	127	0.01	0	1
SCAF_785_region	10337	127	0.01	0	1
SCAF_786	10326	76	0.01	0	1
SCAF_786_region	10326	76	0.01	0	1
SCAF_787	10326	22	0.00	0	1
SCAF_787_region	10326	22	0.00	0	1
SCAF_788	10316	31	0.00	0	1
SCAF_788_region	10316	31	0.00	0	1
SCAF_790	10228	22	0.00	0	1
SCAF_790_region	10228	22	0.00	0	1
SCAF_791	10185	205	0.02	0	1
SCAF_791_region	10185	205	0.02	0	1
SCAF_793	10160	151	0.01	0	1
SCAF_793_region	10160	151	0.01	0	1
SCAF_794	10147	47	0.00	0	1
SCAF_794_region	10147	47	0.00	0	1
SCAF_795	10110	104	0.01	0	1
SCAF_795_region	10110	104	0.01	0	1
SCAF_797	10015	157	0.02	0	4
SCAF_797_region	10015	157	0.02	0	4
SCAF_798	10012	604	0.06	0	1
SCAF_798_region	10012	604	0.06	0	1
SCAF_799	9978	20	0.00	0	1
SCAF_799_region	9978	20	0.00	0	1
SCAF_800	9947	4954	0.50	0	83
SCAF_800_region	9947	4954	0.50	0	83
SCAF_801	9941	303	0.03	0	1
SCAF_801_region	9941	303	0.03	0	1
SCAF_803	9879	555	0.06	0	10
SCAF_803_region	9879	555	0.06	0	10
SCAF_804	9861	151	0.02	0	1
SCAF_804_region	9861	151	0.02	0	1
SCAF_805	9859	20	0.00	0	1
SCAF_805_region	9859	20	0.00	0	1
SCAF_806	9855	643	0.07	0	1
SCAF_806_region	9855	643	0.07	0	1
SCAF_807	9792	1430	0.15	0	10
SCAF_807_region	9792	1430	0.15	0	10
SCAF_808	9784	321	0.03	0	1
SCAF_808_region	9784	321	0.03	0	1
SCAF_809	9773	57	0.01	0	1
SCAF_809_region	9773	57	0.01	0	1
SCAF_811	9753	9062	0.93	0	40
SCAF_811_region	9753	9062	0.93	0	40
SCAF_816	9673	91	0.01	0	1
SCAF_816_region	9673	91	0.01	0	1
SCAF_817	9638	599	0.06	0	1
SCAF_817_region	9638	599	0.06	0	1
SCAF_818	9601	378	0.04	0	1
SCAF_818_region	9601	378	0.04	0	1
SCAF_819	9601	547	0.06	0	1
SCAF_819_region	9601	547	0.06	0	1
SCAF_820	9550	721091	75.51	0	147
SCAF_820_region	9550	721091	75.51	0	147
SCAF_822	9498	184	0.02	0	1
SCAF_822_region	9498	184	0.02	0	1
SCAF_823	9466	1951762	206.19	0	839
SCAF_823_region	9466	1951762	206.19	0	839
SCAF_824	9457	173	0.02	0	8
SCAF_824_region	9457	173	0.02	0	8
SCAF_826	9385	198	0.02	0	1
SCAF_826_region	9385	198	0.02	0	1
SCAF_827	9376	262	0.03	0	1
SCAF_827_region	9376	262	0.03	0	1
SCAF_831	9295	19	0.00	0	1
SCAF_831_region	9295	19	0.00	0	1
SCAF_834	9159	132544	14.47	0	317
SCAF_834_region	9159	132544	14.47	0	317
SCAF_835	9159	1711	0.19	0	2
SCAF_835_region	9159	1711	0.19	0	2
SCAF_836	9157	295	0.03	0	6
SCAF_836_region	9157	295	0.03	0	6
SCAF_838	9078	180	0.02	0	1
SCAF_838_region	9078	180	0.02	0	1
SCAF_839	9057	38	0.00	0	2
SCAF_839_region	9057	38	0.00	0	2
SCAF_841	8986	210	0.02	0	1
SCAF_841_region	8986	210	0.02	0	1
SCAF_842	8986	88	0.01	0	1
SCAF_842_region	8986	88	0.01	0	1
SCAF_844	8935	3310	0.37	0	79
SCAF_844_region	8935	3310	0.37	0	79
SCAF_845	8927	88	0.01	0	1
SCAF_845_region	8927	88	0.01	0	1
SCAF_846	8908	34059	3.82	0	87
SCAF_846_region	8908	34059	3.82	0	87
SCAF_847	8868	63	0.01	0	1
SCAF_847_region	8868	63	0.01	0	1
SCAF_849	8825	268	0.03	0	1
SCAF_849_region	8825	268	0.03	0	1
SCAF_850	8771	19	0.00	0	1
SCAF_850_region	8771	19	0.00	0	1
SCAF_851	8703	127	0.01	0	1
SCAF_851_region	8703	127	0.01	0	1
SCAF_854	8634	19	0.00	0	1
SCAF_854_region	8634	19	0.00	0	1
SCAF_855	8630	45	0.01	0	1
SCAF_855_region	8630	45	0.01	0	1
SCAF_856	8617	4508139	523.17	5	1197
SCAF_856_region	8617	4508139	523.17	5	1197
SCAF_857	8469	290	0.03	0	2
SCAF_857_region	8469	290	0.03	0	2
SCAF_860	8390	58	0.01	0	1
SCAF_860_region	8390	58	0.01	0	1
SCAF_862	8342	1630164	195.42	0	6911
SCAF_862_region	8342	1630164	195.42	0	6911
SCAF_863	8337	75	0.01	0	1
SCAF_863_region	8337	75	0.01	0	1
SCAF_865	8103	19	0.00	0	1
SCAF_865_region	8103	19	0.00	0	1
SCAF_867	8027	145	0.02	0	1
SCAF_867_region	8027	145	0.02	0	1
SCAF_868	8017	114	0.01	0	1
SCAF_868_region	8017	114	0.01	0	1
SCAF_870	8015	345	0.04	0	1
SCAF_870_region	8015	345	0.04	0	1
SCAF_874	7763	445	0.06	0	2
SCAF_874_region	7763	445	0.06	0	2
SCAF_876	7701	151	0.02	0	1
SCAF_876_region	7701	151	0.02	0	1
SCAF_880	7559	1223	0.16	0	3
SCAF_880_region	7559	1223	0.16	0	3
SCAF_881	7416	55595	7.50	0	156
SCAF_881_region	7416	55595	7.50	0	156
SCAF_882	7394	375	0.05	0	1
SCAF_882_region	7394	375	0.05	0	1
SCAF_884	7338	751	0.10	0	1
SCAF_884_region	7338	751	0.10	0	1
SCAF_888	7231	46	0.01	0	1
SCAF_888_region	7231	46	0.01	0	1
SCAF_889	7198	19	0.00	0	1
SCAF_889_region	7198	19	0.00	0	1
SCAF_892	7025	402	0.06	0	1
SCAF_892_region	7025	402	0.06	0	1
SCAF_893	7015	19	0.00	0	1
SCAF_893_region	7015	19	0.00	0	1
SCAF_894	6958	244	0.04	0	2
SCAF_894_region	6958	244	0.04	0	2
SCAF_895	6948	141	0.02	0	1
SCAF_895_region	6948	141	0.02	0	1
SCAF_896	6829	1930929	282.75	0	535
SCAF_896_region	6829	1930929	282.75	0	535
SCAF_898	6754	43100	6.38	0	159
SCAF_898_region	6754	43100	6.38	0	159
SCAF_899	6732	630	0.09	0	2
SCAF_899_region	6732	630	0.09	0	2
SCAF_901	6642	141	0.02	0	1
SCAF_901_region	6642	141	0.02	0	1
SCAF_902	6588	44	0.01	0	1
SCAF_902_region	6588	44	0.01	0	1
SCAF_903	6549	671	0.10	0	2
SCAF_903_region	6549	671	0.10	0	2
SCAF_904	6496	134	0.02	0	1
SCAF_904_region	6496	134	0.02	0	1
SCAF_905	6483	84	0.01	0	4
SCAF_905_region	6483	84	0.01	0	4
SCAF_907	6367	437	0.07	0	1
SCAF_907_region	6367	437	0.07	0	1
SCAF_908	6228	100803	16.19	0	167
SCAF_908_region	6228	100803	16.19	0	167
SCAF_909	6173	35	0.01	0	1
SCAF_909_region	6173	35	0.01	0	1
SCAF_911	6077	84	0.01	0	1
SCAF_911_region	6077	84	0.01	0	1
SCAF_912	6073	73	0.01	0	1
SCAF_912_region	6073	73	0.01	0	1
SCAF_913	6059	3162594	521.97	0	948
SCAF_913_region	6059	3162594	521.97	0	948
SCAF_914	6001	226	0.04	0	1
SCAF_914_region	6001	226	0.04	0	1
SCAF_915	5869	99696	16.99	0	204
SCAF_915_region	5869	99696	16.99	0	204
SCAF_916	5803	472	0.08	0	2
SCAF_916_region	5803	472	0.08	0	2
SCAF_917	5661	608	0.11	0	2
SCAF_917_region	5661	608	0.11	0	2
total	49490045	4487977647	90.68	0	429742
total_region	49490045	4487977647	90.68	0	429742
