chrom	length	bases	mean	min	max
SCAF_1	5574741	717269374	128.66	0	9397
SCAF_1_region	5574741	717269374	128.66	0	9397
SCAF_2	4079479	533892399	130.87	0	7247
SCAF_2_region	4079479	533892399	130.87	0	7247
SCAF_3	3666439	457647816	124.82	0	9541
SCAF_3_region	3666439	457647816	124.82	0	9541
SCAF_4	2601389	371929667	142.97	0	5597
SCAF_4_region	2601389	371929667	142.97	0	5597
SCAF_5	2032088	263135440	129.49	0	4387
SCAF_5_region	2032088	263135440	129.49	0	4387
SCAF_6	1976889	274702328	138.96	0	6968
SCAF_6_region	1976889	274702328	138.96	0	6968
SCAF_7	1932263	261990498	135.59	0	2568
SCAF_7_region	1932263	261990498	135.59	0	2568
SCAF_8	1669080	205097852	122.88	0	3249
SCAF_8_region	1669080	205097852	122.88	0	3249
SCAF_9	1646134	208704269	126.78	0	3212
SCAF_9_region	1646134	208704269	126.78	0	3212
SCAF_10	1570817	206736996	131.61	0	4172
SCAF_10_region	1570817	206736996	131.61	0	4172
SCAF_11	1437752	201347700	140.04	0	8068
SCAF_11_region	1437752	201347700	140.04	0	8068
SCAF_12	978195	152028297	155.42	0	666005
SCAF_12_region	978195	152028297	155.42	0	666005
SCAF_13	598471	41924138	70.05	0	8257
SCAF_13_region	598471	41924138	70.05	0	8257
SCAF_14	247525	202312777	817.34	0	12019
SCAF_14_region	247525	202312777	817.34	0	12019
SCAF_15	224905	788232	3.50	0	50
SCAF_15_region	224905	788232	3.50	0	50
SCAF_16	181804	1507247	8.29	0	7105
SCAF_16_region	181804	1507247	8.29	0	7105
SCAF_17	176395	646889	3.67	0	32
SCAF_17_region	176395	646889	3.67	0	32
SCAF_18	160122	124631	0.78	0	30
SCAF_18_region	160122	124631	0.78	0	30
SCAF_19	139354	65051	0.47	0	14
SCAF_19_region	139354	65051	0.47	0	14
SCAF_20	131876	506421	3.84	0	77
SCAF_20_region	131876	506421	3.84	0	77
SCAF_21	130124	586008	4.50	0	116
SCAF_21_region	130124	586008	4.50	0	116
SCAF_22	121580	572420	4.71	0	44
SCAF_22_region	121580	572420	4.71	0	44
SCAF_23	117381	402758	3.43	0	18
SCAF_23_region	117381	402758	3.43	0	18
SCAF_24	115879	310271	2.68	0	19
SCAF_24_region	115879	310271	2.68	0	19
SCAF_25	115495	435581	3.77	0	34
SCAF_25_region	115495	435581	3.77	0	34
SCAF_26	113072	444434	3.93	0	18
SCAF_26_region	113072	444434	3.93	0	18
SCAF_27	110609	4767383	43.10	0	5021
SCAF_27_region	110609	4767383	43.10	0	5021
SCAF_28	109542	128756	1.18	0	50
SCAF_28_region	109542	128756	1.18	0	50
SCAF_29	108319	10893506	100.57	0	2337
SCAF_29_region	108319	10893506	100.57	0	2337
SCAF_30	107902	1626556	15.07	0	2766
SCAF_30_region	107902	1626556	15.07	0	2766
SCAF_31	106626	4193870	39.33	0	4334
SCAF_31_region	106626	4193870	39.33	0	4334
SCAF_32	102192	20753847	203.09	0	12482
SCAF_32_region	102192	20753847	203.09	0	12482
SCAF_33	98221	507535	5.17	0	22
SCAF_33_region	98221	507535	5.17	0	22
SCAF_34	97882	489183	5.00	0	20
SCAF_34_region	97882	489183	5.00	0	20
SCAF_35	95705	27882	0.29	0	83
SCAF_35_region	95705	27882	0.29	0	83
SCAF_36	94431	264645	2.80	0	19
SCAF_36_region	94431	264645	2.80	0	19
SCAF_37	92851	91847	0.99	0	27
SCAF_37_region	92851	91847	0.99	0	27
SCAF_38	89142	456968	5.13	0	93
SCAF_38_region	89142	456968	5.13	0	93
SCAF_39	88257	218566	2.48	0	21
SCAF_39_region	88257	218566	2.48	0	21
SCAF_40	85354	418630	4.90	0	68
SCAF_40_region	85354	418630	4.90	0	68
SCAF_41	82239	327761	3.99	0	18
SCAF_41_region	82239	327761	3.99	0	18
SCAF_42	77162	365451	4.74	0	23
SCAF_42_region	77162	365451	4.74	0	23
SCAF_43	76714	360167	4.69	0	23
SCAF_43_region	76714	360167	4.69	0	23
SCAF_44	76272	9681961	126.94	0	12238
SCAF_44_region	76272	9681961	126.94	0	12238
SCAF_45	73110	12297	0.17	0	9
SCAF_45_region	73110	12297	0.17	0	9
SCAF_46	72118	446294	6.19	0	22
SCAF_46_region	72118	446294	6.19	0	22
SCAF_47	70166	303098	4.32	0	19
SCAF_47_region	70166	303098	4.32	0	19
SCAF_48	69627	418658	6.01	0	26
SCAF_48_region	69627	418658	6.01	0	26
SCAF_49	69624	692770	9.95	0	1431
SCAF_49_region	69624	692770	9.95	0	1431
SCAF_50	68258	347546	5.09	0	26
SCAF_50_region	68258	347546	5.09	0	26
SCAF_51	66966	59166	0.88	0	19
SCAF_51_region	66966	59166	0.88	0	19
SCAF_52	66855	92391	1.38	0	19
SCAF_52_region	66855	92391	1.38	0	19
SCAF_53	65552	79696	1.22	0	14
SCAF_53_region	65552	79696	1.22	0	14
SCAF_54	65267	71364	1.09	0	25
SCAF_54_region	65267	71364	1.09	0	25
SCAF_55	65114	201838	3.10	0	16
SCAF_55_region	65114	201838	3.10	0	16
SCAF_56	62812	20111	0.32	0	14
SCAF_56_region	62812	20111	0.32	0	14
SCAF_57	62187	70180	1.13	0	22
SCAF_57_region	62187	70180	1.13	0	22
SCAF_58	61544	59272	0.96	0	116
SCAF_58_region	61544	59272	0.96	0	116
SCAF_59	61533	41527	0.67	0	18
SCAF_59_region	61533	41527	0.67	0	18
SCAF_60	61411	3656070	59.53	0	5350
SCAF_60_region	61411	3656070	59.53	0	5350
SCAF_61	61115	400209	6.55	0	23
SCAF_61_region	61115	400209	6.55	0	23
SCAF_62	59972	348186	5.81	0	251
SCAF_62_region	59972	348186	5.81	0	251
SCAF_63	59743	60379	1.01	0	170
SCAF_63_region	59743	60379	1.01	0	170
SCAF_64	58841	3069629	52.17	0	2926
SCAF_64_region	58841	3069629	52.17	0	2926
SCAF_65	58838	59812	1.02	0	17
SCAF_65_region	58838	59812	1.02	0	17
SCAF_66	58483	161935	2.77	0	190
SCAF_66_region	58483	161935	2.77	0	190
SCAF_67	57162	41402	0.72	0	15
SCAF_67_region	57162	41402	0.72	0	15
SCAF_68	56404	915623	16.23	0	507
SCAF_68_region	56404	915623	16.23	0	507
SCAF_69	55942	11393	0.20	0	7
SCAF_69_region	55942	11393	0.20	0	7
SCAF_70	55722	327573	5.88	0	17
SCAF_70_region	55722	327573	5.88	0	17
SCAF_71	55604	270850	4.87	0	19
SCAF_71_region	55604	270850	4.87	0	19
SCAF_72	54709	5006	0.09	0	12
SCAF_72_region	54709	5006	0.09	0	12
SCAF_73	52157	4801	0.09	0	4
SCAF_73_region	52157	4801	0.09	0	4
SCAF_74	52077	259790	4.99	0	20
SCAF_74_region	52077	259790	4.99	0	20
SCAF_75	51185	20712	0.40	0	12
SCAF_75_region	51185	20712	0.40	0	12
SCAF_76	50428	2278629	45.19	0	2076
SCAF_76_region	50428	2278629	45.19	0	2076
SCAF_77	50384	3469	0.07	0	6
SCAF_77_region	50384	3469	0.07	0	6
SCAF_78	49366	275795	5.59	0	20
SCAF_78_region	49366	275795	5.59	0	20
SCAF_79	49160	24991	0.51	0	11
SCAF_79_region	49160	24991	0.51	0	11
SCAF_80	48966	220691	4.51	0	20
SCAF_80_region	48966	220691	4.51	0	20
SCAF_81	48848	9397	0.19	0	8
SCAF_81_region	48848	9397	0.19	0	8
SCAF_82	48542	52695	1.09	0	20
SCAF_82_region	48542	52695	1.09	0	20
SCAF_83	48542	6229	0.13	0	11
SCAF_83_region	48542	6229	0.13	0	11
SCAF_84	47775	32333	0.68	0	21
SCAF_84_region	47775	32333	0.68	0	21
SCAF_85	47318	309269	6.54	0	24
SCAF_85_region	47318	309269	6.54	0	24
SCAF_86	46994	232602	4.95	0	17
SCAF_86_region	46994	232602	4.95	0	17
SCAF_87	46805	201256	4.30	0	20
SCAF_87_region	46805	201256	4.30	0	20
SCAF_88	46738	15535	0.33	0	8
SCAF_88_region	46738	15535	0.33	0	8
SCAF_89	46547	192144	4.13	0	26
SCAF_89_region	46547	192144	4.13	0	26
SCAF_90	46221	7786	0.17	0	6
SCAF_90_region	46221	7786	0.17	0	6
SCAF_91	44916	268757	5.98	0	19
SCAF_91_region	44916	268757	5.98	0	19
SCAF_92	44616	21099975	472.92	0	7135
SCAF_92_region	44616	21099975	472.92	0	7135
SCAF_93	44136	6090	0.14	0	9
SCAF_93_region	44136	6090	0.14	0	9
SCAF_94	43913	6255	0.14	0	6
SCAF_94_region	43913	6255	0.14	0	6
SCAF_95	43808	10264	0.23	0	6
SCAF_95_region	43808	10264	0.23	0	6
SCAF_96	43342	13684	0.32	0	8
SCAF_96_region	43342	13684	0.32	0	8
SCAF_97	43038	16918544	393.11	0	7312
SCAF_97_region	43038	16918544	393.11	0	7312
SCAF_98	42896	7810	0.18	0	9
SCAF_98_region	42896	7810	0.18	0	9
SCAF_99	42178	111183	2.64	0	19
SCAF_99_region	42178	111183	2.64	0	19
SCAF_100	41993	6720	0.16	0	10
SCAF_100_region	41993	6720	0.16	0	10
SCAF_101	41585	168777	4.06	0	16
SCAF_101_region	41585	168777	4.06	0	16
SCAF_102	41267	11429521	276.97	0	681
SCAF_102_region	41267	11429521	276.97	0	681
SCAF_103	41164	4900	0.12	0	12
SCAF_103_region	41164	4900	0.12	0	12
SCAF_104	40984	5760	0.14	0	3
SCAF_104_region	40984	5760	0.14	0	3
SCAF_105	40971	50380	1.23	0	23
SCAF_105_region	40971	50380	1.23	0	23
SCAF_106	40689	170568	4.19	0	16
SCAF_106_region	40689	170568	4.19	0	16
SCAF_107	40038	21451	0.54	0	16
SCAF_107_region	40038	21451	0.54	0	16
SCAF_108	39998	10432	0.26	0	10
SCAF_108_region	39998	10432	0.26	0	10
SCAF_109	39904	2706	0.07	0	3
SCAF_109_region	39904	2706	0.07	0	3
SCAF_110	39605	42218	1.07	0	14
SCAF_110_region	39605	42218	1.07	0	14
SCAF_111	39279	7939	0.20	0	18
SCAF_111_region	39279	7939	0.20	0	18
SCAF_112	39164	11316650	288.96	0	718
SCAF_112_region	39164	11316650	288.96	0	718
SCAF_113	39049	8826	0.23	0	5
SCAF_113_region	39049	8826	0.23	0	5
SCAF_114	38983	28428	0.73	0	14
SCAF_114_region	38983	28428	0.73	0	14
SCAF_115	38824	702472	18.09	0	875
SCAF_115_region	38824	702472	18.09	0	875
SCAF_116	37823	6086	0.16	0	11
SCAF_116_region	37823	6086	0.16	0	11
SCAF_117	37728	15428363	408.94	0	7310
SCAF_117_region	37728	15428363	408.94	0	7310
SCAF_118	37705	153463	4.07	0	16
SCAF_118_region	37705	153463	4.07	0	16
SCAF_119	37514	154316	4.11	0	17
SCAF_119_region	37514	154316	4.11	0	17
SCAF_120	37456	16400959	437.87	0	1783
SCAF_120_region	37456	16400959	437.87	0	1783
SCAF_121	37441	16424278	438.67	0	1893
SCAF_121_region	37441	16424278	438.67	0	1893
SCAF_122	37347	391555	10.48	0	968
SCAF_122_region	37347	391555	10.48	0	968
SCAF_123	37222	8671	0.23	0	9
SCAF_123_region	37222	8671	0.23	0	9
SCAF_124	36961	494489	13.38	0	1851
SCAF_124_region	36961	494489	13.38	0	1851
SCAF_125	36710	4812	0.13	0	4
SCAF_125_region	36710	4812	0.13	0	4
SCAF_126	36614	5105	0.14	0	7
SCAF_126_region	36614	5105	0.14	0	7
SCAF_127	36584	101446	2.77	0	16
SCAF_127_region	36584	101446	2.77	0	16
SCAF_128	36068	244352	6.77	0	20
SCAF_128_region	36068	244352	6.77	0	20
SCAF_129	35972	176308	4.90	0	23
SCAF_129_region	35972	176308	4.90	0	23
SCAF_130	35925	177664	4.95	0	18
SCAF_130_region	35925	177664	4.95	0	18
SCAF_131	35704	489	0.01	0	4
SCAF_131_region	35704	489	0.01	0	4
SCAF_132	35264	112937	3.20	0	18
SCAF_132_region	35264	112937	3.20	0	18
SCAF_133	35121	21701954	617.92	0	8658
SCAF_133_region	35121	21701954	617.92	0	8658
SCAF_134	35117	116271	3.31	0	24
SCAF_134_region	35117	116271	3.31	0	24
SCAF_135	34903	5276	0.15	0	5
SCAF_135_region	34903	5276	0.15	0	5
SCAF_136	34900	13139053	376.48	0	1693
SCAF_136_region	34900	13139053	376.48	0	1693
SCAF_137	34765	3173	0.09	0	3
SCAF_137_region	34765	3173	0.09	0	3
SCAF_138	34687	49517	1.43	0	59
SCAF_138_region	34687	49517	1.43	0	59
SCAF_139	34615	112196	3.24	0	15
SCAF_139_region	34615	112196	3.24	0	15
SCAF_140	34599	13510522	390.49	0	2311
SCAF_140_region	34599	13510522	390.49	0	2311
SCAF_141	34497	1455677	42.20	0	2374
SCAF_141_region	34497	1455677	42.20	0	2374
SCAF_142	34440	10428326	302.80	0	2237
SCAF_142_region	34440	10428326	302.80	0	2237
SCAF_143	34384	5054	0.15	0	4
SCAF_143_region	34384	5054	0.15	0	4
SCAF_144	34330	5029	0.15	0	5
SCAF_144_region	34330	5029	0.15	0	5
SCAF_145	34087	15618	0.46	0	13
SCAF_145_region	34087	15618	0.46	0	13
SCAF_146	33692	180391	5.35	0	18
SCAF_146_region	33692	180391	5.35	0	18
SCAF_147	33483	14500528	433.07	0	1892
SCAF_147_region	33483	14500528	433.07	0	1892
SCAF_148	33469	10451	0.31	0	18
SCAF_148_region	33469	10451	0.31	0	18
SCAF_149	33420	16582989	496.20	0	10990
SCAF_149_region	33420	16582989	496.20	0	10990
SCAF_150	33347	3844	0.12	0	10
SCAF_150_region	33347	3844	0.12	0	10
SCAF_151	33283	17232	0.52	0	8
SCAF_151_region	33283	17232	0.52	0	8
SCAF_152	33266	3702	0.11	0	9
SCAF_152_region	33266	3702	0.11	0	9
SCAF_153	33237	7756	0.23	0	6
SCAF_153_region	33237	7756	0.23	0	6
SCAF_154	33139	2471	0.07	0	19
SCAF_154_region	33139	2471	0.07	0	19
SCAF_155	33127	19739966	595.89	0	3178
SCAF_155_region	33127	19739966	595.89	0	3178
SCAF_156	32748	50587	1.54	0	138
SCAF_156_region	32748	50587	1.54	0	138
SCAF_157	32666	316698	9.70	0	187
SCAF_157_region	32666	316698	9.70	0	187
SCAF_158	32618	1485	0.05	0	6
SCAF_158_region	32618	1485	0.05	0	6
SCAF_159	32358	158	0.00	0	5
SCAF_159_region	32358	158	0.00	0	5
SCAF_160	32136	4907	0.15	0	3
SCAF_160_region	32136	4907	0.15	0	3
SCAF_161	32035	6532	0.20	0	8
SCAF_161_region	32035	6532	0.20	0	8
SCAF_162	31954	10876	0.34	0	9
SCAF_162_region	31954	10876	0.34	0	9
SCAF_163	31782	7373	0.23	0	8
SCAF_163_region	31782	7373	0.23	0	8
SCAF_164	31669	5223	0.16	0	65
SCAF_164_region	31669	5223	0.16	0	65
SCAF_165	31629	205934	6.51	0	19
SCAF_165_region	31629	205934	6.51	0	19
SCAF_166	31581	270	0.01	0	4
SCAF_166_region	31581	270	0.01	0	4
SCAF_167	31556	25797	0.82	0	13
SCAF_167_region	31556	25797	0.82	0	13
SCAF_168	31421	8526	0.27	0	8
SCAF_168_region	31421	8526	0.27	0	8
SCAF_169	31314	6311	0.20	0	3
SCAF_169_region	31314	6311	0.20	0	3
SCAF_170	31127	578	0.02	0	2
SCAF_170_region	31127	578	0.02	0	2
SCAF_171	31061	16881574	543.50	0	8612
SCAF_171_region	31061	16881574	543.50	0	8612
SCAF_172	31059	253	0.01	0	8
SCAF_172_region	31059	253	0.01	0	8
SCAF_173	30866	13072	0.42	0	13
SCAF_173_region	30866	13072	0.42	0	13
SCAF_174	30739	14052560	457.16	0	7383
SCAF_174_region	30739	14052560	457.16	0	7383
SCAF_175	30330	11184	0.37	0	22
SCAF_175_region	30330	11184	0.37	0	22
SCAF_176	30301	136539	4.51	0	122
SCAF_176_region	30301	136539	4.51	0	122
SCAF_177	30226	16249	0.54	0	20
SCAF_177_region	30226	16249	0.54	0	20
SCAF_178	30187	12853	0.43	0	16
SCAF_178_region	30187	12853	0.43	0	16
SCAF_179	30183	7144	0.24	0	8
SCAF_179_region	30183	7144	0.24	0	8
SCAF_180	30131	13772	0.46	0	66
SCAF_180_region	30131	13772	0.46	0	66
SCAF_181	30071	13107	0.44	0	12
SCAF_181_region	30071	13107	0.44	0	12
SCAF_182	30032	107006	3.56	0	20
SCAF_182_region	30032	107006	3.56	0	20
SCAF_183	30005	2887	0.10	0	6
SCAF_183_region	30005	2887	0.10	0	6
SCAF_184	29541	782946	26.50	0	1015
SCAF_184_region	29541	782946	26.50	0	1015
SCAF_185	29415	112497	3.82	0	19
SCAF_185_region	29415	112497	3.82	0	19
SCAF_186	29375	3687	0.13	0	7
SCAF_186_region	29375	3687	0.13	0	7
SCAF_187	29360	3572	0.12	0	6
SCAF_187_region	29360	3572	0.12	0	6
SCAF_188	29327	169831	5.79	0	21
SCAF_188_region	29327	169831	5.79	0	21
SCAF_189	29236	11869	0.41	0	16
SCAF_189_region	29236	11869	0.41	0	16
SCAF_190	29216	41771	1.43	0	135
SCAF_190_region	29216	41771	1.43	0	135
SCAF_191	29200	6034	0.21	0	4
SCAF_191_region	29200	6034	0.21	0	4
SCAF_192	29083	7179878	246.88	0	665
SCAF_192_region	29083	7179878	246.88	0	665
SCAF_193	29081	7854	0.27	0	12
SCAF_193_region	29081	7854	0.27	0	12
SCAF_194	28863	3535595	122.50	0	788
SCAF_194_region	28863	3535595	122.50	0	788
SCAF_195	28688	6668	0.23	0	15
SCAF_195_region	28688	6668	0.23	0	15
SCAF_196	28688	47336	1.65	0	114
SCAF_196_region	28688	47336	1.65	0	114
SCAF_197	28670	8541	0.30	0	46
SCAF_197_region	28670	8541	0.30	0	46
SCAF_198	28585	104989	3.67	0	28
SCAF_198_region	28585	104989	3.67	0	28
SCAF_199	28585	410354	14.36	0	571
SCAF_199_region	28585	410354	14.36	0	571
SCAF_200	28563	6545	0.23	0	4
SCAF_200_region	28563	6545	0.23	0	4
SCAF_201	28551	2103	0.07	0	3
SCAF_201_region	28551	2103	0.07	0	3
SCAF_202	28219	4744	0.17	0	4
SCAF_202_region	28219	4744	0.17	0	4
SCAF_203	28217	5341	0.19	0	5
SCAF_203_region	28217	5341	0.19	0	5
SCAF_204	28187	47001	1.67	0	410
SCAF_204_region	28187	47001	1.67	0	410
SCAF_205	28138	3148	0.11	0	2
SCAF_205_region	28138	3148	0.11	0	2
SCAF_206	28111	2317	0.08	0	13
SCAF_206_region	28111	2317	0.08	0	13
SCAF_207	27959	133954	4.79	0	20
SCAF_207_region	27959	133954	4.79	0	20
SCAF_208	27935	9129086	326.80	0	5645
SCAF_208_region	27935	9129086	326.80	0	5645
SCAF_209	27830	5030	0.18	0	4
SCAF_209_region	27830	5030	0.18	0	4
SCAF_210	27781	1673	0.06	0	4
SCAF_210_region	27781	1673	0.06	0	4
SCAF_211	27774	153296	5.52	0	21
SCAF_211_region	27774	153296	5.52	0	21
SCAF_212	27772	26387	0.95	0	17
SCAF_212_region	27772	26387	0.95	0	17
SCAF_213	27728	15563	0.56	0	34
SCAF_213_region	27728	15563	0.56	0	34
SCAF_214	27690	4997	0.18	0	10
SCAF_214_region	27690	4997	0.18	0	10
SCAF_215	27659	15547132	562.10	0	6445
SCAF_215_region	27659	15547132	562.10	0	6445
SCAF_216	27637	14824	0.54	0	12
SCAF_216_region	27637	14824	0.54	0	12
SCAF_217	27634	1441	0.05	0	3
SCAF_217_region	27634	1441	0.05	0	3
SCAF_218	27594	118450	4.29	0	21
SCAF_218_region	27594	118450	4.29	0	21
SCAF_219	27563	520	0.02	0	5
SCAF_219_region	27563	520	0.02	0	5
SCAF_220	27545	153043	5.56	0	23
SCAF_220_region	27545	153043	5.56	0	23
SCAF_221	27530	6350	0.23	0	2
SCAF_221_region	27530	6350	0.23	0	2
SCAF_222	27515	4078	0.15	0	5
SCAF_222_region	27515	4078	0.15	0	5
SCAF_223	27476	5626	0.20	0	5
SCAF_223_region	27476	5626	0.20	0	5
SCAF_224	27450	743	0.03	0	3
SCAF_224_region	27450	743	0.03	0	3
SCAF_225	27344	2406	0.09	0	5
SCAF_225_region	27344	2406	0.09	0	5
SCAF_226	27270	723135	26.52	0	949
SCAF_226_region	27270	723135	26.52	0	949
SCAF_227	27232	7401	0.27	0	11
SCAF_227_region	27232	7401	0.27	0	11
SCAF_228	27189	84911	3.12	0	141
SCAF_228_region	27189	84911	3.12	0	141
SCAF_229	27037	20647	0.76	0	182
SCAF_229_region	27037	20647	0.76	0	182
SCAF_230	26948	5096	0.19	0	5
SCAF_230_region	26948	5096	0.19	0	5
SCAF_231	26899	2476	0.09	0	4
SCAF_231_region	26899	2476	0.09	0	4
SCAF_232	26856	2455	0.09	0	3
SCAF_232_region	26856	2455	0.09	0	3
SCAF_233	26767	8614	0.32	0	18
SCAF_233_region	26767	8614	0.32	0	18
SCAF_234	26700	8031354	300.80	0	1623
SCAF_234_region	26700	8031354	300.80	0	1623
SCAF_235	26660	18485684	693.39	0	4555
SCAF_235_region	26660	18485684	693.39	0	4555
SCAF_236	26499	3876	0.15	0	4
SCAF_236_region	26499	3876	0.15	0	4
SCAF_237	26482	50707	1.91	0	13
SCAF_237_region	26482	50707	1.91	0	13
SCAF_238	26369	4074	0.15	0	4
SCAF_238_region	26369	4074	0.15	0	4
SCAF_239	26171	3489	0.13	0	5
SCAF_239_region	26171	3489	0.13	0	5
SCAF_240	26148	9804	0.37	0	9
SCAF_240_region	26148	9804	0.37	0	9
SCAF_241	26131	75097	2.87	0	18
SCAF_241_region	26131	75097	2.87	0	18
SCAF_242	26114	3237	0.12	0	8
SCAF_242_region	26114	3237	0.12	0	8
SCAF_243	26085	899	0.03	0	1
SCAF_243_region	26085	899	0.03	0	1
SCAF_244	26060	2129	0.08	0	2
SCAF_244_region	26060	2129	0.08	0	2
SCAF_245	25968	1303	0.05	0	3
SCAF_245_region	25968	1303	0.05	0	3
SCAF_246	25946	6806995	262.35	0	1337
SCAF_246_region	25946	6806995	262.35	0	1337
SCAF_247	25940	150322	5.79	0	18
SCAF_247_region	25940	150322	5.79	0	18
SCAF_248	25895	1594	0.06	0	6
SCAF_248_region	25895	1594	0.06	0	6
SCAF_249	25885	7452	0.29	0	6
SCAF_249_region	25885	7452	0.29	0	6
SCAF_250	25884	110662	4.28	0	18
SCAF_250_region	25884	110662	4.28	0	18
SCAF_251	25874	3882	0.15	0	2
SCAF_251_region	25874	3882	0.15	0	2
SCAF_252	25864	211	0.01	0	6
SCAF_252_region	25864	211	0.01	0	6
SCAF_253	25825	871	0.03	0	8
SCAF_253_region	25825	871	0.03	0	8
SCAF_254	25798	31480	1.22	0	86
SCAF_254_region	25798	31480	1.22	0	86
SCAF_255	25728	1707	0.07	0	4
SCAF_255_region	25728	1707	0.07	0	4
SCAF_256	25725	6090	0.24	0	11
SCAF_256_region	25725	6090	0.24	0	11
SCAF_257	25720	73828	2.87	0	14
SCAF_257_region	25720	73828	2.87	0	14
SCAF_258	25700	20829	0.81	0	32
SCAF_258_region	25700	20829	0.81	0	32
SCAF_259	25645	6113	0.24	0	11
SCAF_259_region	25645	6113	0.24	0	11
SCAF_260	25595	53119	2.08	0	17
SCAF_260_region	25595	53119	2.08	0	17
SCAF_261	25593	5331	0.21	0	2
SCAF_261_region	25593	5331	0.21	0	2
SCAF_262	25592	3043	0.12	0	3
SCAF_262_region	25592	3043	0.12	0	3
SCAF_263	25481	5794	0.23	0	6
SCAF_263_region	25481	5794	0.23	0	6
SCAF_264	25444	139985	5.50	0	20
SCAF_264_region	25444	139985	5.50	0	20
SCAF_265	25436	3449	0.14	0	4
SCAF_265_region	25436	3449	0.14	0	4
SCAF_266	25377	8459	0.33	0	10
SCAF_266_region	25377	8459	0.33	0	10
SCAF_267	25340	144540	5.70	0	16
SCAF_267_region	25340	144540	5.70	0	16
SCAF_268	25329	16024	0.63	0	14
SCAF_268_region	25329	16024	0.63	0	14
SCAF_269	25264	8684	0.34	0	9
SCAF_269_region	25264	8684	0.34	0	9
SCAF_270	25225	2312	0.09	0	6
SCAF_270_region	25225	2312	0.09	0	6
SCAF_271	25206	11329	0.45	0	6
SCAF_271_region	25206	11329	0.45	0	6
SCAF_272	25161	9942	0.40	0	8
SCAF_272_region	25161	9942	0.40	0	8
SCAF_273	25090	14032	0.56	0	16
SCAF_273_region	25090	14032	0.56	0	16
SCAF_274	24834	2954	0.12	0	3
SCAF_274_region	24834	2954	0.12	0	3
SCAF_275	24832	1390966	56.02	0	1290
SCAF_275_region	24832	1390966	56.02	0	1290
SCAF_276	24811	13722	0.55	0	10
SCAF_276_region	24811	13722	0.55	0	10
SCAF_277	24713	15617	0.63	0	29
SCAF_277_region	24713	15617	0.63	0	29
SCAF_278	24673	2842	0.12	0	11
SCAF_278_region	24673	2842	0.12	0	11
SCAF_279	24542	1889	0.08	0	13
SCAF_279_region	24542	1889	0.08	0	13
SCAF_280	24528	12634	0.52	0	14
SCAF_280_region	24528	12634	0.52	0	14
SCAF_281	24435	277	0.01	0	4
SCAF_281_region	24435	277	0.01	0	4
SCAF_282	24359	897	0.04	0	7
SCAF_282_region	24359	897	0.04	0	7
SCAF_283	24173	74059	3.06	0	14
SCAF_283_region	24173	74059	3.06	0	14
SCAF_284	24152	4821544	199.63	0	1099
SCAF_284_region	24152	4821544	199.63	0	1099
SCAF_285	24110	623	0.03	0	11
SCAF_285_region	24110	623	0.03	0	11
SCAF_286	24066	1558837	64.77	0	5223
SCAF_286_region	24066	1558837	64.77	0	5223
SCAF_287	23981	2144	0.09	0	11
SCAF_287_region	23981	2144	0.09	0	11
SCAF_288	23980	3808	0.16	0	7
SCAF_288_region	23980	3808	0.16	0	7
SCAF_289	23950	34870	1.46	0	17
SCAF_289_region	23950	34870	1.46	0	17
SCAF_290	23945	19342	0.81	0	15
SCAF_290_region	23945	19342	0.81	0	15
SCAF_291	23886	1781	0.07	0	6
SCAF_291_region	23886	1781	0.07	0	6
SCAF_292	23860	13151	0.55	0	9
SCAF_292_region	23860	13151	0.55	0	9
SCAF_293	23814	5551	0.23	0	8
SCAF_293_region	23814	5551	0.23	0	8
SCAF_294	23796	3830	0.16	0	8
SCAF_294_region	23796	3830	0.16	0	8
SCAF_295	23767	6564	0.28	0	7
SCAF_295_region	23767	6564	0.28	0	7
SCAF_296	23762	1184792	49.86	0	15285
SCAF_296_region	23762	1184792	49.86	0	15285
SCAF_297	23695	18305	0.77	0	20
SCAF_297_region	23695	18305	0.77	0	20
SCAF_298	23666	450	0.02	0	1
SCAF_298_region	23666	450	0.02	0	1
SCAF_299	23648	286274	12.11	0	1621
SCAF_299_region	23648	286274	12.11	0	1621
SCAF_300	23643	12742780	538.97	0	3456
SCAF_300_region	23643	12742780	538.97	0	3456
SCAF_301	23638	408	0.02	0	3
SCAF_301_region	23638	408	0.02	0	3
SCAF_302	23633	4102	0.17	0	9
SCAF_302_region	23633	4102	0.17	0	9
SCAF_303	23629	3518	0.15	0	2
SCAF_303_region	23629	3518	0.15	0	2
SCAF_304	23571	22826	0.97	0	33
SCAF_304_region	23571	22826	0.97	0	33
SCAF_305	23555	62434	2.65	0	17
SCAF_305_region	23555	62434	2.65	0	17
SCAF_306	23322	22933	0.98	0	22
SCAF_306_region	23322	22933	0.98	0	22
SCAF_307	23295	3667	0.16	0	12
SCAF_307_region	23295	3667	0.16	0	12
SCAF_308	23075	6400268	277.37	0	4670
SCAF_308_region	23075	6400268	277.37	0	4670
SCAF_309	23057	3780	0.16	0	12
SCAF_309_region	23057	3780	0.16	0	12
SCAF_310	23011	6277	0.27	0	4
SCAF_310_region	23011	6277	0.27	0	4
SCAF_311	22999	79	0.00	0	2
SCAF_311_region	22999	79	0.00	0	2
SCAF_312	22896	4973	0.22	0	3
SCAF_312_region	22896	4973	0.22	0	3
SCAF_313	22877	3035	0.13	0	4
SCAF_313_region	22877	3035	0.13	0	4
SCAF_314	22871	11912482	520.86	0	2542
SCAF_314_region	22871	11912482	520.86	0	2542
SCAF_315	22844	17570	0.77	0	123
SCAF_315_region	22844	17570	0.77	0	123
SCAF_316	22844	898	0.04	0	7
SCAF_316_region	22844	898	0.04	0	7
SCAF_317	22833	3674	0.16	0	3
SCAF_317_region	22833	3674	0.16	0	3
SCAF_318	22713	9884	0.44	0	7
SCAF_318_region	22713	9884	0.44	0	7
SCAF_319	22685	3179	0.14	0	6
SCAF_319_region	22685	3179	0.14	0	6
SCAF_320	22653	4070	0.18	0	8
SCAF_320_region	22653	4070	0.18	0	8
SCAF_321	22554	3257	0.14	0	7
SCAF_321_region	22554	3257	0.14	0	7
SCAF_322	22539	3208	0.14	0	3
SCAF_322_region	22539	3208	0.14	0	3
SCAF_323	22525	4996	0.22	0	17
SCAF_323_region	22525	4996	0.22	0	17
SCAF_324	22489	83647	3.72	0	17
SCAF_324_region	22489	83647	3.72	0	17
SCAF_325	22468	32221	1.43	0	10
SCAF_325_region	22468	32221	1.43	0	10
SCAF_326	22392	12814088	572.26	0	7867
SCAF_326_region	22392	12814088	572.26	0	7867
SCAF_327	22337	1090	0.05	0	6
SCAF_327_region	22337	1090	0.05	0	6
SCAF_328	22280	10576358	474.70	0	2412
SCAF_328_region	22280	10576358	474.70	0	2412
SCAF_329	22245	5955	0.27	0	7
SCAF_329_region	22245	5955	0.27	0	7
SCAF_330	22040	3974	0.18	0	9
SCAF_330_region	22040	3974	0.18	0	9
SCAF_332	21923	1861	0.08	0	2
SCAF_332_region	21923	1861	0.08	0	2
SCAF_333	21867	2497	0.11	0	9
SCAF_333_region	21867	2497	0.11	0	9
SCAF_334	21813	2968	0.14	0	2
SCAF_334_region	21813	2968	0.14	0	2
SCAF_335	21800	66066	3.03	0	17
SCAF_335_region	21800	66066	3.03	0	17
SCAF_336	21691	4108	0.19	0	8
SCAF_336_region	21691	4108	0.19	0	8
SCAF_337	21675	3815	0.18	0	6
SCAF_337_region	21675	3815	0.18	0	6
SCAF_338	21621	13060	0.60	0	10
SCAF_338_region	21621	13060	0.60	0	10
SCAF_339	21529	15933	0.74	0	23
SCAF_339_region	21529	15933	0.74	0	23
SCAF_340	21472	12052	0.56	0	22
SCAF_340_region	21472	12052	0.56	0	22
SCAF_341	21449	2447	0.11	0	2
SCAF_341_region	21449	2447	0.11	0	2
SCAF_342	21444	689665	32.16	0	3116
SCAF_342_region	21444	689665	32.16	0	3116
SCAF_343	21365	514	0.02	0	11
SCAF_343_region	21365	514	0.02	0	11
SCAF_344	21355	56801	2.66	0	15
SCAF_344_region	21355	56801	2.66	0	15
SCAF_345	21334	2948	0.14	0	3
SCAF_345_region	21334	2948	0.14	0	3
SCAF_346	21294	6677313	313.58	0	1604
SCAF_346_region	21294	6677313	313.58	0	1604
SCAF_347	21288	273	0.01	0	10
SCAF_347_region	21288	273	0.01	0	10
SCAF_348	21209	6687	0.32	0	8
SCAF_348_region	21209	6687	0.32	0	8
SCAF_349	21199	772	0.04	0	5
SCAF_349_region	21199	772	0.04	0	5
SCAF_350	21189	8579	0.40	0	41
SCAF_350_region	21189	8579	0.40	0	41
SCAF_351	21106	96272	4.56	0	17
SCAF_351_region	21106	96272	4.56	0	17
SCAF_352	21098	19473	0.92	0	17
SCAF_352_region	21098	19473	0.92	0	17
SCAF_353	21078	1787	0.08	0	7
SCAF_353_region	21078	1787	0.08	0	7
SCAF_354	20991	10004	0.48	0	12
SCAF_354_region	20991	10004	0.48	0	12
SCAF_355	20981	133	0.01	0	6
SCAF_355_region	20981	133	0.01	0	6
SCAF_356	20980	5220	0.25	0	7
SCAF_356_region	20980	5220	0.25	0	7
SCAF_357	20976	2307	0.11	0	3
SCAF_357_region	20976	2307	0.11	0	3
SCAF_358	20871	1260	0.06	0	2
SCAF_358_region	20871	1260	0.06	0	2
SCAF_359	20831	4207	0.20	0	2
SCAF_359_region	20831	4207	0.20	0	2
SCAF_360	20777	5966	0.29	0	57
SCAF_360_region	20777	5966	0.29	0	57
SCAF_361	20737	15994	0.77	0	12
SCAF_361_region	20737	15994	0.77	0	12
SCAF_362	20702	116595	5.63	0	16
SCAF_362_region	20702	116595	5.63	0	16
SCAF_363	20586	19	0.00	0	1
SCAF_363_region	20586	19	0.00	0	1
SCAF_364	20574	48260	2.35	0	29
SCAF_364_region	20574	48260	2.35	0	29
SCAF_365	20553	1363	0.07	0	5
SCAF_365_region	20553	1363	0.07	0	5
SCAF_366	20522	391	0.02	0	2
SCAF_366_region	20522	391	0.02	0	2
SCAF_367	20517	3653	0.18	0	9
SCAF_367_region	20517	3653	0.18	0	9
SCAF_368	20452	37359	1.83	0	12
SCAF_368_region	20452	37359	1.83	0	12
SCAF_369	20438	69667	3.41	0	22
SCAF_369_region	20438	69667	3.41	0	22
SCAF_370	20350	9657	0.47	0	10
SCAF_370_region	20350	9657	0.47	0	10
SCAF_371	20349	17417	0.86	0	78
SCAF_371_region	20349	17417	0.86	0	78
SCAF_372	20285	927	0.05	0	4
SCAF_372_region	20285	927	0.05	0	4
SCAF_373	20282	516419	25.46	0	603
SCAF_373_region	20282	516419	25.46	0	603
SCAF_374	20282	10971253	540.94	0	1918
SCAF_374_region	20282	10971253	540.94	0	1918
SCAF_375	20179	49533	2.45	0	80
SCAF_375_region	20179	49533	2.45	0	80
SCAF_376	20174	6903	0.34	0	3
SCAF_376_region	20174	6903	0.34	0	3
SCAF_377	20160	4419	0.22	0	7
SCAF_377_region	20160	4419	0.22	0	7
SCAF_378	20157	7459554	370.07	0	1139
SCAF_378_region	20157	7459554	370.07	0	1139
SCAF_379	20150	54847	2.72	0	15
SCAF_379_region	20150	54847	2.72	0	15
SCAF_380	20140	10861	0.54	0	11
SCAF_380_region	20140	10861	0.54	0	11
SCAF_381	20082	1464	0.07	0	6
SCAF_381_region	20082	1464	0.07	0	6
SCAF_382	20068	2635	0.13	0	8
SCAF_382_region	20068	2635	0.13	0	8
SCAF_383	20052	1536	0.08	0	6
SCAF_383_region	20052	1536	0.08	0	6
SCAF_384	20039	64902	3.24	0	18
SCAF_384_region	20039	64902	3.24	0	18
SCAF_385	20036	1787	0.09	0	9
SCAF_385_region	20036	1787	0.09	0	9
SCAF_386	20004	4358	0.22	0	9
SCAF_386_region	20004	4358	0.22	0	9
SCAF_387	19967	21778	1.09	0	31
SCAF_387_region	19967	21778	1.09	0	31
SCAF_388	19953	10721	0.54	0	8
SCAF_388_region	19953	10721	0.54	0	8
SCAF_389	19874	2748	0.14	0	3
SCAF_389_region	19874	2748	0.14	0	3
SCAF_390	19870	10179684	512.31	0	6359
SCAF_390_region	19870	10179684	512.31	0	6359
SCAF_391	19819	1974	0.10	0	2
SCAF_391_region	19819	1974	0.10	0	2
SCAF_392	19814	3926	0.20	0	6
SCAF_392_region	19814	3926	0.20	0	6
SCAF_393	19805	30571	1.54	0	31
SCAF_393_region	19805	30571	1.54	0	31
SCAF_394	19796	3577	0.18	0	2
SCAF_394_region	19796	3577	0.18	0	2
SCAF_395	19788	12702522	641.93	0	5858
SCAF_395_region	19788	12702522	641.93	0	5858
SCAF_396	19769	866	0.04	0	5
SCAF_396_region	19769	866	0.04	0	5
SCAF_397	19737	9123	0.46	0	11
SCAF_397_region	19737	9123	0.46	0	11
SCAF_398	19694	47499	2.41	0	18
SCAF_398_region	19694	47499	2.41	0	18
SCAF_399	19627	2573	0.13	0	6
SCAF_399_region	19627	2573	0.13	0	6
SCAF_400	19559	9023	0.46	0	9
SCAF_400_region	19559	9023	0.46	0	9
SCAF_401	19529	5530	0.28	0	6
SCAF_401_region	19529	5530	0.28	0	6
SCAF_402	19485	1298	0.07	0	5
SCAF_402_region	19485	1298	0.07	0	5
SCAF_403	19440	19966	1.03	0	52
SCAF_403_region	19440	19966	1.03	0	52
SCAF_404	19429	8453	0.44	0	8
SCAF_404_region	19429	8453	0.44	0	8
SCAF_405	19412	6127	0.32	0	13
SCAF_405_region	19412	6127	0.32	0	13
SCAF_406	19412	7319	0.38	0	11
SCAF_406_region	19412	7319	0.38	0	11
SCAF_407	19392	4048	0.21	0	6
SCAF_407_region	19392	4048	0.21	0	6
SCAF_408	19383	187	0.01	0	3
SCAF_408_region	19383	187	0.01	0	3
SCAF_409	19350	1732	0.09	0	3
SCAF_409_region	19350	1732	0.09	0	3
SCAF_410	19334	1885	0.10	0	8
SCAF_410_region	19334	1885	0.10	0	8
SCAF_411	19319	307	0.02	0	16
SCAF_411_region	19319	307	0.02	0	16
SCAF_412	19298	64811	3.36	0	17
SCAF_412_region	19298	64811	3.36	0	17
SCAF_413	19281	81330	4.22	0	17
SCAF_413_region	19281	81330	4.22	0	17
SCAF_414	19250	8702	0.45	0	18
SCAF_414_region	19250	8702	0.45	0	18
SCAF_415	19240	15857	0.82	0	16
SCAF_415_region	19240	15857	0.82	0	16
SCAF_416	19198	1572	0.08	0	4
SCAF_416_region	19198	1572	0.08	0	4
SCAF_417	19156	618	0.03	0	1
SCAF_417_region	19156	618	0.03	0	1
SCAF_418	19069	7808109	409.47	0	1130
SCAF_418_region	19069	7808109	409.47	0	1130
SCAF_419	19061	37627	1.97	0	17
SCAF_419_region	19061	37627	1.97	0	17
SCAF_420	19040	1673	0.09	0	9
SCAF_420_region	19040	1673	0.09	0	9
SCAF_421	19012	3415	0.18	0	11
SCAF_421_region	19012	3415	0.18	0	11
SCAF_422	18950	61290	3.23	0	27
SCAF_422_region	18950	61290	3.23	0	27
SCAF_423	18945	2673	0.14	0	3
SCAF_423_region	18945	2673	0.14	0	3
SCAF_424	18943	2357	0.12	0	4
SCAF_424_region	18943	2357	0.12	0	4
SCAF_425	18932	32550	1.72	0	17
SCAF_425_region	18932	32550	1.72	0	17
SCAF_426	18882	3129	0.17	0	3
SCAF_426_region	18882	3129	0.17	0	3
SCAF_427	18874	8875	0.47	0	10
SCAF_427_region	18874	8875	0.47	0	10
SCAF_428	18866	2756433	146.11	0	1520
SCAF_428_region	18866	2756433	146.11	0	1520
SCAF_429	18866	4645	0.25	0	14
SCAF_429_region	18866	4645	0.25	0	14
SCAF_430	18815	1298	0.07	0	3
SCAF_430_region	18815	1298	0.07	0	3
SCAF_431	18805	68252	3.63	0	32
SCAF_431_region	18805	68252	3.63	0	32
SCAF_432	18790	48193	2.56	0	18
SCAF_432_region	18790	48193	2.56	0	18
SCAF_433	18773	769	0.04	0	5
SCAF_433_region	18773	769	0.04	0	5
SCAF_434	18766	6063	0.32	0	6
SCAF_434_region	18766	6063	0.32	0	6
SCAF_435	18753	42437	2.26	0	17
SCAF_435_region	18753	42437	2.26	0	17
SCAF_436	18746	135412	7.22	0	42
SCAF_436_region	18746	135412	7.22	0	42
SCAF_437	18721	4595	0.25	0	4
SCAF_437_region	18721	4595	0.25	0	4
SCAF_438	18669	925	0.05	0	3
SCAF_438_region	18669	925	0.05	0	3
SCAF_439	18588	208924	11.24	0	397
SCAF_439_region	18588	208924	11.24	0	397
SCAF_440	18561	19316	1.04	0	191
SCAF_440_region	18561	19316	1.04	0	191
SCAF_441	18530	2224	0.12	0	6
SCAF_441_region	18530	2224	0.12	0	6
SCAF_442	18489	2191	0.12	0	8
SCAF_442_region	18489	2191	0.12	0	8
SCAF_443	18479	6422	0.35	0	7
SCAF_443_region	18479	6422	0.35	0	7
SCAF_444	18424	29838	1.62	0	15
SCAF_444_region	18424	29838	1.62	0	15
SCAF_445	18396	5525	0.30	0	9
SCAF_445_region	18396	5525	0.30	0	9
SCAF_446	18392	60404	3.28	0	13
SCAF_446_region	18392	60404	3.28	0	13
SCAF_447	18255	2879	0.16	0	8
SCAF_447_region	18255	2879	0.16	0	8
SCAF_448	18252	51760	2.84	0	14
SCAF_448_region	18252	51760	2.84	0	14
SCAF_449	18248	3005	0.16	0	10
SCAF_449_region	18248	3005	0.16	0	10
SCAF_450	18208	1478	0.08	0	10
SCAF_450_region	18208	1478	0.08	0	10
SCAF_451	18202	236799	13.01	0	177
SCAF_451_region	18202	236799	13.01	0	177
SCAF_452	18192	3208	0.18	0	7
SCAF_452_region	18192	3208	0.18	0	7
SCAF_453	18150	4265	0.23	0	12
SCAF_453_region	18150	4265	0.23	0	12
SCAF_454	18134	1437	0.08	0	3
SCAF_454_region	18134	1437	0.08	0	3
SCAF_455	18114	663	0.04	0	9
SCAF_455_region	18114	663	0.04	0	9
SCAF_456	18112	2459	0.14	0	6
SCAF_456_region	18112	2459	0.14	0	6
SCAF_457	18054	104332	5.78	0	22
SCAF_457_region	18054	104332	5.78	0	22
SCAF_458	18006	3631	0.20	0	14
SCAF_458_region	18006	3631	0.20	0	14
SCAF_459	18000	599	0.03	0	13
SCAF_459_region	18000	599	0.03	0	13
SCAF_460	17967	3089	0.17	0	4
SCAF_460_region	17967	3089	0.17	0	4
SCAF_461	17943	2187	0.12	0	4
SCAF_461_region	17943	2187	0.12	0	4
SCAF_462	17929	664468	37.06	0	1132
SCAF_462_region	17929	664468	37.06	0	1132
SCAF_463	17921	205	0.01	0	8
SCAF_463_region	17921	205	0.01	0	8
SCAF_464	17913	6100	0.34	0	6
SCAF_464_region	17913	6100	0.34	0	6
SCAF_465	17912	1566	0.09	0	2
SCAF_465_region	17912	1566	0.09	0	2
SCAF_466	17886	31473	1.76	0	16
SCAF_466_region	17886	31473	1.76	0	16
SCAF_467	17859	16757	0.94	0	68
SCAF_467_region	17859	16757	0.94	0	68
SCAF_468	17837	3338	0.19	0	14
SCAF_468_region	17837	3338	0.19	0	14
SCAF_469	17802	267	0.01	0	10
SCAF_469_region	17802	267	0.01	0	10
SCAF_470	17776	5378	0.30	0	4
SCAF_470_region	17776	5378	0.30	0	4
SCAF_471	17682	3784	0.21	0	3
SCAF_471_region	17682	3784	0.21	0	3
SCAF_472	17646	13194	0.75	0	18
SCAF_472_region	17646	13194	0.75	0	18
SCAF_473	17646	27908	1.58	0	11
SCAF_473_region	17646	27908	1.58	0	11
SCAF_474	17642	5616922	318.38	0	7298
SCAF_474_region	17642	5616922	318.38	0	7298
SCAF_475	17613	210058	11.93	0	253
SCAF_475_region	17613	210058	11.93	0	253
SCAF_476	17602	36476	2.07	0	387
SCAF_476_region	17602	36476	2.07	0	387
SCAF_477	17571	440	0.03	0	1
SCAF_477_region	17571	440	0.03	0	1
SCAF_478	17535	1873	0.11	0	8
SCAF_478_region	17535	1873	0.11	0	8
SCAF_479	17528	4418	0.25	0	36
SCAF_479_region	17528	4418	0.25	0	36
SCAF_480	17503	2178	0.12	0	3
SCAF_480_region	17503	2178	0.12	0	3
SCAF_481	17502	3278	0.19	0	12
SCAF_481_region	17502	3278	0.19	0	12
SCAF_482	17480	1033	0.06	0	2
SCAF_482_region	17480	1033	0.06	0	2
SCAF_483	17476	5141	0.29	0	13
SCAF_483_region	17476	5141	0.29	0	13
SCAF_484	17457	707304	40.52	0	695
SCAF_484_region	17457	707304	40.52	0	695
SCAF_485	17386	4285	0.25	0	2
SCAF_485_region	17386	4285	0.25	0	2
SCAF_486	17362	2733	0.16	0	4
SCAF_486_region	17362	2733	0.16	0	4
SCAF_487	17332	1151	0.07	0	4
SCAF_487_region	17332	1151	0.07	0	4
SCAF_488	17327	3613	0.21	0	4
SCAF_488_region	17327	3613	0.21	0	4
SCAF_489	17303	3346	0.19	0	3
SCAF_489_region	17303	3346	0.19	0	3
SCAF_490	17273	1372	0.08	0	2
SCAF_490_region	17273	1372	0.08	0	2
SCAF_491	17245	71923	4.17	0	259
SCAF_491_region	17245	71923	4.17	0	259
SCAF_492	17239	5562	0.32	0	11
SCAF_492_region	17239	5562	0.32	0	11
SCAF_493	17219	4585	0.27	0	6
SCAF_493_region	17219	4585	0.27	0	6
SCAF_494	17218	1753	0.10	0	3
SCAF_494_region	17218	1753	0.10	0	3
SCAF_495	17211	3360	0.20	0	6
SCAF_495_region	17211	3360	0.20	0	6
SCAF_496	17198	8114	0.47	0	94
SCAF_496_region	17198	8114	0.47	0	94
SCAF_497	17190	19	0.00	0	1
SCAF_497_region	17190	19	0.00	0	1
SCAF_498	17162	50225	2.93	0	13
SCAF_498_region	17162	50225	2.93	0	13
SCAF_499	17147	1694	0.10	0	2
SCAF_499_region	17147	1694	0.10	0	2
SCAF_500	17144	4238	0.25	0	9
SCAF_500_region	17144	4238	0.25	0	9
SCAF_501	17142	1998	0.12	0	2
SCAF_501_region	17142	1998	0.12	0	2
SCAF_502	17124	3205	0.19	0	13
SCAF_502_region	17124	3205	0.19	0	13
SCAF_503	17118	61103	3.57	0	17
SCAF_503_region	17118	61103	3.57	0	17
SCAF_504	17076	19892	1.16	0	11
SCAF_504_region	17076	19892	1.16	0	11
SCAF_505	17047	6969103	408.82	0	1208
SCAF_505_region	17047	6969103	408.82	0	1208
SCAF_506	17043	805562	47.27	0	312
SCAF_506_region	17043	805562	47.27	0	312
SCAF_507	17035	9988	0.59	0	19
SCAF_507_region	17035	9988	0.59	0	19
SCAF_508	17021	13055	0.77	0	15
SCAF_508_region	17021	13055	0.77	0	15
SCAF_509	16971	4851	0.29	0	3
SCAF_509_region	16971	4851	0.29	0	3
SCAF_510	16897	73893	4.37	0	24
SCAF_510_region	16897	73893	4.37	0	24
SCAF_511	16849	1659	0.10	0	4
SCAF_511_region	16849	1659	0.10	0	4
SCAF_512	16807	2332	0.14	0	3
SCAF_512_region	16807	2332	0.14	0	3
SCAF_513	16787	382	0.02	0	1
SCAF_513_region	16787	382	0.02	0	1
SCAF_514	16784	3146	0.19	0	4
SCAF_514_region	16784	3146	0.19	0	4
SCAF_515	16776	3845	0.23	0	4
SCAF_515_region	16776	3845	0.23	0	4
SCAF_516	16745	435	0.03	0	3
SCAF_516_region	16745	435	0.03	0	3
SCAF_517	16741	424	0.03	0	1
SCAF_517_region	16741	424	0.03	0	1
SCAF_518	16733	55445	3.31	0	14
SCAF_518_region	16733	55445	3.31	0	14
SCAF_519	16710	2705	0.16	0	5
SCAF_519_region	16710	2705	0.16	0	5
SCAF_520	16702	5845604	349.99	0	2272
SCAF_520_region	16702	5845604	349.99	0	2272
SCAF_521	16701	3625	0.22	0	4
SCAF_521_region	16701	3625	0.22	0	4
SCAF_522	16645	2470	0.15	0	4
SCAF_522_region	16645	2470	0.15	0	4
SCAF_523	16623	2043	0.12	0	2
SCAF_523_region	16623	2043	0.12	0	2
SCAF_524	16568	298	0.02	0	1
SCAF_524_region	16568	298	0.02	0	1
SCAF_525	16548	2225	0.13	0	7
SCAF_525_region	16548	2225	0.13	0	7
SCAF_526	16541	3268	0.20	0	3
SCAF_526_region	16541	3268	0.20	0	3
SCAF_527	16518	6545743	396.28	0	1781
SCAF_527_region	16518	6545743	396.28	0	1781
SCAF_528	16510	7338	0.44	0	127
SCAF_528_region	16510	7338	0.44	0	127
SCAF_529	16492	7180	0.44	0	11
SCAF_529_region	16492	7180	0.44	0	11
SCAF_530	16462	14293	0.87	0	8
SCAF_530_region	16462	14293	0.87	0	8
SCAF_531	16461	155	0.01	0	3
SCAF_531_region	16461	155	0.01	0	3
SCAF_532	16447	13826	0.84	0	12
SCAF_532_region	16447	13826	0.84	0	12
SCAF_533	16383	26554	1.62	0	20
SCAF_533_region	16383	26554	1.62	0	20
SCAF_534	16345	7074	0.43	0	8
SCAF_534_region	16345	7074	0.43	0	8
SCAF_535	16343	919	0.06	0	10
SCAF_535_region	16343	919	0.06	0	10
SCAF_536	16333	4748	0.29	0	12
SCAF_536_region	16333	4748	0.29	0	12
SCAF_537	16287	63841	3.92	0	18
SCAF_537_region	16287	63841	3.92	0	18
SCAF_538	16266	1845	0.11	0	3
SCAF_538_region	16266	1845	0.11	0	3
SCAF_539	16246	165	0.01	0	3
SCAF_539_region	16246	165	0.01	0	3
SCAF_540	16245	6722	0.41	0	8
SCAF_540_region	16245	6722	0.41	0	8
SCAF_541	16215	4623	0.29	0	5
SCAF_541_region	16215	4623	0.29	0	5
SCAF_542	16208	1022	0.06	0	8
SCAF_542_region	16208	1022	0.06	0	8
SCAF_543	16160	5836	0.36	0	8
SCAF_543_region	16160	5836	0.36	0	8
SCAF_544	16140	184	0.01	0	3
SCAF_544_region	16140	184	0.01	0	3
SCAF_545	16102	2344	0.15	0	3
SCAF_545_region	16102	2344	0.15	0	3
SCAF_546	16083	4305	0.27	0	4
SCAF_546_region	16083	4305	0.27	0	4
SCAF_547	16037	1171	0.07	0	3
SCAF_547_region	16037	1171	0.07	0	3
SCAF_548	16034	13617	0.85	0	21
SCAF_548_region	16034	13617	0.85	0	21
SCAF_549	16030	4308	0.27	0	7
SCAF_549_region	16030	4308	0.27	0	7
SCAF_550	16027	126	0.01	0	1
SCAF_550_region	16027	126	0.01	0	1
SCAF_551	15990	37215	2.33	0	11
SCAF_551_region	15990	37215	2.33	0	11
SCAF_552	15913	143226	9.00	0	23
SCAF_552_region	15913	143226	9.00	0	23
SCAF_553	15906	2270	0.14	0	4
SCAF_553_region	15906	2270	0.14	0	4
SCAF_554	15898	2002	0.13	0	3
SCAF_554_region	15898	2002	0.13	0	3
SCAF_555	15891	1041	0.07	0	2
SCAF_555_region	15891	1041	0.07	0	2
SCAF_556	15885	1585	0.10	0	2
SCAF_556_region	15885	1585	0.10	0	2
SCAF_557	15855	2528	0.16	0	2
SCAF_557_region	15855	2528	0.16	0	2
SCAF_558	15839	2760	0.17	0	5
SCAF_558_region	15839	2760	0.17	0	5
SCAF_559	15827	5672	0.36	0	4
SCAF_559_region	15827	5672	0.36	0	4
SCAF_560	15823	5939	0.38	0	6
SCAF_560_region	15823	5939	0.38	0	6
SCAF_561	15791	2167	0.14	0	3
SCAF_561_region	15791	2167	0.14	0	3
SCAF_562	15777	3393395	215.08	0	606
SCAF_562_region	15777	3393395	215.08	0	606
SCAF_563	15776	8831	0.56	0	16
SCAF_563_region	15776	8831	0.56	0	16
SCAF_564	15761	2655	0.17	0	3
SCAF_564_region	15761	2655	0.17	0	3
SCAF_565	15717	2440	0.16	0	4
SCAF_565_region	15717	2440	0.16	0	4
SCAF_566	15706	435	0.03	0	6
SCAF_566_region	15706	435	0.03	0	6
SCAF_567	15696	3630	0.23	0	4
SCAF_567_region	15696	3630	0.23	0	4
SCAF_568	15657	2975	0.19	0	2
SCAF_568_region	15657	2975	0.19	0	2
SCAF_569	15650	2234	0.14	0	9
SCAF_569_region	15650	2234	0.14	0	9
SCAF_570	15646	4628	0.30	0	5
SCAF_570_region	15646	4628	0.30	0	5
SCAF_572	15612	6295	0.40	0	8
SCAF_572_region	15612	6295	0.40	0	8
SCAF_573	15605	1822	0.12	0	6
SCAF_573_region	15605	1822	0.12	0	6
SCAF_574	15575	829	0.05	0	1
SCAF_574_region	15575	829	0.05	0	1
SCAF_575	15573	2057	0.13	0	4
SCAF_575_region	15573	2057	0.13	0	4
SCAF_576	15571	23839	1.53	0	201
SCAF_576_region	15571	23839	1.53	0	201
SCAF_577	15544	463	0.03	0	1
SCAF_577_region	15544	463	0.03	0	1
SCAF_578	15521	271	0.02	0	6
SCAF_578_region	15521	271	0.02	0	6
SCAF_579	15497	8950	0.58	0	35
SCAF_579_region	15497	8950	0.58	0	35
SCAF_580	15481	1205	0.08	0	8
SCAF_580_region	15481	1205	0.08	0	8
SCAF_581	15458	15288	0.99	0	13
SCAF_581_region	15458	15288	0.99	0	13
SCAF_582	15439	3910	0.25	0	13
SCAF_582_region	15439	3910	0.25	0	13
SCAF_583	15421	5237	0.34	0	8
SCAF_583_region	15421	5237	0.34	0	8
SCAF_584	15337	9365	0.61	0	12
SCAF_584_region	15337	9365	0.61	0	12
SCAF_585	15336	2011	0.13	0	2
SCAF_585_region	15336	2011	0.13	0	2
SCAF_586	15301	32638	2.13	0	17
SCAF_586_region	15301	32638	2.13	0	17
SCAF_587	15300	1987810	129.92	0	3287
SCAF_587_region	15300	1987810	129.92	0	3287
SCAF_588	15298	2270	0.15	0	18
SCAF_588_region	15298	2270	0.15	0	18
SCAF_589	15238	5970	0.39	0	7
SCAF_589_region	15238	5970	0.39	0	7
SCAF_590	15205	80990	5.33	0	18
SCAF_590_region	15205	80990	5.33	0	18
SCAF_591	15162	52535	3.46	0	12
SCAF_591_region	15162	52535	3.46	0	12
SCAF_592	15154	3206	0.21	0	2
SCAF_592_region	15154	3206	0.21	0	2
SCAF_593	15087	3296	0.22	0	9
SCAF_593_region	15087	3296	0.22	0	9
SCAF_594	15082	27758	1.84	0	16
SCAF_594_region	15082	27758	1.84	0	16
SCAF_595	15055	75858	5.04	0	18
SCAF_595_region	15055	75858	5.04	0	18
SCAF_596	15045	1849	0.12	0	2
SCAF_596_region	15045	1849	0.12	0	2
SCAF_597	15030	1534	0.10	0	2
SCAF_597_region	15030	1534	0.10	0	2
SCAF_598	15027	2242	0.15	0	5
SCAF_598_region	15027	2242	0.15	0	5
SCAF_599	15000	56815	3.79	0	14
SCAF_599_region	15000	56815	3.79	0	14
SCAF_600	14995	9719	0.65	0	19
SCAF_600_region	14995	9719	0.65	0	19
SCAF_601	14985	4380	0.29	0	7
SCAF_601_region	14985	4380	0.29	0	7
SCAF_602	14930	3373	0.23	0	3
SCAF_602_region	14930	3373	0.23	0	3
SCAF_603	14898	1519	0.10	0	2
SCAF_603_region	14898	1519	0.10	0	2
SCAF_604	14863	2108	0.14	0	2
SCAF_604_region	14863	2108	0.14	0	2
SCAF_605	14840	2086	0.14	0	7
SCAF_605_region	14840	2086	0.14	0	7
SCAF_606	14808	152	0.01	0	2
SCAF_606_region	14808	152	0.01	0	2
SCAF_607	14807	35524	2.40	0	26
SCAF_607_region	14807	35524	2.40	0	26
SCAF_608	14785	10634	0.72	0	13
SCAF_608_region	14785	10634	0.72	0	13
SCAF_609	14742	1007161	68.32	0	1564
SCAF_609_region	14742	1007161	68.32	0	1564
SCAF_610	14738	2855	0.19	0	5
SCAF_610_region	14738	2855	0.19	0	5
SCAF_611	14737	47191	3.20	0	15
SCAF_611_region	14737	47191	3.20	0	15
SCAF_612	14712	2282903	155.17	0	1285
SCAF_612_region	14712	2282903	155.17	0	1285
SCAF_613	14708	2887	0.20	0	19
SCAF_613_region	14708	2887	0.20	0	19
SCAF_614	14694	6561	0.45	0	113
SCAF_614_region	14694	6561	0.45	0	113
SCAF_615	14684	2430	0.17	0	15
SCAF_615_region	14684	2430	0.17	0	15
SCAF_617	14662	2176	0.15	0	8
SCAF_617_region	14662	2176	0.15	0	8
SCAF_618	14658	2487	0.17	0	8
SCAF_618_region	14658	2487	0.17	0	8
SCAF_619	14650	106142	7.25	0	342
SCAF_619_region	14650	106142	7.25	0	342
SCAF_620	14639	4149	0.28	0	9
SCAF_620_region	14639	4149	0.28	0	9
SCAF_621	14614	1452610	99.40	0	1152
SCAF_621_region	14614	1452610	99.40	0	1152
SCAF_622	14596	48663	3.33	0	62
SCAF_622_region	14596	48663	3.33	0	62
SCAF_623	14590	5334	0.37	0	9
SCAF_623_region	14590	5334	0.37	0	9
SCAF_624	14581	152	0.01	0	4
SCAF_624_region	14581	152	0.01	0	4
SCAF_625	14547	3654	0.25	0	10
SCAF_625_region	14547	3654	0.25	0	10
SCAF_626	14527	7960	0.55	0	11
SCAF_626_region	14527	7960	0.55	0	11
SCAF_627	14523	106	0.01	0	1
SCAF_627_region	14523	106	0.01	0	1
SCAF_628	14498	2486	0.17	0	4
SCAF_628_region	14498	2486	0.17	0	4
SCAF_629	14453	2361	0.16	0	6
SCAF_629_region	14453	2361	0.16	0	6
SCAF_630	14414	1119	0.08	0	2
SCAF_630_region	14414	1119	0.08	0	2
SCAF_631	14395	743	0.05	0	1
SCAF_631_region	14395	743	0.05	0	1
SCAF_632	14385	2321	0.16	0	2
SCAF_632_region	14385	2321	0.16	0	2
SCAF_633	14371	2182	0.15	0	3
SCAF_633_region	14371	2182	0.15	0	3
SCAF_634	14371	1028	0.07	0	2
SCAF_634_region	14371	1028	0.07	0	2
SCAF_635	14280	37928	2.66	0	50
SCAF_635_region	14280	37928	2.66	0	50
SCAF_636	14276	2931	0.21	0	4
SCAF_636_region	14276	2931	0.21	0	4
SCAF_637	14236	31835	2.24	0	14
SCAF_637_region	14236	31835	2.24	0	14
SCAF_638	14229	3005	0.21	0	2
SCAF_638_region	14229	3005	0.21	0	2
SCAF_639	14202	330	0.02	0	1
SCAF_639_region	14202	330	0.02	0	1
SCAF_640	14111	11757	0.83	0	11
SCAF_640_region	14111	11757	0.83	0	11
SCAF_641	14088	3708	0.26	0	4
SCAF_641_region	14088	3708	0.26	0	4
SCAF_642	14005	2628	0.19	0	3
SCAF_642_region	14005	2628	0.19	0	3
SCAF_643	13977	4137807	296.04	0	1011
SCAF_643_region	13977	4137807	296.04	0	1011
SCAF_644	13890	2032	0.15	0	8
SCAF_644_region	13890	2032	0.15	0	8
SCAF_645	13875	3654	0.26	0	8
SCAF_645_region	13875	3654	0.26	0	8
SCAF_646	13874	37202	2.68	0	11
SCAF_646_region	13874	37202	2.68	0	11
SCAF_647	13848	979	0.07	0	2
SCAF_647_region	13848	979	0.07	0	2
SCAF_648	13847	5464	0.39	0	31
SCAF_648_region	13847	5464	0.39	0	31
SCAF_649	13838	8695	0.63	0	14
SCAF_649_region	13838	8695	0.63	0	14
SCAF_650	13812	1214	0.09	0	4
SCAF_650_region	13812	1214	0.09	0	4
SCAF_651	13758	57125	4.15	0	16
SCAF_651_region	13758	57125	4.15	0	16
SCAF_652	13727	2947	0.21	0	8
SCAF_652_region	13727	2947	0.21	0	8
SCAF_653	13703	1870	0.14	0	6
SCAF_653_region	13703	1870	0.14	0	6
SCAF_654	13701	140	0.01	0	2
SCAF_654_region	13701	140	0.01	0	2
SCAF_655	13677	918	0.07	0	2
SCAF_655_region	13677	918	0.07	0	2
SCAF_656	13622	2820	0.21	0	3
SCAF_656_region	13622	2820	0.21	0	3
SCAF_657	13584	1280	0.09	0	9
SCAF_657_region	13584	1280	0.09	0	9
SCAF_658	13583	1887	0.14	0	2
SCAF_658_region	13583	1887	0.14	0	2
SCAF_659	13535	1738	0.13	0	2
SCAF_659_region	13535	1738	0.13	0	2
SCAF_660	13535	42	0.00	0	1
SCAF_660_region	13535	42	0.00	0	1
SCAF_661	13499	1507	0.11	0	7
SCAF_661_region	13499	1507	0.11	0	7
SCAF_662	13464	1390	0.10	0	3
SCAF_662_region	13464	1390	0.10	0	3
SCAF_663	13438	7361	0.55	0	10
SCAF_663_region	13438	7361	0.55	0	10
SCAF_664	13385	2866098	214.13	0	1291
SCAF_664_region	13385	2866098	214.13	0	1291
SCAF_665	13357	229	0.02	0	10
SCAF_665_region	13357	229	0.02	0	10
SCAF_666	13330	1768	0.13	0	4
SCAF_666_region	13330	1768	0.13	0	4
SCAF_667	13327	31684	2.38	0	73
SCAF_667_region	13327	31684	2.38	0	73
SCAF_668	13319	1609	0.12	0	2
SCAF_668_region	13319	1609	0.12	0	2
SCAF_669	13303	6928	0.52	0	15
SCAF_669_region	13303	6928	0.52	0	15
SCAF_670	13293	2943	0.22	0	4
SCAF_670_region	13293	2943	0.22	0	4
SCAF_671	13288	55394	4.17	0	15
SCAF_671_region	13288	55394	4.17	0	15
SCAF_672	13266	2363	0.18	0	15
SCAF_672_region	13266	2363	0.18	0	15
SCAF_673	13189	6793	0.52	0	42
SCAF_673_region	13189	6793	0.52	0	42
SCAF_674	13149	22700	1.73	0	17
SCAF_674_region	13149	22700	1.73	0	17
SCAF_675	13128	2847	0.22	0	11
SCAF_675_region	13128	2847	0.22	0	11
SCAF_676	13120	23502	1.79	0	10
SCAF_676_region	13120	23502	1.79	0	10
SCAF_677	13080	38247	2.92	0	352
SCAF_677_region	13080	38247	2.92	0	352
SCAF_678	13050	650	0.05	0	2
SCAF_678_region	13050	650	0.05	0	2
SCAF_679	13043	1486	0.11	0	2
SCAF_679_region	13043	1486	0.11	0	2
SCAF_680	13008	7369	0.57	0	11
SCAF_680_region	13008	7369	0.57	0	11
SCAF_681	13001	1510	0.12	0	8
SCAF_681_region	13001	1510	0.12	0	8
SCAF_682	12997	35909	2.76	0	13
SCAF_682_region	12997	35909	2.76	0	13
SCAF_683	12986	1184	0.09	0	2
SCAF_683_region	12986	1184	0.09	0	2
SCAF_684	12871	1991	0.15	0	6
SCAF_684_region	12871	1991	0.15	0	6
SCAF_685	12842	879	0.07	0	1
SCAF_685_region	12842	879	0.07	0	1
SCAF_686	12830	1657	0.13	0	6
SCAF_686_region	12830	1657	0.13	0	6
SCAF_687	12781	1672	0.13	0	4
SCAF_687_region	12781	1672	0.13	0	4
SCAF_688	12768	12382	0.97	0	16
SCAF_688_region	12768	12382	0.97	0	16
SCAF_689	12768	2722	0.21	0	3
SCAF_689_region	12768	2722	0.21	0	3
SCAF_690	12764	2017	0.16	0	4
SCAF_690_region	12764	2017	0.16	0	4
SCAF_691	12677	861	0.07	0	2
SCAF_691_region	12677	861	0.07	0	2
SCAF_692	12675	151	0.01	0	1
SCAF_692_region	12675	151	0.01	0	1
SCAF_693	12651	1463	0.12	0	3
SCAF_693_region	12651	1463	0.12	0	3
SCAF_694	12646	1640	0.13	0	2
SCAF_694_region	12646	1640	0.13	0	2
SCAF_695	12643	43437	3.44	0	18
SCAF_695_region	12643	43437	3.44	0	18
SCAF_696	12633	2722	0.22	0	3
SCAF_696_region	12633	2722	0.22	0	3
SCAF_697	12625	1776	0.14	0	4
SCAF_697_region	12625	1776	0.14	0	4
SCAF_698	12617	2085	0.17	0	4
SCAF_698_region	12617	2085	0.17	0	4
SCAF_699	12540	2405	0.19	0	9
SCAF_699_region	12540	2405	0.19	0	9
SCAF_700	12515	143	0.01	0	6
SCAF_700_region	12515	143	0.01	0	6
SCAF_701	12482	355	0.03	0	1
SCAF_701_region	12482	355	0.03	0	1
SCAF_702	12461	6339	0.51	0	11
SCAF_702_region	12461	6339	0.51	0	11
SCAF_703	12456	38988	3.13	0	13
SCAF_703_region	12456	38988	3.13	0	13
SCAF_704	12456	3434	0.28	0	7
SCAF_704_region	12456	3434	0.28	0	7
SCAF_705	12358	4707	0.38	0	9
SCAF_705_region	12358	4707	0.38	0	9
SCAF_706	12350	65272	5.29	0	17
SCAF_706_region	12350	65272	5.29	0	17
SCAF_707	12343	936	0.08	0	6
SCAF_707_region	12343	936	0.08	0	6
SCAF_708	12333	161	0.01	0	7
SCAF_708_region	12333	161	0.01	0	7
SCAF_709	12319	4602157	373.58	0	1558
SCAF_709_region	12319	4602157	373.58	0	1558
SCAF_710	12288	699	0.06	0	2
SCAF_710_region	12288	699	0.06	0	2
SCAF_711	12252	71803	5.86	0	19
SCAF_711_region	12252	71803	5.86	0	19
SCAF_712	12218	74652	6.11	0	193
SCAF_712_region	12218	74652	6.11	0	193
SCAF_713	12177	71936	5.91	0	19
SCAF_713_region	12177	71936	5.91	0	19
SCAF_714	12167	3565	0.29	0	10
SCAF_714_region	12167	3565	0.29	0	10
SCAF_715	12163	265	0.02	0	1
SCAF_715_region	12163	265	0.02	0	1
SCAF_716	12143	1601	0.13	0	7
SCAF_716_region	12143	1601	0.13	0	7
SCAF_717	12102	600	0.05	0	4
SCAF_717_region	12102	600	0.05	0	4
SCAF_718	12099	5045	0.42	0	9
SCAF_718_region	12099	5045	0.42	0	9
SCAF_719	12095	1149	0.09	0	2
SCAF_719_region	12095	1149	0.09	0	2
SCAF_720	12085	5093	0.42	0	6
SCAF_720_region	12085	5093	0.42	0	6
SCAF_721	12078	873	0.07	0	1
SCAF_721_region	12078	873	0.07	0	1
SCAF_722	12066	4102	0.34	0	15
SCAF_722_region	12066	4102	0.34	0	15
SCAF_723	12015	1094	0.09	0	2
SCAF_723_region	12015	1094	0.09	0	2
SCAF_724	12004	2161	0.18	0	3
SCAF_724_region	12004	2161	0.18	0	3
SCAF_725	11949	10920	0.91	0	11
SCAF_725_region	11949	10920	0.91	0	11
SCAF_726	11911	462	0.04	0	3
SCAF_726_region	11911	462	0.04	0	3
SCAF_727	11900	381	0.03	0	5
SCAF_727_region	11900	381	0.03	0	5
SCAF_728	11869	5578	0.47	0	7
SCAF_728_region	11869	5578	0.47	0	7
SCAF_729	11788	72295	6.13	0	17
SCAF_729_region	11788	72295	6.13	0	17
SCAF_730	11785	2029	0.17	0	2
SCAF_730_region	11785	2029	0.17	0	2
SCAF_731	11750	1096	0.09	0	2
SCAF_731_region	11750	1096	0.09	0	2
SCAF_732	11699	636	0.05	0	7
SCAF_732_region	11699	636	0.05	0	7
SCAF_733	11674	194	0.02	0	1
SCAF_733_region	11674	194	0.02	0	1
SCAF_734	11658	5731	0.49	0	8
SCAF_734_region	11658	5731	0.49	0	8
SCAF_735	11648	44707	3.84	0	13
SCAF_735_region	11648	44707	3.84	0	13
SCAF_736	11642	1893	0.16	0	3
SCAF_736_region	11642	1893	0.16	0	3
SCAF_737	11612	940	0.08	0	9
SCAF_737_region	11612	940	0.08	0	9
SCAF_738	11595	266	0.02	0	14
SCAF_738_region	11595	266	0.02	0	14
SCAF_739	11525	13600	1.18	0	58
SCAF_739_region	11525	13600	1.18	0	58
SCAF_740	11505	2922	0.25	0	4
SCAF_740_region	11505	2922	0.25	0	4
SCAF_741	11492	2613	0.23	0	3
SCAF_741_region	11492	2613	0.23	0	3
SCAF_742	11467	11491675	1002.15	0	3440
SCAF_742_region	11467	11491675	1002.15	0	3440
SCAF_744	11377	1287	0.11	0	2
SCAF_744_region	11377	1287	0.11	0	2
SCAF_745	11364	1942	0.17	0	8
SCAF_745_region	11364	1942	0.17	0	8
SCAF_746	11318	691	0.06	0	3
SCAF_746_region	11318	691	0.06	0	3
SCAF_747	11311	757	0.07	0	10
SCAF_747_region	11311	757	0.07	0	10
SCAF_748	11306	1795	0.16	0	2
SCAF_748_region	11306	1795	0.16	0	2
SCAF_749	11299	10914	0.97	0	11
SCAF_749_region	11299	10914	0.97	0	11
SCAF_750	11284	2540	0.23	0	5
SCAF_750_region	11284	2540	0.23	0	5
SCAF_751	11276	1206	0.11	0	3
SCAF_751_region	11276	1206	0.11	0	3
SCAF_752	11267	328	0.03	0	2
SCAF_752_region	11267	328	0.03	0	2
SCAF_753	11254	1331	0.12	0	2
SCAF_753_region	11254	1331	0.12	0	2
SCAF_754	11236	47796	4.25	0	44
SCAF_754_region	11236	47796	4.25	0	44
SCAF_755	11231	62	0.01	0	1
SCAF_755_region	11231	62	0.01	0	1
SCAF_756	11200	35984	3.21	0	17
SCAF_756_region	11200	35984	3.21	0	17
SCAF_757	11195	845	0.08	0	6
SCAF_757_region	11195	845	0.08	0	6
SCAF_758	11126	871	0.08	0	9
SCAF_758_region	11126	871	0.08	0	9
SCAF_759	11118	1258	0.11	0	2
SCAF_759_region	11118	1258	0.11	0	2
SCAF_760	11100	1139	0.10	0	7
SCAF_760_region	11100	1139	0.10	0	7
SCAF_761	11097	1099	0.10	0	2
SCAF_761_region	11097	1099	0.10	0	2
SCAF_762	11029	2023	0.18	0	9
SCAF_762_region	11029	2023	0.18	0	9
SCAF_763	11019	11842	1.07	0	8
SCAF_763_region	11019	11842	1.07	0	8
SCAF_764	10979	216056	19.68	0	163
SCAF_764_region	10979	216056	19.68	0	163
SCAF_766	10940	5378	0.49	0	10
SCAF_766_region	10940	5378	0.49	0	10
SCAF_767	10913	4847	0.44	0	10
SCAF_767_region	10913	4847	0.44	0	10
SCAF_768	10886	21499	1.97	0	16
SCAF_768_region	10886	21499	1.97	0	16
SCAF_769	10867	592	0.05	0	2
SCAF_769_region	10867	592	0.05	0	2
SCAF_770	10816	1238	0.11	0	8
SCAF_770_region	10816	1238	0.11	0	8
SCAF_771	10810	338	0.03	0	3
SCAF_771_region	10810	338	0.03	0	3
SCAF_772	10709	3597	0.34	0	4
SCAF_772_region	10709	3597	0.34	0	4
SCAF_773	10688	54132	5.06	0	74
SCAF_773_region	10688	54132	5.06	0	74
SCAF_774	10648	11222	1.05	0	12
SCAF_774_region	10648	11222	1.05	0	12
SCAF_775	10642	19	0.00	0	1
SCAF_775_region	10642	19	0.00	0	1
SCAF_776	10612	1826	0.17	0	2
SCAF_776_region	10612	1826	0.17	0	2
SCAF_777	10608	32325	3.05	0	14
SCAF_777_region	10608	32325	3.05	0	14
SCAF_778	10604	631	0.06	0	1
SCAF_778_region	10604	631	0.06	0	1
SCAF_779	10578	129	0.01	0	1
SCAF_779_region	10578	129	0.01	0	1
SCAF_781	10511	1313	0.12	0	2
SCAF_781_region	10511	1313	0.12	0	2
SCAF_782	10492	58	0.01	0	1
SCAF_782_region	10492	58	0.01	0	1
SCAF_783	10421	1801	0.17	0	4
SCAF_783_region	10421	1801	0.17	0	4
SCAF_784	10379	28824	2.78	0	15
SCAF_784_region	10379	28824	2.78	0	15
SCAF_785	10337	2251	0.22	0	4
SCAF_785_region	10337	2251	0.22	0	4
SCAF_786	10326	11246	1.09	0	11
SCAF_786_region	10326	11246	1.09	0	11
SCAF_787	10326	1240	0.12	0	3
SCAF_787_region	10326	1240	0.12	0	3
SCAF_788	10316	652	0.06	0	9
SCAF_788_region	10316	652	0.06	0	9
SCAF_789	10256	38	0.00	0	1
SCAF_789_region	10256	38	0.00	0	1
SCAF_790	10228	1662	0.16	0	2
SCAF_790_region	10228	1662	0.16	0	2
SCAF_791	10185	932	0.09	0	2
SCAF_791_region	10185	932	0.09	0	2
SCAF_792	10184	15260	1.50	0	10
SCAF_792_region	10184	15260	1.50	0	10
SCAF_793	10160	20244	1.99	0	10
SCAF_793_region	10160	20244	1.99	0	10
SCAF_794	10147	114	0.01	0	6
SCAF_794_region	10147	114	0.01	0	6
SCAF_795	10110	2231	0.22	0	4
SCAF_795_region	10110	2231	0.22	0	4
SCAF_797	10015	25560	2.55	0	115
SCAF_797_region	10015	25560	2.55	0	115
SCAF_798	10012	3328	0.33	0	5
SCAF_798_region	10012	3328	0.33	0	5
SCAF_799	9978	14423	1.45	0	8
SCAF_799_region	9978	14423	1.45	0	8
SCAF_800	9947	55968	5.63	0	391
SCAF_800_region	9947	55968	5.63	0	391
SCAF_801	9941	1902	0.19	0	5
SCAF_801_region	9941	1902	0.19	0	5
SCAF_802	9910	19	0.00	0	1
SCAF_802_region	9910	19	0.00	0	1
SCAF_803	9879	1008	0.10	0	2
SCAF_803_region	9879	1008	0.10	0	2
SCAF_804	9861	8132	0.82	0	12
SCAF_804_region	9861	8132	0.82	0	12
SCAF_805	9859	76	0.01	0	3
SCAF_805_region	9859	76	0.01	0	3
SCAF_806	9855	1107	0.11	0	2
SCAF_806_region	9855	1107	0.11	0	2
SCAF_807	9792	603	0.06	0	2
SCAF_807_region	9792	603	0.06	0	2
SCAF_808	9784	1509	0.15	0	3
SCAF_808_region	9784	1509	0.15	0	3
SCAF_809	9773	7398	0.76	0	13
SCAF_809_region	9773	7398	0.76	0	13
SCAF_810	9756	286	0.03	0	1
SCAF_810_region	9756	286	0.03	0	1
SCAF_811	9753	3372	0.35	0	5
SCAF_811_region	9753	3372	0.35	0	5
SCAF_812	9719	1596	0.16	0	3
SCAF_812_region	9719	1596	0.16	0	3
SCAF_813	9715	510	0.05	0	3
SCAF_813_region	9715	510	0.05	0	3
SCAF_814	9708	2615	0.27	0	7
SCAF_814_region	9708	2615	0.27	0	7
SCAF_815	9700	958	0.10	0	1
SCAF_815_region	9700	958	0.10	0	1
SCAF_816	9673	359	0.04	0	3
SCAF_816_region	9673	359	0.04	0	3
SCAF_817	9638	1774	0.18	0	2
SCAF_817_region	9638	1774	0.18	0	2
SCAF_818	9601	2573	0.27	0	2
SCAF_818_region	9601	2573	0.27	0	2
SCAF_819	9601	421	0.04	0	2
SCAF_819_region	9601	421	0.04	0	2
SCAF_820	9550	813216	85.15	0	236
SCAF_820_region	9550	813216	85.15	0	236
SCAF_821	9533	1924	0.20	0	8
SCAF_821_region	9533	1924	0.20	0	8
SCAF_822	9498	956	0.10	0	1
SCAF_822_region	9498	956	0.10	0	1
SCAF_823	9466	4686663	495.10	0	1858
SCAF_823_region	9466	4686663	495.10	0	1858
SCAF_824	9457	141	0.01	0	4
SCAF_824_region	9457	141	0.01	0	4
SCAF_825	9446	1239	0.13	0	5
SCAF_825_region	9446	1239	0.13	0	5
SCAF_826	9385	14473	1.54	0	10
SCAF_826_region	9385	14473	1.54	0	10
SCAF_827	9376	3690	0.39	0	6
SCAF_827_region	9376	3690	0.39	0	6
SCAF_828	9365	174	0.02	0	1
SCAF_828_region	9365	174	0.02	0	1
SCAF_829	9320	1119	0.12	0	4
SCAF_829_region	9320	1119	0.12	0	4
SCAF_830	9303	1393	0.15	0	5
SCAF_830_region	9303	1393	0.15	0	5
SCAF_831	9295	700	0.08	0	2
SCAF_831_region	9295	700	0.08	0	2
SCAF_832	9282	3242	0.35	0	9
SCAF_832_region	9282	3242	0.35	0	9
SCAF_833	9263	218	0.02	0	1
SCAF_833_region	9263	218	0.02	0	1
SCAF_834	9159	322068	35.16	0	1992
SCAF_834_region	9159	322068	35.16	0	1992
SCAF_835	9159	3438	0.38	0	5
SCAF_835_region	9159	3438	0.38	0	5
SCAF_836	9157	4168	0.46	0	8
SCAF_836_region	9157	4168	0.46	0	8
SCAF_837	9095	142	0.02	0	4
SCAF_837_region	9095	142	0.02	0	4
SCAF_838	9078	8362	0.92	0	15
SCAF_838_region	9078	8362	0.92	0	15
SCAF_839	9057	14725	1.63	0	7
SCAF_839_region	9057	14725	1.63	0	7
SCAF_840	9014	1116	0.12	0	3
SCAF_840_region	9014	1116	0.12	0	3
SCAF_841	8986	7708	0.86	0	10
SCAF_841_region	8986	7708	0.86	0	10
SCAF_842	8986	696	0.08	0	1
SCAF_842_region	8986	696	0.08	0	1
SCAF_844	8935	127144	14.23	0	335
SCAF_844_region	8935	127144	14.23	0	335
SCAF_845	8927	4316	0.48	0	7
SCAF_845_region	8927	4316	0.48	0	7
SCAF_846	8908	29187	3.28	0	65
SCAF_846_region	8908	29187	3.28	0	65
SCAF_847	8868	928	0.10	0	7
SCAF_847_region	8868	928	0.10	0	7
SCAF_848	8867	180	0.02	0	1
SCAF_848_region	8867	180	0.02	0	1
SCAF_849	8825	3199	0.36	0	4
SCAF_849_region	8825	3199	0.36	0	4
SCAF_850	8771	1562	0.18	0	4
SCAF_850_region	8771	1562	0.18	0	4
SCAF_851	8703	1610	0.18	0	16
SCAF_851_region	8703	1610	0.18	0	16
SCAF_852	8695	117	0.01	0	1
SCAF_852_region	8695	117	0.01	0	1
SCAF_853	8662	20	0.00	0	1
SCAF_853_region	8662	20	0.00	0	1
SCAF_854	8634	19	0.00	0	1
SCAF_854_region	8634	19	0.00	0	1
SCAF_855	8630	67	0.01	0	1
SCAF_855_region	8630	67	0.01	0	1
SCAF_856	8617	4528513	525.53	0	1684
SCAF_856_region	8617	4528513	525.53	0	1684
SCAF_857	8469	10145	1.20	0	12
SCAF_857_region	8469	10145	1.20	0	12
SCAF_858	8431	35	0.00	0	1
SCAF_858_region	8431	35	0.00	0	1
SCAF_859	8397	420	0.05	0	3
SCAF_859_region	8397	420	0.05	0	3
SCAF_860	8390	437	0.05	0	7
SCAF_860_region	8390	437	0.05	0	7
SCAF_862	8342	1254659	150.40	0	14237
SCAF_862_region	8342	1254659	150.40	0	14237
SCAF_863	8337	162	0.02	0	5
SCAF_863_region	8337	162	0.02	0	5
SCAF_864	8258	3677	0.45	0	8
SCAF_864_region	8258	3677	0.45	0	8
SCAF_865	8103	786	0.10	0	1
SCAF_865_region	8103	786	0.10	0	1
SCAF_866	8034	291	0.04	0	1
SCAF_866_region	8034	291	0.04	0	1
SCAF_867	8027	8590	1.07	0	19
SCAF_867_region	8027	8590	1.07	0	19
SCAF_868	8017	5803	0.72	0	11
SCAF_868_region	8017	5803	0.72	0	11
SCAF_869	8015	1959	0.24	0	12
SCAF_869_region	8015	1959	0.24	0	12
SCAF_870	8015	950	0.12	0	2
SCAF_870_region	8015	950	0.12	0	2
SCAF_872	7790	776	0.10	0	1
SCAF_872_region	7790	776	0.10	0	1
SCAF_873	7773	36	0.00	0	1
SCAF_873_region	7773	36	0.00	0	1
SCAF_874	7763	18794	2.42	0	10
SCAF_874_region	7763	18794	2.42	0	10
SCAF_875	7721	526	0.07	0	1
SCAF_875_region	7721	526	0.07	0	1
SCAF_876	7701	17967	2.33	0	9
SCAF_876_region	7701	17967	2.33	0	9
SCAF_878	7622	1025	0.13	0	2
SCAF_878_region	7622	1025	0.13	0	2
SCAF_879	7582	381	0.05	0	8
SCAF_879_region	7582	381	0.05	0	8
SCAF_880	7559	4281	0.57	0	13
SCAF_880_region	7559	4281	0.57	0	13
SCAF_881	7416	1828720	246.59	0	6628
SCAF_881_region	7416	1828720	246.59	0	6628
SCAF_882	7394	13414	1.81	0	8
SCAF_882_region	7394	13414	1.81	0	8
SCAF_883	7363	402	0.05	0	1
SCAF_883_region	7363	402	0.05	0	1
SCAF_884	7338	1265	0.17	0	2
SCAF_884_region	7338	1265	0.17	0	2
SCAF_885	7324	180	0.02	0	1
SCAF_885_region	7324	180	0.02	0	1
SCAF_887	7242	318	0.04	0	1
SCAF_887_region	7242	318	0.04	0	1
SCAF_888	7231	189	0.03	0	1
SCAF_888_region	7231	189	0.03	0	1
SCAF_890	7142	228	0.03	0	1
SCAF_890_region	7142	228	0.03	0	1
SCAF_891	7028	6687	0.95	0	10
SCAF_891_region	7028	6687	0.95	0	10
SCAF_892	7025	1103	0.16	0	3
SCAF_892_region	7025	1103	0.16	0	3
SCAF_893	7015	1951	0.28	0	7
SCAF_893_region	7015	1951	0.28	0	7
SCAF_894	6958	805	0.12	0	2
SCAF_894_region	6958	805	0.12	0	2
SCAF_895	6948	2052	0.30	0	3
SCAF_895_region	6948	2052	0.30	0	3
SCAF_896	6829	1307565	191.47	0	736
SCAF_896_region	6829	1307565	191.47	0	736
SCAF_897	6804	853	0.13	0	2
SCAF_897_region	6804	853	0.13	0	2
SCAF_898	6754	88012	13.03	0	996
SCAF_898_region	6754	88012	13.03	0	996
SCAF_899	6732	872	0.13	0	3
SCAF_899_region	6732	872	0.13	0	3
SCAF_900	6698	8520	1.27	0	9
SCAF_900_region	6698	8520	1.27	0	9
SCAF_901	6642	21	0.00	0	1
SCAF_901_region	6642	21	0.00	0	1
SCAF_902	6588	12281	1.86	0	9
SCAF_902_region	6588	12281	1.86	0	9
SCAF_903	6549	23415	3.58	0	15
SCAF_903_region	6549	23415	3.58	0	15
SCAF_904	6496	5559	0.86	0	15
SCAF_904_region	6496	5559	0.86	0	15
SCAF_907	6367	7200	1.13	0	21
SCAF_907_region	6367	7200	1.13	0	21
SCAF_908	6228	3063206	491.84	0	2806
SCAF_908_region	6228	3063206	491.84	0	2806
SCAF_909	6173	4236	0.69	0	9
SCAF_909_region	6173	4236	0.69	0	9
SCAF_910	6170	19	0.00	0	1
SCAF_910_region	6170	19	0.00	0	1
SCAF_911	6077	1009	0.17	0	5
SCAF_911_region	6077	1009	0.17	0	5
SCAF_912	6073	2244	0.37	0	10
SCAF_912_region	6073	2244	0.37	0	10
SCAF_913	6059	1300211	214.59	0	1041
SCAF_913_region	6059	1300211	214.59	0	1041
SCAF_914	6001	1319	0.22	0	3
SCAF_914_region	6001	1319	0.22	0	3
SCAF_915	5869	75578	12.88	0	168
SCAF_915_region	5869	75578	12.88	0	168
SCAF_916	5803	372	0.06	0	2
SCAF_916_region	5803	372	0.06	0	2
SCAF_917	5661	2206	0.39	0	4
SCAF_917_region	5661	2206	0.39	0	4
SCAF_918	5277	387	0.07	0	5
SCAF_918_region	5277	387	0.07	0	5
total	51358700	4716618838	91.84	0	666005
total_region	51358700	4716618838	91.84	0	666005
