chrom	length	bases	mean	min	max
SCAF_1	5574741	404307295	72.52	0	4374
SCAF_1_region	5574741	404307295	72.52	0	4374
SCAF_2	4079479	305022290	74.77	0	3553
SCAF_2_region	4079479	305022290	74.77	0	3553
SCAF_3	3666439	263444378	71.85	0	6164
SCAF_3_region	3666439	263444378	71.85	0	6164
SCAF_4	2601389	216541281	83.24	0	3345
SCAF_4_region	2601389	216541281	83.24	0	3345
SCAF_5	2032088	151763997	74.68	0	2545
SCAF_5_region	2032088	151763997	74.68	0	2545
SCAF_6	1976889	158352932	80.10	0	3020
SCAF_6_region	1976889	158352932	80.10	0	3020
SCAF_7	1932263	143518460	74.27	0	1316
SCAF_7_region	1932263	143518460	74.27	0	1316
SCAF_8	1669080	118782123	71.17	0	2334
SCAF_8_region	1669080	118782123	71.17	0	2334
SCAF_9	1646134	121421720	73.76	0	2032
SCAF_9_region	1646134	121421720	73.76	0	2032
SCAF_10	1570817	119999168	76.39	0	1904
SCAF_10_region	1570817	119999168	76.39	0	1904
SCAF_11	1437752	116743238	81.20	0	5905
SCAF_11_region	1437752	116743238	81.20	0	5905
SCAF_12	978195	82374144	84.21	0	238734
SCAF_12_region	978195	82374144	84.21	0	238734
SCAF_13	598471	27053252	45.20	0	5072
SCAF_13_region	598471	27053252	45.20	0	5072
SCAF_14	247525	75700219	305.83	0	4841
SCAF_14_region	247525	75700219	305.83	0	4841
SCAF_15	224905	165299	0.73	0	12
SCAF_15_region	224905	165299	0.73	0	12
SCAF_16	181804	608953	3.35	0	2807
SCAF_16_region	181804	608953	3.35	0	2807
SCAF_17	176395	145275	0.82	0	9
SCAF_17_region	176395	145275	0.82	0	9
SCAF_18	160122	42620	0.27	0	8
SCAF_18_region	160122	42620	0.27	0	8
SCAF_19	139354	16581	0.12	0	5
SCAF_19_region	139354	16581	0.12	0	5
SCAF_20	131876	97742	0.74	0	20
SCAF_20_region	131876	97742	0.74	0	20
SCAF_21	130124	156292	1.20	0	70
SCAF_21_region	130124	156292	1.20	0	70
SCAF_22	121580	118269	0.97	0	10
SCAF_22_region	121580	118269	0.97	0	10
SCAF_23	117381	83131	0.71	0	13
SCAF_23_region	117381	83131	0.71	0	13
SCAF_24	115879	63600	0.55	0	7
SCAF_24_region	115879	63600	0.55	0	7
SCAF_25	115495	97765	0.85	0	10
SCAF_25_region	115495	97765	0.85	0	10
SCAF_26	113072	81740	0.72	0	8
SCAF_26_region	113072	81740	0.72	0	8
SCAF_27	110609	3310797	29.93	0	4064
SCAF_27_region	110609	3310797	29.93	0	4064
SCAF_28	109542	33007	0.30	0	10
SCAF_28_region	109542	33007	0.30	0	10
SCAF_29	108319	5767732	53.25	0	1123
SCAF_29_region	108319	5767732	53.25	0	1123
SCAF_30	107902	1033154	9.57	0	2807
SCAF_30_region	107902	1033154	9.57	0	2807
SCAF_31	106626	1712840	16.06	0	2178
SCAF_31_region	106626	1712840	16.06	0	2178
SCAF_32	102192	6669278	65.26	0	5847
SCAF_32_region	102192	6669278	65.26	0	5847
SCAF_33	98221	101513	1.03	0	8
SCAF_33_region	98221	101513	1.03	0	8
SCAF_34	97882	107670	1.10	0	7
SCAF_34_region	97882	107670	1.10	0	7
SCAF_35	95705	13233	0.14	0	66
SCAF_35_region	95705	13233	0.14	0	66
SCAF_36	94431	56351	0.60	0	7
SCAF_36_region	94431	56351	0.60	0	7
SCAF_37	92851	22985	0.25	0	4
SCAF_37_region	92851	22985	0.25	0	4
SCAF_38	89142	113858	1.28	0	66
SCAF_38_region	89142	113858	1.28	0	66
SCAF_39	88257	44570	0.51	0	6
SCAF_39_region	88257	44570	0.51	0	6
SCAF_40	85354	111557	1.31	0	46
SCAF_40_region	85354	111557	1.31	0	46
SCAF_41	82239	70348	0.86	0	9
SCAF_41_region	82239	70348	0.86	0	9
SCAF_42	77162	76395	0.99	0	12
SCAF_42_region	77162	76395	0.99	0	12
SCAF_43	76714	78042	1.02	0	8
SCAF_43_region	76714	78042	1.02	0	8
SCAF_44	76272	4862572	63.75	0	4401
SCAF_44_region	76272	4862572	63.75	0	4401
SCAF_45	73110	18603	0.25	0	8
SCAF_45_region	73110	18603	0.25	0	8
SCAF_46	72118	93758	1.30	0	8
SCAF_46_region	72118	93758	1.30	0	8
SCAF_47	70166	71119	1.01	0	8
SCAF_47_region	70166	71119	1.01	0	8
SCAF_48	69627	81371	1.17	0	12
SCAF_48_region	69627	81371	1.17	0	12
SCAF_49	69624	402646	5.78	0	576
SCAF_49_region	69624	402646	5.78	0	576
SCAF_50	68258	63927	0.94	0	10
SCAF_50_region	68258	63927	0.94	0	10
SCAF_51	66966	15983	0.24	0	7
SCAF_51_region	66966	15983	0.24	0	7
SCAF_52	66855	22968	0.34	0	6
SCAF_52_region	66855	22968	0.34	0	6
SCAF_53	65552	15863	0.24	0	4
SCAF_53_region	65552	15863	0.24	0	4
SCAF_54	65267	16426	0.25	0	6
SCAF_54_region	65267	16426	0.25	0	6
SCAF_55	65114	44278	0.68	0	6
SCAF_55_region	65114	44278	0.68	0	6
SCAF_56	62812	3738	0.06	0	4
SCAF_56_region	62812	3738	0.06	0	4
SCAF_57	62187	8146	0.13	0	6
SCAF_57_region	62187	8146	0.13	0	6
SCAF_58	61544	35282	0.57	0	56
SCAF_58_region	61544	35282	0.57	0	56
SCAF_59	61533	14282	0.23	0	5
SCAF_59_region	61533	14282	0.23	0	5
SCAF_60	61411	2472431	40.26	0	3691
SCAF_60_region	61411	2472431	40.26	0	3691
SCAF_61	61115	80782	1.32	0	9
SCAF_61_region	61115	80782	1.32	0	9
SCAF_62	59972	208116	3.47	0	135
SCAF_62_region	59972	208116	3.47	0	135
SCAF_63	59743	31767	0.53	0	56
SCAF_63_region	59743	31767	0.53	0	56
SCAF_64	58841	1871263	31.80	0	1918
SCAF_64_region	58841	1871263	31.80	0	1918
SCAF_65	58838	20205	0.34	0	9
SCAF_65_region	58838	20205	0.34	0	9
SCAF_66	58483	114673	1.96	0	143
SCAF_66_region	58483	114673	1.96	0	143
SCAF_67	57162	11966	0.21	0	6
SCAF_67_region	57162	11966	0.21	0	6
SCAF_68	56404	452586	8.02	0	149
SCAF_68_region	56404	452586	8.02	0	149
SCAF_69	55942	4393	0.08	0	4
SCAF_69_region	55942	4393	0.08	0	4
SCAF_70	55722	72359	1.30	0	8
SCAF_70_region	55722	72359	1.30	0	8
SCAF_71	55604	62783	1.13	0	8
SCAF_71_region	55604	62783	1.13	0	8
SCAF_72	54709	6832	0.12	0	3
SCAF_72_region	54709	6832	0.12	0	3
SCAF_73	52157	4796	0.09	0	4
SCAF_73_region	52157	4796	0.09	0	4
SCAF_74	52077	48934	0.94	0	5
SCAF_74_region	52077	48934	0.94	0	5
SCAF_75	51185	11698	0.23	0	4
SCAF_75_region	51185	11698	0.23	0	4
SCAF_76	50428	1332711	26.43	0	1042
SCAF_76_region	50428	1332711	26.43	0	1042
SCAF_77	50384	1291	0.03	0	2
SCAF_77_region	50384	1291	0.03	0	2
SCAF_78	49366	64171	1.30	0	10
SCAF_78_region	49366	64171	1.30	0	10
SCAF_79	49160	7639	0.16	0	8
SCAF_79_region	49160	7639	0.16	0	8
SCAF_80	48966	54596	1.11	0	8
SCAF_80_region	48966	54596	1.11	0	8
SCAF_81	48848	4137	0.08	0	4
SCAF_81_region	48848	4137	0.08	0	4
SCAF_82	48542	19674	0.41	0	7
SCAF_82_region	48542	19674	0.41	0	7
SCAF_83	48542	9664	0.20	0	4
SCAF_83_region	48542	9664	0.20	0	4
SCAF_84	47775	7350	0.15	0	7
SCAF_84_region	47775	7350	0.15	0	7
SCAF_85	47318	76927	1.63	0	9
SCAF_85_region	47318	76927	1.63	0	9
SCAF_86	46994	54107	1.15	0	8
SCAF_86_region	46994	54107	1.15	0	8
SCAF_87	46805	44475	0.95	0	8
SCAF_87_region	46805	44475	0.95	0	8
SCAF_88	46738	8253	0.18	0	4
SCAF_88_region	46738	8253	0.18	0	4
SCAF_89	46547	38833	0.83	0	6
SCAF_89_region	46547	38833	0.83	0	6
SCAF_90	46221	4521	0.10	0	5
SCAF_90_region	46221	4521	0.10	0	5
SCAF_91	44916	55907	1.24	0	6
SCAF_91_region	44916	55907	1.24	0	6
SCAF_92	44616	7066044	158.37	0	2567
SCAF_92_region	44616	7066044	158.37	0	2567
SCAF_93	44136	2019	0.05	0	4
SCAF_93_region	44136	2019	0.05	0	4
SCAF_94	43913	2456	0.06	0	4
SCAF_94_region	43913	2456	0.06	0	4
SCAF_95	43808	5544	0.13	0	3
SCAF_95_region	43808	5544	0.13	0	3
SCAF_96	43342	3499	0.08	0	3
SCAF_96_region	43342	3499	0.08	0	3
SCAF_97	43038	6266983	145.62	0	2580
SCAF_97_region	43038	6266983	145.62	0	2580
SCAF_98	42896	2760	0.06	0	3
SCAF_98_region	42896	2760	0.06	0	3
SCAF_99	42178	24760	0.59	0	6
SCAF_99_region	42178	24760	0.59	0	6
SCAF_100	41993	1245	0.03	0	4
SCAF_100_region	41993	1245	0.03	0	4
SCAF_101	41585	42289	1.02	0	6
SCAF_101_region	41585	42289	1.02	0	6
SCAF_102	41267	4598292	111.43	0	276
SCAF_102_region	41267	4598292	111.43	0	276
SCAF_103	41164	2913	0.07	0	2
SCAF_103_region	41164	2913	0.07	0	2
SCAF_104	40984	4112	0.10	0	2
SCAF_104_region	40984	4112	0.10	0	2
SCAF_105	40971	9047	0.22	0	4
SCAF_105_region	40971	9047	0.22	0	4
SCAF_106	40689	36647	0.90	0	8
SCAF_106_region	40689	36647	0.90	0	8
SCAF_107	40038	6629	0.17	0	5
SCAF_107_region	40038	6629	0.17	0	5
SCAF_108	39998	3305	0.08	0	6
SCAF_108_region	39998	3305	0.08	0	6
SCAF_109	39904	2674	0.07	0	5
SCAF_109_region	39904	2674	0.07	0	5
SCAF_110	39605	6763	0.17	0	4
SCAF_110_region	39605	6763	0.17	0	4
SCAF_111	39279	7512	0.19	0	21
SCAF_111_region	39279	7512	0.19	0	21
SCAF_112	39164	4530741	115.69	0	290
SCAF_112_region	39164	4530741	115.69	0	290
SCAF_113	39049	7799	0.20	0	3
SCAF_113_region	39049	7799	0.20	0	3
SCAF_114	38983	5096	0.13	0	5
SCAF_114_region	38983	5096	0.13	0	5
SCAF_115	38824	538698	13.88	0	650
SCAF_115_region	38824	538698	13.88	0	650
SCAF_116	37823	1676	0.04	0	6
SCAF_116_region	37823	1676	0.04	0	6
SCAF_117	37728	5453284	144.54	0	2338
SCAF_117_region	37728	5453284	144.54	0	2338
SCAF_118	37705	31903	0.85	0	5
SCAF_118_region	37705	31903	0.85	0	5
SCAF_119	37514	32177	0.86	0	8
SCAF_119_region	37514	32177	0.86	0	8
SCAF_120	37456	6224110	166.17	0	604
SCAF_120_region	37456	6224110	166.17	0	604
SCAF_121	37441	6299261	168.24	0	802
SCAF_121_region	37441	6299261	168.24	0	802
SCAF_122	37347	167444	4.48	0	404
SCAF_122_region	37347	167444	4.48	0	404
SCAF_123	37222	12896	0.35	0	6
SCAF_123_region	37222	12896	0.35	0	6
SCAF_124	36961	246109	6.66	0	389
SCAF_124_region	36961	246109	6.66	0	389
SCAF_125	36710	1624	0.04	0	2
SCAF_125_region	36710	1624	0.04	0	2
SCAF_126	36614	1939	0.05	0	3
SCAF_126_region	36614	1939	0.05	0	3
SCAF_127	36584	25464	0.70	0	7
SCAF_127_region	36584	25464	0.70	0	7
SCAF_128	36068	50698	1.41	0	7
SCAF_128_region	36068	50698	1.41	0	7
SCAF_129	35972	42734	1.19	0	8
SCAF_129_region	35972	42734	1.19	0	8
SCAF_130	35925	34949	0.97	0	7
SCAF_130_region	35925	34949	0.97	0	7
SCAF_131	35704	136	0.00	0	3
SCAF_131_region	35704	136	0.00	0	3
SCAF_132	35264	23767	0.67	0	5
SCAF_132_region	35264	23767	0.67	0	5
SCAF_133	35121	7984985	227.36	0	2972
SCAF_133_region	35121	7984985	227.36	0	2972
SCAF_134	35117	20417	0.58	0	4
SCAF_134_region	35117	20417	0.58	0	4
SCAF_135	34903	5326	0.15	0	3
SCAF_135_region	34903	5326	0.15	0	3
SCAF_136	34900	4815305	137.97	0	585
SCAF_136_region	34900	4815305	137.97	0	585
SCAF_137	34765	1501	0.04	0	1
SCAF_137_region	34765	1501	0.04	0	1
SCAF_138	34687	37795	1.09	0	32
SCAF_138_region	34687	37795	1.09	0	32
SCAF_139	34615	30051	0.87	0	8
SCAF_139_region	34615	30051	0.87	0	8
SCAF_140	34599	4703504	135.94	0	788
SCAF_140_region	34599	4703504	135.94	0	788
SCAF_141	34497	814924	23.62	0	1239
SCAF_141_region	34497	814924	23.62	0	1239
SCAF_142	34440	3817429	110.84	0	767
SCAF_142_region	34440	3817429	110.84	0	767
SCAF_143	34384	7371	0.21	0	4
SCAF_143_region	34384	7371	0.21	0	4
SCAF_144	34330	3780	0.11	0	4
SCAF_144_region	34330	3780	0.11	0	4
SCAF_145	34087	5292	0.16	0	3
SCAF_145_region	34087	5292	0.16	0	3
SCAF_146	33692	37742	1.12	0	6
SCAF_146_region	33692	37742	1.12	0	6
SCAF_147	33483	5416889	161.78	0	776
SCAF_147_region	33483	5416889	161.78	0	776
SCAF_148	33469	3237	0.10	0	5
SCAF_148_region	33469	3237	0.10	0	5
SCAF_149	33420	6511735	194.85	0	4281
SCAF_149_region	33420	6511735	194.85	0	4281
SCAF_150	33347	1099	0.03	0	5
SCAF_150_region	33347	1099	0.03	0	5
SCAF_151	33283	13807	0.41	0	5
SCAF_151_region	33283	13807	0.41	0	5
SCAF_152	33266	6713	0.20	0	4
SCAF_152_region	33266	6713	0.20	0	4
SCAF_153	33237	2300	0.07	0	3
SCAF_153_region	33237	2300	0.07	0	3
SCAF_154	33139	915	0.03	0	3
SCAF_154_region	33139	915	0.03	0	3
SCAF_155	33127	6859539	207.07	0	1075
SCAF_155_region	33127	6859539	207.07	0	1075
SCAF_156	32748	33425	1.02	0	110
SCAF_156_region	32748	33425	1.02	0	110
SCAF_157	32666	272582	8.34	0	168
SCAF_157_region	32666	272582	8.34	0	168
SCAF_158	32618	982	0.03	0	2
SCAF_158_region	32618	982	0.03	0	2
SCAF_159	32358	190	0.01	0	1
SCAF_159_region	32358	190	0.01	0	1
SCAF_160	32136	2809	0.09	0	3
SCAF_160_region	32136	2809	0.09	0	3
SCAF_161	32035	3914	0.12	0	7
SCAF_161_region	32035	3914	0.12	0	7
SCAF_162	31954	4157	0.13	0	3
SCAF_162_region	31954	4157	0.13	0	3
SCAF_163	31782	5203	0.16	0	6
SCAF_163_region	31782	5203	0.16	0	6
SCAF_164	31669	8519	0.27	0	37
SCAF_164_region	31669	8519	0.27	0	37
SCAF_165	31629	50107	1.58	0	8
SCAF_165_region	31629	50107	1.58	0	8
SCAF_166	31581	331	0.01	0	1
SCAF_166_region	31581	331	0.01	0	1
SCAF_167	31556	5955	0.19	0	5
SCAF_167_region	31556	5955	0.19	0	5
SCAF_168	31421	3270	0.10	0	2
SCAF_168_region	31421	3270	0.10	0	2
SCAF_169	31314	7158	0.23	0	5
SCAF_169_region	31314	7158	0.23	0	5
SCAF_170	31127	641	0.02	0	2
SCAF_170_region	31127	641	0.02	0	2
SCAF_171	31061	5759948	185.44	0	2258
SCAF_171_region	31061	5759948	185.44	0	2258
SCAF_172	31059	115	0.00	0	1
SCAF_172_region	31059	115	0.00	0	1
SCAF_173	30866	4060	0.13	0	7
SCAF_173_region	30866	4060	0.13	0	7
SCAF_174	30739	4919304	160.03	0	2186
SCAF_174_region	30739	4919304	160.03	0	2186
SCAF_175	30330	2036	0.07	0	4
SCAF_175_region	30330	2036	0.07	0	4
SCAF_176	30301	95696	3.16	0	152
SCAF_176_region	30301	95696	3.16	0	152
SCAF_177	30226	3393	0.11	0	4
SCAF_177_region	30226	3393	0.11	0	4
SCAF_178	30187	3290	0.11	0	5
SCAF_178_region	30187	3290	0.11	0	5
SCAF_179	30183	3071	0.10	0	2
SCAF_179_region	30183	3071	0.10	0	2
SCAF_180	30131	3850	0.13	0	31
SCAF_180_region	30131	3850	0.13	0	31
SCAF_181	30071	2314	0.08	0	6
SCAF_181_region	30071	2314	0.08	0	6
SCAF_182	30032	20568	0.68	0	8
SCAF_182_region	30032	20568	0.68	0	8
SCAF_183	30005	496	0.02	0	2
SCAF_183_region	30005	496	0.02	0	2
SCAF_184	29541	384493	13.02	0	481
SCAF_184_region	29541	384493	13.02	0	481
SCAF_185	29415	14348	0.49	0	6
SCAF_185_region	29415	14348	0.49	0	6
SCAF_186	29375	1126	0.04	0	3
SCAF_186_region	29375	1126	0.04	0	3
SCAF_187	29360	1025	0.03	0	4
SCAF_187_region	29360	1025	0.03	0	4
SCAF_188	29327	33968	1.16	0	8
SCAF_188_region	29327	33968	1.16	0	8
SCAF_189	29236	2929	0.10	0	5
SCAF_189_region	29236	2929	0.10	0	5
SCAF_190	29216	31186	1.07	0	122
SCAF_190_region	29216	31186	1.07	0	122
SCAF_191	29200	732	0.03	0	3
SCAF_191_region	29200	732	0.03	0	3
SCAF_192	29083	2832429	97.39	0	260
SCAF_192_region	29083	2832429	97.39	0	260
SCAF_193	29081	2436	0.08	0	4
SCAF_193_region	29081	2436	0.08	0	4
SCAF_194	28863	1411500	48.90	0	276
SCAF_194_region	28863	1411500	48.90	0	276
SCAF_195	28688	2980	0.10	0	3
SCAF_195_region	28688	2980	0.10	0	3
SCAF_196	28688	32313	1.13	0	64
SCAF_196_region	28688	32313	1.13	0	64
SCAF_197	28670	1793	0.06	0	9
SCAF_197_region	28670	1793	0.06	0	9
SCAF_198	28585	23066	0.81	0	8
SCAF_198_region	28585	23066	0.81	0	8
SCAF_199	28585	257525	9.01	0	308
SCAF_199_region	28585	257525	9.01	0	308
SCAF_200	28563	2017	0.07	0	2
SCAF_200_region	28563	2017	0.07	0	2
SCAF_201	28551	1227	0.04	0	2
SCAF_201_region	28551	1227	0.04	0	2
SCAF_202	28219	2194	0.08	0	2
SCAF_202_region	28219	2194	0.08	0	2
SCAF_203	28217	2106	0.07	0	3
SCAF_203_region	28217	2106	0.07	0	3
SCAF_204	28187	35898	1.27	0	316
SCAF_204_region	28187	35898	1.27	0	316
SCAF_205	28138	4301	0.15	0	2
SCAF_205_region	28138	4301	0.15	0	2
SCAF_206	28111	804	0.03	0	3
SCAF_206_region	28111	804	0.03	0	3
SCAF_207	27959	29065	1.04	0	6
SCAF_207_region	27959	29065	1.04	0	6
SCAF_208	27935	3300594	118.15	0	1943
SCAF_208_region	27935	3300594	118.15	0	1943
SCAF_209	27830	1925	0.07	0	2
SCAF_209_region	27830	1925	0.07	0	2
SCAF_210	27781	6243	0.22	0	3
SCAF_210_region	27781	6243	0.22	0	3
SCAF_211	27774	40205	1.45	0	10
SCAF_211_region	27774	40205	1.45	0	10
SCAF_212	27772	6701	0.24	0	5
SCAF_212_region	27772	6701	0.24	0	5
SCAF_213	27728	3819	0.14	0	8
SCAF_213_region	27728	3819	0.14	0	8
SCAF_214	27690	3026	0.11	0	3
SCAF_214_region	27690	3026	0.11	0	3
SCAF_215	27659	5810248	210.07	0	2490
SCAF_215_region	27659	5810248	210.07	0	2490
SCAF_216	27637	2553	0.09	0	3
SCAF_216_region	27637	2553	0.09	0	3
SCAF_217	27634	159	0.01	0	3
SCAF_217_region	27634	159	0.01	0	3
SCAF_218	27594	29095	1.05	0	8
SCAF_218_region	27594	29095	1.05	0	8
SCAF_219	27563	107	0.00	0	1
SCAF_219_region	27563	107	0.00	0	1
SCAF_220	27545	33103	1.20	0	11
SCAF_220_region	27545	33103	1.20	0	11
SCAF_221	27530	3202	0.12	0	3
SCAF_221_region	27530	3202	0.12	0	3
SCAF_222	27515	580	0.02	0	2
SCAF_222_region	27515	580	0.02	0	2
SCAF_223	27476	3286	0.12	0	3
SCAF_223_region	27476	3286	0.12	0	3
SCAF_224	27450	645	0.02	0	1
SCAF_224_region	27450	645	0.02	0	1
SCAF_225	27344	1243	0.05	0	2
SCAF_225_region	27344	1243	0.05	0	2
SCAF_226	27270	307785	11.29	0	375
SCAF_226_region	27270	307785	11.29	0	375
SCAF_227	27232	3310	0.12	0	4
SCAF_227_region	27232	3310	0.12	0	4
SCAF_228	27189	54339	2.00	0	46
SCAF_228_region	27189	54339	2.00	0	46
SCAF_229	27037	6676	0.25	0	40
SCAF_229_region	27037	6676	0.25	0	40
SCAF_230	26948	2521	0.09	0	2
SCAF_230_region	26948	2521	0.09	0	2
SCAF_231	26899	1999	0.07	0	1
SCAF_231_region	26899	1999	0.07	0	1
SCAF_232	26856	1115	0.04	0	2
SCAF_232_region	26856	1115	0.04	0	2
SCAF_233	26767	2942	0.11	0	6
SCAF_233_region	26767	2942	0.11	0	6
SCAF_234	26700	2884043	108.02	0	564
SCAF_234_region	26700	2884043	108.02	0	564
SCAF_235	26660	6211897	233.00	0	1114
SCAF_235_region	26660	6211897	233.00	0	1114
SCAF_236	26499	9750	0.37	0	5
SCAF_236_region	26499	9750	0.37	0	5
SCAF_237	26482	10383	0.39	0	4
SCAF_237_region	26482	10383	0.39	0	4
SCAF_238	26369	2021	0.08	0	3
SCAF_238_region	26369	2021	0.08	0	3
SCAF_239	26171	2019	0.08	0	3
SCAF_239_region	26171	2019	0.08	0	3
SCAF_240	26148	2041	0.08	0	3
SCAF_240_region	26148	2041	0.08	0	3
SCAF_241	26131	14445	0.55	0	5
SCAF_241_region	26131	14445	0.55	0	5
SCAF_242	26114	4561	0.17	0	4
SCAF_242_region	26114	4561	0.17	0	4
SCAF_243	26085	880	0.03	0	1
SCAF_243_region	26085	880	0.03	0	1
SCAF_244	26060	1733	0.07	0	3
SCAF_244_region	26060	1733	0.07	0	3
SCAF_245	25968	645	0.02	0	2
SCAF_245_region	25968	645	0.02	0	2
SCAF_246	25946	2507829	96.66	0	581
SCAF_246_region	25946	2507829	96.66	0	581
SCAF_247	25940	39217	1.51	0	9
SCAF_247_region	25940	39217	1.51	0	9
SCAF_248	25895	1767	0.07	0	4
SCAF_248_region	25895	1767	0.07	0	4
SCAF_249	25885	3706	0.14	0	3
SCAF_249_region	25885	3706	0.14	0	3
SCAF_250	25884	19345	0.75	0	5
SCAF_250_region	25884	19345	0.75	0	5
SCAF_251	25874	1418	0.05	0	3
SCAF_251_region	25874	1418	0.05	0	3
SCAF_252	25864	165	0.01	0	2
SCAF_252_region	25864	165	0.01	0	2
SCAF_253	25825	818	0.03	0	2
SCAF_253_region	25825	818	0.03	0	2
SCAF_254	25798	27863	1.08	0	92
SCAF_254_region	25798	27863	1.08	0	92
SCAF_255	25728	745	0.03	0	1
SCAF_255_region	25728	745	0.03	0	1
SCAF_256	25725	3210	0.12	0	6
SCAF_256_region	25725	3210	0.12	0	6
SCAF_257	25720	15111	0.59	0	5
SCAF_257_region	25720	15111	0.59	0	5
SCAF_258	25700	9455	0.37	0	28
SCAF_258_region	25700	9455	0.37	0	28
SCAF_259	25645	3306	0.13	0	4
SCAF_259_region	25645	3306	0.13	0	4
SCAF_260	25595	9960	0.39	0	5
SCAF_260_region	25595	9960	0.39	0	5
SCAF_261	25593	1874	0.07	0	2
SCAF_261_region	25593	1874	0.07	0	2
SCAF_262	25592	2314	0.09	0	3
SCAF_262_region	25592	2314	0.09	0	3
SCAF_263	25481	1217	0.05	0	1
SCAF_263_region	25481	1217	0.05	0	1
SCAF_264	25444	29513	1.16	0	8
SCAF_264_region	25444	29513	1.16	0	8
SCAF_265	25436	3769	0.15	0	4
SCAF_265_region	25436	3769	0.15	0	4
SCAF_266	25377	2131	0.08	0	3
SCAF_266_region	25377	2131	0.08	0	3
SCAF_267	25340	28818	1.14	0	7
SCAF_267_region	25340	28818	1.14	0	7
SCAF_268	25329	3348	0.13	0	4
SCAF_268_region	25329	3348	0.13	0	4
SCAF_269	25264	2004	0.08	0	5
SCAF_269_region	25264	2004	0.08	0	5
SCAF_270	25225	4730	0.19	0	8
SCAF_270_region	25225	4730	0.19	0	8
SCAF_271	25206	8763	0.35	0	7
SCAF_271_region	25206	8763	0.35	0	7
SCAF_272	25161	1866	0.07	0	3
SCAF_272_region	25161	1866	0.07	0	3
SCAF_273	25090	4554	0.18	0	5
SCAF_273_region	25090	4554	0.18	0	5
SCAF_274	24834	3065	0.12	0	2
SCAF_274_region	24834	3065	0.12	0	2
SCAF_275	24832	982110	39.55	0	538
SCAF_275_region	24832	982110	39.55	0	538
SCAF_276	24811	5647	0.23	0	5
SCAF_276_region	24811	5647	0.23	0	5
SCAF_277	24713	2698	0.11	0	5
SCAF_277_region	24713	2698	0.11	0	5
SCAF_278	24673	3687	0.15	0	5
SCAF_278_region	24673	3687	0.15	0	5
SCAF_279	24542	1980	0.08	0	2
SCAF_279_region	24542	1980	0.08	0	2
SCAF_280	24528	2583	0.11	0	3
SCAF_280_region	24528	2583	0.11	0	3
SCAF_281	24435	74	0.00	0	1
SCAF_281_region	24435	74	0.00	0	1
SCAF_282	24359	468	0.02	0	3
SCAF_282_region	24359	468	0.02	0	3
SCAF_283	24173	14780	0.61	0	4
SCAF_283_region	24173	14780	0.61	0	4
SCAF_284	24152	1862374	77.11	0	391
SCAF_284_region	24152	1862374	77.11	0	391
SCAF_285	24110	40	0.00	0	1
SCAF_285_region	24110	40	0.00	0	1
SCAF_286	24066	806010	33.49	0	2683
SCAF_286_region	24066	806010	33.49	0	2683
SCAF_287	23981	1031	0.04	0	4
SCAF_287_region	23981	1031	0.04	0	4
SCAF_288	23980	1346	0.06	0	1
SCAF_288_region	23980	1346	0.06	0	1
SCAF_289	23950	3234	0.14	0	3
SCAF_289_region	23950	3234	0.14	0	3
SCAF_290	23945	2615	0.11	0	3
SCAF_290_region	23945	2615	0.11	0	3
SCAF_291	23886	1189	0.05	0	2
SCAF_291_region	23886	1189	0.05	0	2
SCAF_292	23860	5435	0.23	0	7
SCAF_292_region	23860	5435	0.23	0	7
SCAF_293	23814	2833	0.12	0	4
SCAF_293_region	23814	2833	0.12	0	4
SCAF_294	23796	3815	0.16	0	4
SCAF_294_region	23796	3815	0.16	0	4
SCAF_295	23767	3016	0.13	0	3
SCAF_295_region	23767	3016	0.13	0	3
SCAF_296	23762	457668	19.26	0	5506
SCAF_296_region	23762	457668	19.26	0	5506
SCAF_297	23695	5709	0.24	0	4
SCAF_297_region	23695	5709	0.24	0	4
SCAF_298	23666	158	0.01	0	2
SCAF_298_region	23666	158	0.01	0	2
SCAF_299	23648	220292	9.32	0	776
SCAF_299_region	23648	220292	9.32	0	776
SCAF_300	23643	4749264	200.87	0	1502
SCAF_300_region	23643	4749264	200.87	0	1502
SCAF_301	23638	291	0.01	0	1
SCAF_301_region	23638	291	0.01	0	1
SCAF_302	23633	4427	0.19	0	3
SCAF_302_region	23633	4427	0.19	0	3
SCAF_303	23629	2292	0.10	0	3
SCAF_303_region	23629	2292	0.10	0	3
SCAF_304	23571	6830	0.29	0	8
SCAF_304_region	23571	6830	0.29	0	8
SCAF_305	23555	15781	0.67	0	5
SCAF_305_region	23555	15781	0.67	0	5
SCAF_306	23322	2193	0.09	0	3
SCAF_306_region	23322	2193	0.09	0	3
SCAF_307	23295	3116	0.13	0	2
SCAF_307_region	23295	3116	0.13	0	2
SCAF_308	23075	2498630	108.28	0	1991
SCAF_308_region	23075	2498630	108.28	0	1991
SCAF_309	23057	2324	0.10	0	3
SCAF_309_region	23057	2324	0.10	0	3
SCAF_310	23011	4026	0.17	0	3
SCAF_310_region	23011	4026	0.17	0	3
SCAF_311	22999	20	0.00	0	1
SCAF_311_region	22999	20	0.00	0	1
SCAF_312	22896	2479	0.11	0	2
SCAF_312_region	22896	2479	0.11	0	2
SCAF_313	22877	1844	0.08	0	4
SCAF_313_region	22877	1844	0.08	0	4
SCAF_314	22871	4399250	192.35	0	932
SCAF_314_region	22871	4399250	192.35	0	932
SCAF_315	22844	17250	0.76	0	91
SCAF_315_region	22844	17250	0.76	0	91
SCAF_316	22844	766	0.03	0	2
SCAF_316_region	22844	766	0.03	0	2
SCAF_317	22833	2951	0.13	0	3
SCAF_317_region	22833	2951	0.13	0	3
SCAF_318	22713	4874	0.21	0	4
SCAF_318_region	22713	4874	0.21	0	4
SCAF_319	22685	1181	0.05	0	3
SCAF_319_region	22685	1181	0.05	0	3
SCAF_320	22653	920	0.04	0	2
SCAF_320_region	22653	920	0.04	0	2
SCAF_321	22554	1884	0.08	0	5
SCAF_321_region	22554	1884	0.08	0	5
SCAF_322	22539	1664	0.07	0	2
SCAF_322_region	22539	1664	0.07	0	2
SCAF_323	22525	1552	0.07	0	2
SCAF_323_region	22525	1552	0.07	0	2
SCAF_324	22489	18228	0.81	0	6
SCAF_324_region	22489	18228	0.81	0	6
SCAF_325	22468	3270	0.15	0	2
SCAF_325_region	22468	3270	0.15	0	2
SCAF_326	22392	4682850	209.13	0	3418
SCAF_326_region	22392	4682850	209.13	0	3418
SCAF_327	22337	1114	0.05	0	3
SCAF_327_region	22337	1114	0.05	0	3
SCAF_328	22280	3716071	166.79	0	713
SCAF_328_region	22280	3716071	166.79	0	713
SCAF_329	22245	1991	0.09	0	3
SCAF_329_region	22245	1991	0.09	0	3
SCAF_330	22040	2075	0.09	0	5
SCAF_330_region	22040	2075	0.09	0	5
SCAF_331	22029	57	0.00	0	1
SCAF_331_region	22029	57	0.00	0	1
SCAF_332	21923	1270	0.06	0	2
SCAF_332_region	21923	1270	0.06	0	2
SCAF_333	21867	1063	0.05	0	2
SCAF_333_region	21867	1063	0.05	0	2
SCAF_334	21813	1669	0.08	0	5
SCAF_334_region	21813	1669	0.08	0	5
SCAF_335	21800	14673	0.67	0	8
SCAF_335_region	21800	14673	0.67	0	8
SCAF_336	21691	1378	0.06	0	2
SCAF_336_region	21691	1378	0.06	0	2
SCAF_337	21675	1700	0.08	0	2
SCAF_337_region	21675	1700	0.08	0	2
SCAF_338	21621	7358	0.34	0	6
SCAF_338_region	21621	7358	0.34	0	6
SCAF_339	21529	8886	0.41	0	14
SCAF_339_region	21529	8886	0.41	0	14
SCAF_340	21472	3012	0.14	0	4
SCAF_340_region	21472	3012	0.14	0	4
SCAF_341	21449	114	0.01	0	1
SCAF_341_region	21449	114	0.01	0	1
SCAF_342	21444	323776	15.10	0	1232
SCAF_342_region	21444	323776	15.10	0	1232
SCAF_343	21365	1653	0.08	0	3
SCAF_343_region	21365	1653	0.08	0	3
SCAF_344	21355	11670	0.55	0	5
SCAF_344_region	21355	11670	0.55	0	5
SCAF_345	21334	2256	0.11	0	4
SCAF_345_region	21334	2256	0.11	0	4
SCAF_346	21294	2435639	114.38	0	554
SCAF_346_region	21294	2435639	114.38	0	554
SCAF_347	21288	290	0.01	0	4
SCAF_347_region	21288	290	0.01	0	4
SCAF_348	21209	1353	0.06	0	2
SCAF_348_region	21209	1353	0.06	0	2
SCAF_349	21199	56	0.00	0	1
SCAF_349_region	21199	56	0.00	0	1
SCAF_350	21189	5125	0.24	0	22
SCAF_350_region	21189	5125	0.24	0	22
SCAF_351	21106	16341	0.77	0	5
SCAF_351_region	21106	16341	0.77	0	5
SCAF_352	21098	3768	0.18	0	4
SCAF_352_region	21098	3768	0.18	0	4
SCAF_353	21078	192	0.01	0	2
SCAF_353_region	21078	192	0.01	0	2
SCAF_354	20991	1808	0.09	0	4
SCAF_354_region	20991	1808	0.09	0	4
SCAF_355	20981	336	0.02	0	2
SCAF_355_region	20981	336	0.02	0	2
SCAF_356	20980	1049	0.05	0	3
SCAF_356_region	20980	1049	0.05	0	3
SCAF_357	20976	1385	0.07	0	5
SCAF_357_region	20976	1385	0.07	0	5
SCAF_358	20871	32	0.00	0	1
SCAF_358_region	20871	32	0.00	0	1
SCAF_359	20831	484	0.02	0	1
SCAF_359_region	20831	484	0.02	0	1
SCAF_360	20777	2625	0.13	0	14
SCAF_360_region	20777	2625	0.13	0	14
SCAF_361	20737	3337	0.16	0	7
SCAF_361_region	20737	3337	0.16	0	7
SCAF_362	20702	24098	1.16	0	8
SCAF_362_region	20702	24098	1.16	0	8
SCAF_364	20574	9740	0.47	0	6
SCAF_364_region	20574	9740	0.47	0	6
SCAF_365	20553	332	0.02	0	2
SCAF_365_region	20553	332	0.02	0	2
SCAF_366	20522	245	0.01	0	1
SCAF_366_region	20522	245	0.01	0	1
SCAF_367	20517	818	0.04	0	2
SCAF_367_region	20517	818	0.04	0	2
SCAF_368	20452	10398	0.51	0	5
SCAF_368_region	20452	10398	0.51	0	5
SCAF_369	20438	17262	0.84	0	7
SCAF_369_region	20438	17262	0.84	0	7
SCAF_370	20350	6901	0.34	0	11
SCAF_370_region	20350	6901	0.34	0	11
SCAF_371	20349	11295	0.56	0	53
SCAF_371_region	20349	11295	0.56	0	53
SCAF_372	20285	1356	0.07	0	2
SCAF_372_region	20285	1356	0.07	0	2
SCAF_373	20282	252130	12.43	0	251
SCAF_373_region	20282	252130	12.43	0	251
SCAF_374	20282	4161539	205.18	0	747
SCAF_374_region	20282	4161539	205.18	0	747
SCAF_375	20179	32774	1.62	0	53
SCAF_375_region	20179	32774	1.62	0	53
SCAF_376	20174	2713	0.13	0	3
SCAF_376_region	20174	2713	0.13	0	3
SCAF_377	20160	2948	0.15	0	2
SCAF_377_region	20160	2948	0.15	0	2
SCAF_378	20157	2773524	137.60	0	411
SCAF_378_region	20157	2773524	137.60	0	411
SCAF_379	20150	9799	0.49	0	5
SCAF_379_region	20150	9799	0.49	0	5
SCAF_380	20140	7259	0.36	0	6
SCAF_380_region	20140	7259	0.36	0	6
SCAF_381	20082	281	0.01	0	2
SCAF_381_region	20082	281	0.01	0	2
SCAF_382	20068	948	0.05	0	2
SCAF_382_region	20068	948	0.05	0	2
SCAF_383	20052	987	0.05	0	1
SCAF_383_region	20052	987	0.05	0	1
SCAF_384	20039	14205	0.71	0	5
SCAF_384_region	20039	14205	0.71	0	5
SCAF_385	20036	130	0.01	0	1
SCAF_385_region	20036	130	0.01	0	1
SCAF_386	20004	2959	0.15	0	3
SCAF_386_region	20004	2959	0.15	0	3
SCAF_387	19967	23985	1.20	0	53
SCAF_387_region	19967	23985	1.20	0	53
SCAF_388	19953	5709	0.29	0	4
SCAF_388_region	19953	5709	0.29	0	4
SCAF_389	19874	1019	0.05	0	2
SCAF_389_region	19874	1019	0.05	0	2
SCAF_390	19870	3803765	191.43	0	2314
SCAF_390_region	19870	3803765	191.43	0	2314
SCAF_391	19819	709	0.04	0	2
SCAF_391_region	19819	709	0.04	0	2
SCAF_392	19814	1110	0.06	0	2
SCAF_392_region	19814	1110	0.06	0	2
SCAF_393	19805	716	0.04	0	2
SCAF_393_region	19805	716	0.04	0	2
SCAF_394	19796	2197	0.11	0	3
SCAF_394_region	19796	2197	0.11	0	3
SCAF_395	19788	4637089	234.34	0	2219
SCAF_395_region	19788	4637089	234.34	0	2219
SCAF_396	19769	624	0.03	0	3
SCAF_396_region	19769	624	0.03	0	3
SCAF_397	19737	3037	0.15	0	6
SCAF_397_region	19737	3037	0.15	0	6
SCAF_398	19694	10796	0.55	0	4
SCAF_398_region	19694	10796	0.55	0	4
SCAF_399	19627	917	0.05	0	3
SCAF_399_region	19627	917	0.05	0	3
SCAF_400	19559	2733	0.14	0	3
SCAF_400_region	19559	2733	0.14	0	3
SCAF_401	19529	4302	0.22	0	3
SCAF_401_region	19529	4302	0.22	0	3
SCAF_402	19485	823	0.04	0	2
SCAF_402_region	19485	823	0.04	0	2
SCAF_403	19440	4652	0.24	0	13
SCAF_403_region	19440	4652	0.24	0	13
SCAF_404	19429	1606	0.08	0	2
SCAF_404_region	19429	1606	0.08	0	2
SCAF_405	19412	1780	0.09	0	3
SCAF_405_region	19412	1780	0.09	0	3
SCAF_406	19412	1858	0.10	0	3
SCAF_406_region	19412	1858	0.10	0	3
SCAF_407	19392	1532	0.08	0	4
SCAF_407_region	19392	1532	0.08	0	4
SCAF_408	19383	60	0.00	0	3
SCAF_408_region	19383	60	0.00	0	3
SCAF_409	19350	634	0.03	0	2
SCAF_409_region	19350	634	0.03	0	2
SCAF_410	19334	837	0.04	0	2
SCAF_410_region	19334	837	0.04	0	2
SCAF_411	19319	197	0.01	0	6
SCAF_411_region	19319	197	0.01	0	6
SCAF_412	19298	11818	0.61	0	5
SCAF_412_region	19298	11818	0.61	0	5
SCAF_413	19281	17777	0.92	0	6
SCAF_413_region	19281	17777	0.92	0	6
SCAF_414	19250	3308	0.17	0	3
SCAF_414_region	19250	3308	0.17	0	3
SCAF_415	19240	4523	0.24	0	6
SCAF_415_region	19240	4523	0.24	0	6
SCAF_416	19198	748	0.04	0	3
SCAF_416_region	19198	748	0.04	0	3
SCAF_417	19156	330	0.02	0	6
SCAF_417_region	19156	330	0.02	0	6
SCAF_418	19069	3005621	157.62	0	435
SCAF_418_region	19069	3005621	157.62	0	435
SCAF_419	19061	5981	0.31	0	3
SCAF_419_region	19061	5981	0.31	0	3
SCAF_420	19040	1275	0.07	0	4
SCAF_420_region	19040	1275	0.07	0	4
SCAF_421	19012	1781	0.09	0	2
SCAF_421_region	19012	1781	0.09	0	2
SCAF_422	18950	7228	0.38	0	3
SCAF_422_region	18950	7228	0.38	0	3
SCAF_423	18945	6756	0.36	0	4
SCAF_423_region	18945	6756	0.36	0	4
SCAF_424	18943	689	0.04	0	2
SCAF_424_region	18943	689	0.04	0	2
SCAF_425	18932	8033	0.42	0	7
SCAF_425_region	18932	8033	0.42	0	7
SCAF_426	18882	1678	0.09	0	3
SCAF_426_region	18882	1678	0.09	0	3
SCAF_427	18874	3740	0.20	0	7
SCAF_427_region	18874	3740	0.20	0	7
SCAF_428	18866	1066196	56.51	0	527
SCAF_428_region	18866	1066196	56.51	0	527
SCAF_429	18866	936	0.05	0	3
SCAF_429_region	18866	936	0.05	0	3
SCAF_430	18815	468	0.02	0	2
SCAF_430_region	18815	468	0.02	0	2
SCAF_431	18805	14952	0.80	0	11
SCAF_431_region	18805	14952	0.80	0	11
SCAF_432	18790	9665	0.51	0	5
SCAF_432_region	18790	9665	0.51	0	5
SCAF_433	18773	489	0.03	0	3
SCAF_433_region	18773	489	0.03	0	3
SCAF_434	18766	4606	0.25	0	8
SCAF_434_region	18766	4606	0.25	0	8
SCAF_435	18753	9357	0.50	0	6
SCAF_435_region	18753	9357	0.50	0	6
SCAF_436	18746	3996	0.21	0	3
SCAF_436_region	18746	3996	0.21	0	3
SCAF_437	18721	6161	0.33	0	4
SCAF_437_region	18721	6161	0.33	0	4
SCAF_438	18669	832	0.04	0	2
SCAF_438_region	18669	832	0.04	0	2
SCAF_439	18588	287940	15.49	0	596
SCAF_439_region	18588	287940	15.49	0	596
SCAF_440	18561	11744	0.63	0	115
SCAF_440_region	18561	11744	0.63	0	115
SCAF_441	18530	388	0.02	0	1
SCAF_441_region	18530	388	0.02	0	1
SCAF_442	18489	1433	0.08	0	2
SCAF_442_region	18489	1433	0.08	0	2
SCAF_443	18479	2186	0.12	0	5
SCAF_443_region	18479	2186	0.12	0	5
SCAF_444	18424	6672	0.36	0	4
SCAF_444_region	18424	6672	0.36	0	4
SCAF_445	18396	2759	0.15	0	2
SCAF_445_region	18396	2759	0.15	0	2
SCAF_446	18392	13421	0.73	0	5
SCAF_446_region	18392	13421	0.73	0	5
SCAF_447	18255	1202	0.07	0	6
SCAF_447_region	18255	1202	0.07	0	6
SCAF_448	18252	9404	0.52	0	5
SCAF_448_region	18252	9404	0.52	0	5
SCAF_449	18248	1843	0.10	0	4
SCAF_449_region	18248	1843	0.10	0	4
SCAF_450	18208	375	0.02	0	1
SCAF_450_region	18208	375	0.02	0	1
SCAF_451	18202	126076	6.93	0	117
SCAF_451_region	18202	126076	6.93	0	117
SCAF_452	18192	363	0.02	0	1
SCAF_452_region	18192	363	0.02	0	1
SCAF_453	18150	741	0.04	0	2
SCAF_453_region	18150	741	0.04	0	2
SCAF_454	18134	764	0.04	0	3
SCAF_454_region	18134	764	0.04	0	3
SCAF_455	18114	211	0.01	0	6
SCAF_455_region	18114	211	0.01	0	6
SCAF_456	18112	1476	0.08	0	4
SCAF_456_region	18112	1476	0.08	0	4
SCAF_457	18054	24604	1.36	0	8
SCAF_457_region	18054	24604	1.36	0	8
SCAF_458	18006	1074	0.06	0	3
SCAF_458_region	18006	1074	0.06	0	3
SCAF_459	18000	126	0.01	0	1
SCAF_459_region	18000	126	0.01	0	1
SCAF_460	17967	1603	0.09	0	4
SCAF_460_region	17967	1603	0.09	0	4
SCAF_461	17943	1633	0.09	0	4
SCAF_461_region	17943	1633	0.09	0	4
SCAF_462	17929	585474	32.66	0	631
SCAF_462_region	17929	585474	32.66	0	631
SCAF_463	17921	247	0.01	0	2
SCAF_463_region	17921	247	0.01	0	2
SCAF_464	17913	2350	0.13	0	2
SCAF_464_region	17913	2350	0.13	0	2
SCAF_465	17912	654	0.04	0	1
SCAF_465_region	17912	654	0.04	0	1
SCAF_466	17886	4988	0.28	0	4
SCAF_466_region	17886	4988	0.28	0	4
SCAF_467	17859	38655	2.16	0	114
SCAF_467_region	17859	38655	2.16	0	114
SCAF_468	17837	1181	0.07	0	6
SCAF_468_region	17837	1181	0.07	0	6
SCAF_469	17802	80	0.00	0	2
SCAF_469_region	17802	80	0.00	0	2
SCAF_470	17776	1359	0.08	0	3
SCAF_470_region	17776	1359	0.08	0	3
SCAF_471	17682	1189	0.07	0	4
SCAF_471_region	17682	1189	0.07	0	4
SCAF_472	17646	4117	0.23	0	3
SCAF_472_region	17646	4117	0.23	0	3
SCAF_473	17646	6459	0.37	0	4
SCAF_473_region	17646	6459	0.37	0	4
SCAF_474	17642	1996703	113.18	0	1778
SCAF_474_region	17642	1996703	113.18	0	1778
SCAF_475	17613	128185	7.28	0	129
SCAF_475_region	17613	128185	7.28	0	129
SCAF_476	17602	20235	1.15	0	199
SCAF_476_region	17602	20235	1.15	0	199
SCAF_477	17571	75	0.00	0	1
SCAF_477_region	17571	75	0.00	0	1
SCAF_478	17535	38	0.00	0	1
SCAF_478_region	17535	38	0.00	0	1
SCAF_479	17528	733	0.04	0	8
SCAF_479_region	17528	733	0.04	0	8
SCAF_480	17503	596	0.03	0	1
SCAF_480_region	17503	596	0.03	0	1
SCAF_481	17502	1565	0.09	0	3
SCAF_481_region	17502	1565	0.09	0	3
SCAF_482	17480	1119	0.06	0	3
SCAF_482_region	17480	1119	0.06	0	3
SCAF_483	17476	916	0.05	0	1
SCAF_483_region	17476	916	0.05	0	1
SCAF_484	17457	334709	19.17	0	390
SCAF_484_region	17457	334709	19.17	0	390
SCAF_485	17386	2115	0.12	0	2
SCAF_485_region	17386	2115	0.12	0	2
SCAF_486	17362	1837	0.11	0	3
SCAF_486_region	17362	1837	0.11	0	3
SCAF_487	17332	1505	0.09	0	8
SCAF_487_region	17332	1505	0.09	0	8
SCAF_488	17327	4093	0.24	0	4
SCAF_488_region	17327	4093	0.24	0	4
SCAF_489	17303	1659	0.10	0	2
SCAF_489_region	17303	1659	0.10	0	2
SCAF_490	17273	2333	0.14	0	3
SCAF_490_region	17273	2333	0.14	0	3
SCAF_491	17245	29561	1.71	0	80
SCAF_491_region	17245	29561	1.71	0	80
SCAF_492	17239	4820	0.28	0	4
SCAF_492_region	17239	4820	0.28	0	4
SCAF_493	17219	1895	0.11	0	2
SCAF_493_region	17219	1895	0.11	0	2
SCAF_494	17218	1888	0.11	0	4
SCAF_494_region	17218	1888	0.11	0	4
SCAF_495	17211	1322	0.08	0	3
SCAF_495_region	17211	1322	0.08	0	3
SCAF_496	17198	6938	0.40	0	41
SCAF_496_region	17198	6938	0.40	0	41
SCAF_497	17190	69	0.00	0	1
SCAF_497_region	17190	69	0.00	0	1
SCAF_498	17162	9175	0.53	0	4
SCAF_498_region	17162	9175	0.53	0	4
SCAF_499	17147	303	0.02	0	1
SCAF_499_region	17147	303	0.02	0	1
SCAF_500	17144	1152	0.07	0	2
SCAF_500_region	17144	1152	0.07	0	2
SCAF_501	17142	1132	0.07	0	5
SCAF_501_region	17142	1132	0.07	0	5
SCAF_502	17124	2453	0.14	0	4
SCAF_502_region	17124	2453	0.14	0	4
SCAF_503	17118	510	0.03	0	4
SCAF_503_region	17118	510	0.03	0	4
SCAF_504	17076	5923	0.35	0	4
SCAF_504_region	17076	5923	0.35	0	4
SCAF_505	17047	2583756	151.57	0	435
SCAF_505_region	17047	2583756	151.57	0	435
SCAF_506	17043	1015546	59.59	0	275
SCAF_506_region	17043	1015546	59.59	0	275
SCAF_507	17035	3364	0.20	0	6
SCAF_507_region	17035	3364	0.20	0	6
SCAF_508	17021	6549	0.38	0	4
SCAF_508_region	17021	6549	0.38	0	4
SCAF_509	16971	1952	0.12	0	3
SCAF_509_region	16971	1952	0.12	0	3
SCAF_510	16897	11943	0.71	0	7
SCAF_510_region	16897	11943	0.71	0	7
SCAF_511	16849	661	0.04	0	3
SCAF_511_region	16849	661	0.04	0	3
SCAF_512	16807	1932	0.11	0	2
SCAF_512_region	16807	1932	0.11	0	2
SCAF_513	16787	38	0.00	0	1
SCAF_513_region	16787	38	0.00	0	1
SCAF_514	16784	1546	0.09	0	4
SCAF_514_region	16784	1546	0.09	0	4
SCAF_515	16776	1819	0.11	0	2
SCAF_515_region	16776	1819	0.11	0	2
SCAF_516	16745	97	0.01	0	2
SCAF_516_region	16745	97	0.01	0	2
SCAF_517	16741	692	0.04	0	1
SCAF_517_region	16741	692	0.04	0	1
SCAF_518	16733	13794	0.82	0	5
SCAF_518_region	16733	13794	0.82	0	5
SCAF_519	16710	2517	0.15	0	6
SCAF_519_region	16710	2517	0.15	0	6
SCAF_520	16702	2134900	127.82	0	769
SCAF_520_region	16702	2134900	127.82	0	769
SCAF_521	16701	1691	0.10	0	2
SCAF_521_region	16701	1691	0.10	0	2
SCAF_522	16645	505	0.03	0	3
SCAF_522_region	16645	505	0.03	0	3
SCAF_523	16623	1191	0.07	0	2
SCAF_523_region	16623	1191	0.07	0	2
SCAF_524	16568	314	0.02	0	2
SCAF_524_region	16568	314	0.02	0	2
SCAF_525	16548	538	0.03	0	2
SCAF_525_region	16548	538	0.03	0	2
SCAF_526	16541	2200	0.13	0	3
SCAF_526_region	16541	2200	0.13	0	3
SCAF_527	16518	2588689	156.72	0	565
SCAF_527_region	16518	2588689	156.72	0	565
SCAF_528	16510	7212	0.44	0	72
SCAF_528_region	16510	7212	0.44	0	72
SCAF_529	16492	1360	0.08	0	3
SCAF_529_region	16492	1360	0.08	0	3
SCAF_530	16462	2751	0.17	0	3
SCAF_530_region	16462	2751	0.17	0	3
SCAF_531	16461	56	0.00	0	1
SCAF_531_region	16461	56	0.00	0	1
SCAF_532	16447	2919	0.18	0	5
SCAF_532_region	16447	2919	0.18	0	5
SCAF_533	16383	5566	0.34	0	8
SCAF_533_region	16383	5566	0.34	0	8
SCAF_534	16345	1721	0.11	0	3
SCAF_534_region	16345	1721	0.11	0	3
SCAF_535	16343	650	0.04	0	3
SCAF_535_region	16343	650	0.04	0	3
SCAF_536	16333	540	0.03	0	2
SCAF_536_region	16333	540	0.03	0	2
SCAF_537	16287	14840	0.91	0	6
SCAF_537_region	16287	14840	0.91	0	6
SCAF_538	16266	1863	0.11	0	4
SCAF_538_region	16266	1863	0.11	0	4
SCAF_540	16245	2191	0.13	0	3
SCAF_540_region	16245	2191	0.13	0	3
SCAF_541	16215	824	0.05	0	2
SCAF_541_region	16215	824	0.05	0	2
SCAF_542	16208	754	0.05	0	3
SCAF_542_region	16208	754	0.05	0	3
SCAF_543	16160	2949	0.18	0	4
SCAF_543_region	16160	2949	0.18	0	4
SCAF_544	16140	88	0.01	0	1
SCAF_544_region	16140	88	0.01	0	1
SCAF_545	16102	1437	0.09	0	2
SCAF_545_region	16102	1437	0.09	0	2
SCAF_546	16083	1294	0.08	0	2
SCAF_546_region	16083	1294	0.08	0	2
SCAF_547	16037	925	0.06	0	1
SCAF_547_region	16037	925	0.06	0	1
SCAF_548	16034	5259	0.33	0	5
SCAF_548_region	16034	5259	0.33	0	5
SCAF_549	16030	1435	0.09	0	2
SCAF_549_region	16030	1435	0.09	0	2
SCAF_550	16027	96	0.01	0	2
SCAF_550_region	16027	96	0.01	0	2
SCAF_551	15990	11250	0.70	0	5
SCAF_551_region	15990	11250	0.70	0	5
SCAF_552	15913	29676	1.86	0	10
SCAF_552_region	15913	29676	1.86	0	10
SCAF_553	15906	597	0.04	0	1
SCAF_553_region	15906	597	0.04	0	1
SCAF_554	15898	1153	0.07	0	1
SCAF_554_region	15898	1153	0.07	0	1
SCAF_555	15891	1511	0.10	0	3
SCAF_555_region	15891	1511	0.10	0	3
SCAF_556	15885	1306	0.08	0	1
SCAF_556_region	15885	1306	0.08	0	1
SCAF_557	15855	1288	0.08	0	3
SCAF_557_region	15855	1288	0.08	0	3
SCAF_558	15839	1275	0.08	0	3
SCAF_558_region	15839	1275	0.08	0	3
SCAF_559	15827	2426	0.15	0	2
SCAF_559_region	15827	2426	0.15	0	2
SCAF_560	15823	1551	0.10	0	3
SCAF_560_region	15823	1551	0.10	0	3
SCAF_561	15791	1686	0.11	0	1
SCAF_561_region	15791	1686	0.11	0	1
SCAF_562	15777	1335587	84.65	0	250
SCAF_562_region	15777	1335587	84.65	0	250
SCAF_563	15776	1299	0.08	0	3
SCAF_563_region	15776	1299	0.08	0	3
SCAF_564	15761	2208	0.14	0	4
SCAF_564_region	15761	2208	0.14	0	4
SCAF_565	15717	2541	0.16	0	4
SCAF_565_region	15717	2541	0.16	0	4
SCAF_566	15706	62	0.00	0	1
SCAF_566_region	15706	62	0.00	0	1
SCAF_567	15696	1219	0.08	0	2
SCAF_567_region	15696	1219	0.08	0	2
SCAF_568	15657	1268	0.08	0	4
SCAF_568_region	15657	1268	0.08	0	4
SCAF_569	15650	1279	0.08	0	3
SCAF_569_region	15650	1279	0.08	0	3
SCAF_570	15646	1424	0.09	0	1
SCAF_570_region	15646	1424	0.09	0	1
SCAF_571	15619	48	0.00	0	1
SCAF_571_region	15619	48	0.00	0	1
SCAF_572	15612	1670	0.11	0	2
SCAF_572_region	15612	1670	0.11	0	2
SCAF_573	15605	816	0.05	0	2
SCAF_573_region	15605	816	0.05	0	2
SCAF_574	15575	417	0.03	0	1
SCAF_574_region	15575	417	0.03	0	1
SCAF_575	15573	891	0.06	0	3
SCAF_575_region	15573	891	0.06	0	3
SCAF_576	15571	5102	0.33	0	7
SCAF_576_region	15571	5102	0.33	0	7
SCAF_577	15544	91	0.01	0	1
SCAF_577_region	15544	91	0.01	0	1
SCAF_578	15521	58	0.00	0	1
SCAF_578_region	15521	58	0.00	0	1
SCAF_579	15497	6829	0.44	0	58
SCAF_579_region	15497	6829	0.44	0	58
SCAF_580	15481	731	0.05	0	4
SCAF_580_region	15481	731	0.05	0	4
SCAF_581	15458	4470	0.29	0	4
SCAF_581_region	15458	4470	0.29	0	4
SCAF_582	15439	1127	0.07	0	2
SCAF_582_region	15439	1127	0.07	0	2
SCAF_583	15421	1991	0.13	0	3
SCAF_583_region	15421	1991	0.13	0	3
SCAF_584	15337	2399	0.16	0	3
SCAF_584_region	15337	2399	0.16	0	3
SCAF_585	15336	1027	0.07	0	2
SCAF_585_region	15336	1027	0.07	0	2
SCAF_586	15301	8377	0.55	0	6
SCAF_586_region	15301	8377	0.55	0	6
SCAF_587	15300	1060615	69.32	0	1558
SCAF_587_region	15300	1060615	69.32	0	1558
SCAF_588	15298	415	0.03	0	1
SCAF_588_region	15298	415	0.03	0	1
SCAF_589	15238	2308	0.15	0	3
SCAF_589_region	15238	2308	0.15	0	3
SCAF_590	15205	20099	1.32	0	8
SCAF_590_region	15205	20099	1.32	0	8
SCAF_591	15162	12094	0.80	0	6
SCAF_591_region	15162	12094	0.80	0	6
SCAF_592	15154	8459	0.56	0	4
SCAF_592_region	15154	8459	0.56	0	4
SCAF_593	15087	6312	0.42	0	4
SCAF_593_region	15087	6312	0.42	0	4
SCAF_594	15082	7851	0.52	0	4
SCAF_594_region	15082	7851	0.52	0	4
SCAF_595	15055	14637	0.97	0	8
SCAF_595_region	15055	14637	0.97	0	8
SCAF_596	15045	562	0.04	0	3
SCAF_596_region	15045	562	0.04	0	3
SCAF_597	15030	4086	0.27	0	3
SCAF_597_region	15030	4086	0.27	0	3
SCAF_598	15027	1410	0.09	0	11
SCAF_598_region	15027	1410	0.09	0	11
SCAF_599	15000	11828	0.79	0	4
SCAF_599_region	15000	11828	0.79	0	4
SCAF_600	14995	538	0.04	0	1
SCAF_600_region	14995	538	0.04	0	1
SCAF_601	14985	663	0.04	0	1
SCAF_601_region	14985	663	0.04	0	1
SCAF_602	14930	1468	0.10	0	2
SCAF_602_region	14930	1468	0.10	0	2
SCAF_603	14898	217	0.01	0	1
SCAF_603_region	14898	217	0.01	0	1
SCAF_604	14863	1059	0.07	0	1
SCAF_604_region	14863	1059	0.07	0	1
SCAF_605	14840	293	0.02	0	1
SCAF_605_region	14840	293	0.02	0	1
SCAF_606	14808	70	0.00	0	1
SCAF_606_region	14808	70	0.00	0	1
SCAF_607	14807	5780	0.39	0	6
SCAF_607_region	14807	5780	0.39	0	6
SCAF_608	14785	1730	0.12	0	3
SCAF_608_region	14785	1730	0.12	0	3
SCAF_609	14742	428983	29.10	0	755
SCAF_609_region	14742	428983	29.10	0	755
SCAF_610	14738	2086	0.14	0	3
SCAF_610_region	14738	2086	0.14	0	3
SCAF_611	14737	8825	0.60	0	6
SCAF_611_region	14737	8825	0.60	0	6
SCAF_612	14712	804199	54.66	0	408
SCAF_612_region	14712	804199	54.66	0	408
SCAF_613	14708	958	0.07	0	4
SCAF_613_region	14708	958	0.07	0	4
SCAF_614	14694	5626	0.38	0	96
SCAF_614_region	14694	5626	0.38	0	96
SCAF_615	14684	1619	0.11	0	9
SCAF_615_region	14684	1619	0.11	0	9
SCAF_616	14676	19	0.00	0	1
SCAF_616_region	14676	19	0.00	0	1
SCAF_617	14662	533	0.04	0	2
SCAF_617_region	14662	533	0.04	0	2
SCAF_618	14658	1051	0.07	0	2
SCAF_618_region	14658	1051	0.07	0	2
SCAF_619	14650	45224	3.09	0	194
SCAF_619_region	14650	45224	3.09	0	194
SCAF_620	14639	505	0.03	0	3
SCAF_620_region	14639	505	0.03	0	3
SCAF_621	14614	454920	31.13	0	344
SCAF_621_region	14614	454920	31.13	0	344
SCAF_622	14596	14369	0.98	0	18
SCAF_622_region	14596	14369	0.98	0	18
SCAF_623	14590	3223	0.22	0	3
SCAF_623_region	14590	3223	0.22	0	3
SCAF_624	14581	60	0.00	0	1
SCAF_624_region	14581	60	0.00	0	1
SCAF_625	14547	658	0.05	0	3
SCAF_625_region	14547	658	0.05	0	3
SCAF_626	14527	2302	0.16	0	6
SCAF_626_region	14527	2302	0.16	0	6
SCAF_627	14523	701	0.05	0	1
SCAF_627_region	14523	701	0.05	0	1
SCAF_628	14498	2310	0.16	0	4
SCAF_628_region	14498	2310	0.16	0	4
SCAF_629	14453	1401	0.10	0	3
SCAF_629_region	14453	1401	0.10	0	3
SCAF_630	14414	267	0.02	0	2
SCAF_630_region	14414	267	0.02	0	2
SCAF_631	14395	73	0.01	0	1
SCAF_631_region	14395	73	0.01	0	1
SCAF_632	14385	3278	0.23	0	3
SCAF_632_region	14385	3278	0.23	0	3
SCAF_633	14371	718	0.05	0	2
SCAF_633_region	14371	718	0.05	0	2
SCAF_634	14371	884	0.06	0	2
SCAF_634_region	14371	884	0.06	0	2
SCAF_635	14280	22254	1.56	0	30
SCAF_635_region	14280	22254	1.56	0	30
SCAF_636	14276	1057	0.07	0	3
SCAF_636_region	14276	1057	0.07	0	3
SCAF_637	14236	5183	0.36	0	3
SCAF_637_region	14236	5183	0.36	0	3
SCAF_638	14229	1727	0.12	0	2
SCAF_638_region	14229	1727	0.12	0	2
SCAF_640	14111	2684	0.19	0	4
SCAF_640_region	14111	2684	0.19	0	4
SCAF_641	14088	1167	0.08	0	4
SCAF_641_region	14088	1167	0.08	0	4
SCAF_642	14005	1956	0.14	0	2
SCAF_642_region	14005	1956	0.14	0	2
SCAF_643	13977	1560819	111.67	0	346
SCAF_643_region	13977	1560819	111.67	0	346
SCAF_644	13890	667	0.05	0	2
SCAF_644_region	13890	667	0.05	0	2
SCAF_645	13875	637	0.05	0	1
SCAF_645_region	13875	637	0.05	0	1
SCAF_646	13874	8850	0.64	0	5
SCAF_646_region	13874	8850	0.64	0	5
SCAF_647	13848	876	0.06	0	2
SCAF_647_region	13848	876	0.06	0	2
SCAF_648	13847	5333	0.39	0	26
SCAF_648_region	13847	5333	0.39	0	26
SCAF_649	13838	2352	0.17	0	3
SCAF_649_region	13838	2352	0.17	0	3
SCAF_650	13812	1488	0.11	0	3
SCAF_650_region	13812	1488	0.11	0	3
SCAF_651	13758	13118	0.95	0	5
SCAF_651_region	13758	13118	0.95	0	5
SCAF_652	13727	835	0.06	0	3
SCAF_652_region	13727	835	0.06	0	3
SCAF_653	13703	436	0.03	0	3
SCAF_653_region	13703	436	0.03	0	3
SCAF_655	13677	210	0.02	0	1
SCAF_655_region	13677	210	0.02	0	1
SCAF_656	13622	812	0.06	0	2
SCAF_656_region	13622	812	0.06	0	2
SCAF_657	13584	68	0.01	0	1
SCAF_657_region	13584	68	0.01	0	1
SCAF_658	13583	893	0.07	0	3
SCAF_658_region	13583	893	0.07	0	3
SCAF_659	13535	581	0.04	0	1
SCAF_659_region	13535	581	0.04	0	1
SCAF_661	13499	305	0.02	0	1
SCAF_661_region	13499	305	0.02	0	1
SCAF_662	13464	298	0.02	0	5
SCAF_662_region	13464	298	0.02	0	5
SCAF_663	13438	1066	0.08	0	2
SCAF_663_region	13438	1066	0.08	0	2
SCAF_664	13385	1118549	83.57	0	423
SCAF_664_region	13385	1118549	83.57	0	423
SCAF_665	13357	101	0.01	0	1
SCAF_665_region	13357	101	0.01	0	1
SCAF_666	13330	516	0.04	0	2
SCAF_666_region	13330	516	0.04	0	2
SCAF_667	13327	5742	0.43	0	14
SCAF_667_region	13327	5742	0.43	0	14
SCAF_668	13319	1842	0.14	0	3
SCAF_668_region	13319	1842	0.14	0	3
SCAF_669	13303	4671	0.35	0	6
SCAF_669_region	13303	4671	0.35	0	6
SCAF_670	13293	1597	0.12	0	3
SCAF_670_region	13293	1597	0.12	0	3
SCAF_671	13288	10612	0.80	0	5
SCAF_671_region	13288	10612	0.80	0	5
SCAF_672	13266	1945	0.15	0	3
SCAF_672_region	13266	1945	0.15	0	3
SCAF_673	13189	14675	1.11	0	97
SCAF_673_region	13189	14675	1.11	0	97
SCAF_674	13149	5074	0.39	0	7
SCAF_674_region	13149	5074	0.39	0	7
SCAF_675	13128	3491	0.27	0	8
SCAF_675_region	13128	3491	0.27	0	8
SCAF_676	13120	4586	0.35	0	3
SCAF_676_region	13120	4586	0.35	0	3
SCAF_677	13080	22863	1.75	0	194
SCAF_677_region	13080	22863	1.75	0	194
SCAF_678	13050	341	0.03	0	1
SCAF_678_region	13050	341	0.03	0	1
SCAF_679	13043	454	0.03	0	1
SCAF_679_region	13043	454	0.03	0	1
SCAF_680	13008	1677	0.13	0	3
SCAF_680_region	13008	1677	0.13	0	3
SCAF_681	13001	132	0.01	0	2
SCAF_681_region	13001	132	0.01	0	2
SCAF_682	12997	6444	0.50	0	4
SCAF_682_region	12997	6444	0.50	0	4
SCAF_683	12986	346	0.03	0	2
SCAF_683_region	12986	346	0.03	0	2
SCAF_684	12871	464	0.04	0	2
SCAF_684_region	12871	464	0.04	0	2
SCAF_685	12842	716	0.06	0	2
SCAF_685_region	12842	716	0.06	0	2
SCAF_686	12830	922	0.07	0	2
SCAF_686_region	12830	922	0.07	0	2
SCAF_687	12781	491	0.04	0	2
SCAF_687_region	12781	491	0.04	0	2
SCAF_688	12768	3477	0.27	0	7
SCAF_688_region	12768	3477	0.27	0	7
SCAF_689	12768	1496	0.12	0	5
SCAF_689_region	12768	1496	0.12	0	5
SCAF_690	12764	1131	0.09	0	2
SCAF_690_region	12764	1131	0.09	0	2
SCAF_691	12677	20	0.00	0	1
SCAF_691_region	12677	20	0.00	0	1
SCAF_692	12675	38	0.00	0	2
SCAF_692_region	12675	38	0.00	0	2
SCAF_693	12651	322	0.03	0	1
SCAF_693_region	12651	322	0.03	0	1
SCAF_694	12646	815	0.06	0	2
SCAF_694_region	12646	815	0.06	0	2
SCAF_695	12643	10232	0.81	0	5
SCAF_695_region	12643	10232	0.81	0	5
SCAF_696	12633	1201	0.10	0	3
SCAF_696_region	12633	1201	0.10	0	3
SCAF_697	12625	1016	0.08	0	4
SCAF_697_region	12625	1016	0.08	0	4
SCAF_698	12617	188	0.01	0	1
SCAF_698_region	12617	188	0.01	0	1
SCAF_699	12540	584	0.05	0	3
SCAF_699_region	12540	584	0.05	0	3
SCAF_701	12482	58	0.00	0	1
SCAF_701_region	12482	58	0.00	0	1
SCAF_702	12461	1012	0.08	0	3
SCAF_702_region	12461	1012	0.08	0	3
SCAF_703	12456	6935	0.56	0	4
SCAF_703_region	12456	6935	0.56	0	4
SCAF_704	12456	467	0.04	0	3
SCAF_704_region	12456	467	0.04	0	3
SCAF_705	12358	534	0.04	0	2
SCAF_705_region	12358	534	0.04	0	2
SCAF_706	12350	13211	1.07	0	6
SCAF_706_region	12350	13211	1.07	0	6
SCAF_707	12343	665	0.05	0	3
SCAF_707_region	12343	665	0.05	0	3
SCAF_708	12333	40	0.00	0	2
SCAF_708_region	12333	40	0.00	0	2
SCAF_709	12319	1689196	137.12	0	586
SCAF_709_region	12319	1689196	137.12	0	586
SCAF_710	12288	45	0.00	0	1
SCAF_710_region	12288	45	0.00	0	1
SCAF_711	12252	14919	1.22	0	7
SCAF_711_region	12252	14919	1.22	0	7
SCAF_712	12218	57126	4.68	0	153
SCAF_712_region	12218	57126	4.68	0	153
SCAF_713	12177	12491	1.03	0	4
SCAF_713_region	12177	12491	1.03	0	4
SCAF_714	12167	255	0.02	0	1
SCAF_714_region	12167	255	0.02	0	1
SCAF_715	12163	151	0.01	0	1
SCAF_715_region	12163	151	0.01	0	1
SCAF_716	12143	1278	0.11	0	2
SCAF_716_region	12143	1278	0.11	0	2
SCAF_717	12102	1021	0.08	0	3
SCAF_717_region	12102	1021	0.08	0	3
SCAF_718	12099	7067	0.58	0	4
SCAF_718_region	12099	7067	0.58	0	4
SCAF_719	12095	383	0.03	0	1
SCAF_719_region	12095	383	0.03	0	1
SCAF_720	12085	2786	0.23	0	4
SCAF_720_region	12085	2786	0.23	0	4
SCAF_721	12078	181	0.01	0	1
SCAF_721_region	12078	181	0.01	0	1
SCAF_722	12066	2889	0.24	0	2
SCAF_722_region	12066	2889	0.24	0	2
SCAF_723	12015	919	0.08	0	1
SCAF_723_region	12015	919	0.08	0	1
SCAF_724	12004	822	0.07	0	1
SCAF_724_region	12004	822	0.07	0	1
SCAF_725	11949	1953	0.16	0	5
SCAF_725_region	11949	1953	0.16	0	5
SCAF_726	11911	486	0.04	0	1
SCAF_726_region	11911	486	0.04	0	1
SCAF_727	11900	194	0.02	0	2
SCAF_727_region	11900	194	0.02	0	2
SCAF_728	11869	3866	0.33	0	9
SCAF_728_region	11869	3866	0.33	0	9
SCAF_729	11788	18587	1.58	0	9
SCAF_729_region	11788	18587	1.58	0	9
SCAF_730	11785	350	0.03	0	1
SCAF_730_region	11785	350	0.03	0	1
SCAF_731	11750	2680	0.23	0	3
SCAF_731_region	11750	2680	0.23	0	3
SCAF_732	11699	440	0.04	0	3
SCAF_732_region	11699	440	0.04	0	3
SCAF_733	11674	164	0.01	0	1
SCAF_733_region	11674	164	0.01	0	1
SCAF_734	11658	2145	0.18	0	4
SCAF_734_region	11658	2145	0.18	0	4
SCAF_735	11648	10578	0.91	0	6
SCAF_735_region	11648	10578	0.91	0	6
SCAF_736	11642	1640	0.14	0	2
SCAF_736_region	11642	1640	0.14	0	2
SCAF_737	11612	216	0.02	0	2
SCAF_737_region	11612	216	0.02	0	2
SCAF_738	11595	21	0.00	0	1
SCAF_738_region	11595	21	0.00	0	1
SCAF_739	11525	8295	0.72	0	35
SCAF_739_region	11525	8295	0.72	0	35
SCAF_740	11505	997	0.09	0	4
SCAF_740_region	11505	997	0.09	0	4
SCAF_741	11492	1051	0.09	0	3
SCAF_741_region	11492	1051	0.09	0	3
SCAF_742	11467	3956531	345.04	0	1085
SCAF_742_region	11467	3956531	345.04	0	1085
SCAF_744	11377	553	0.05	0	2
SCAF_744_region	11377	553	0.05	0	2
SCAF_745	11364	762	0.07	0	2
SCAF_745_region	11364	762	0.07	0	2
SCAF_746	11318	92	0.01	0	1
SCAF_746_region	11318	92	0.01	0	1
SCAF_747	11311	2715	0.24	0	26
SCAF_747_region	11311	2715	0.24	0	26
SCAF_748	11306	1340	0.12	0	3
SCAF_748_region	11306	1340	0.12	0	3
SCAF_749	11299	2462	0.22	0	4
SCAF_749_region	11299	2462	0.22	0	4
SCAF_750	11284	1071	0.09	0	2
SCAF_750_region	11284	1071	0.09	0	2
SCAF_751	11276	247	0.02	0	2
SCAF_751_region	11276	247	0.02	0	2
SCAF_752	11267	184	0.02	0	1
SCAF_752_region	11267	184	0.02	0	1
SCAF_753	11254	405	0.04	0	1
SCAF_753_region	11254	405	0.04	0	1
SCAF_754	11236	9281	0.83	0	12
SCAF_754_region	11236	9281	0.83	0	12
SCAF_755	11231	113	0.01	0	1
SCAF_755_region	11231	113	0.01	0	1
SCAF_756	11200	7749	0.69	0	9
SCAF_756_region	11200	7749	0.69	0	9
SCAF_757	11195	1792	0.16	0	3
SCAF_757_region	11195	1792	0.16	0	3
SCAF_758	11126	653	0.06	0	2
SCAF_758_region	11126	653	0.06	0	2
SCAF_759	11118	525	0.05	0	1
SCAF_759_region	11118	525	0.05	0	1
SCAF_760	11100	469	0.04	0	3
SCAF_760_region	11100	469	0.04	0	3
SCAF_761	11097	1496	0.13	0	3
SCAF_761_region	11097	1496	0.13	0	3
SCAF_762	11029	368	0.03	0	1
SCAF_762_region	11029	368	0.03	0	1
SCAF_763	11019	2465	0.22	0	3
SCAF_763_region	11019	2465	0.22	0	3
SCAF_764	10979	150520	13.71	0	279
SCAF_764_region	10979	150520	13.71	0	279
SCAF_766	10940	1562	0.14	0	4
SCAF_766_region	10940	1562	0.14	0	4
SCAF_767	10913	689	0.06	0	3
SCAF_767_region	10913	689	0.06	0	3
SCAF_768	10886	3462	0.32	0	2
SCAF_768_region	10886	3462	0.32	0	2
SCAF_769	10867	156	0.01	0	1
SCAF_769_region	10867	156	0.01	0	1
SCAF_770	10816	80	0.01	0	1
SCAF_770_region	10816	80	0.01	0	1
SCAF_772	10709	524	0.05	0	3
SCAF_772_region	10709	524	0.05	0	3
SCAF_773	10688	26113	2.44	0	39
SCAF_773_region	10688	26113	2.44	0	39
SCAF_774	10648	2768	0.26	0	3
SCAF_774_region	10648	2768	0.26	0	3
SCAF_776	10612	158	0.01	0	2
SCAF_776_region	10612	158	0.01	0	2
SCAF_777	10608	9429	0.89	0	6
SCAF_777_region	10608	9429	0.89	0	6
SCAF_778	10604	385	0.04	0	1
SCAF_778_region	10604	385	0.04	0	1
SCAF_779	10578	238	0.02	0	1
SCAF_779_region	10578	238	0.02	0	1
SCAF_780	10571	39	0.00	0	1
SCAF_780_region	10571	39	0.00	0	1
SCAF_781	10511	189	0.02	0	1
SCAF_781_region	10511	189	0.02	0	1
SCAF_782	10492	21	0.00	0	1
SCAF_782_region	10492	21	0.00	0	1
SCAF_783	10421	1446	0.14	0	2
SCAF_783_region	10421	1446	0.14	0	2
SCAF_784	10379	6904	0.67	0	3
SCAF_784_region	10379	6904	0.67	0	3
SCAF_785	10337	1358	0.13	0	4
SCAF_785_region	10337	1358	0.13	0	4
SCAF_786	10326	2805	0.27	0	4
SCAF_786_region	10326	2805	0.27	0	4
SCAF_787	10326	314	0.03	0	2
SCAF_787_region	10326	314	0.03	0	2
SCAF_788	10316	204	0.02	0	4
SCAF_788_region	10316	204	0.02	0	4
SCAF_789	10256	19	0.00	0	1
SCAF_789_region	10256	19	0.00	0	1
SCAF_790	10228	1031	0.10	0	1
SCAF_790_region	10228	1031	0.10	0	1
SCAF_791	10185	331	0.03	0	1
SCAF_791_region	10185	331	0.03	0	1
SCAF_792	10184	3399	0.33	0	3
SCAF_792_region	10184	3399	0.33	0	3
SCAF_793	10160	3296	0.32	0	2
SCAF_793_region	10160	3296	0.32	0	2
SCAF_794	10147	114	0.01	0	1
SCAF_794_region	10147	114	0.01	0	1
SCAF_795	10110	317	0.03	0	2
SCAF_795_region	10110	317	0.03	0	2
SCAF_797	10015	8550	0.85	0	58
SCAF_797_region	10015	8550	0.85	0	58
SCAF_798	10012	1415	0.14	0	3
SCAF_798_region	10012	1415	0.14	0	3
SCAF_799	9978	4304	0.43	0	4
SCAF_799_region	9978	4304	0.43	0	4
SCAF_800	9947	50784	5.11	0	393
SCAF_800_region	9947	50784	5.11	0	393
SCAF_801	9941	558	0.06	0	2
SCAF_801_region	9941	558	0.06	0	2
SCAF_803	9879	1222	0.12	0	2
SCAF_803_region	9879	1222	0.12	0	2
SCAF_804	9861	2995	0.30	0	4
SCAF_804_region	9861	2995	0.30	0	4
SCAF_805	9859	60	0.01	0	1
SCAF_805_region	9859	60	0.01	0	1
SCAF_806	9855	980	0.10	0	2
SCAF_806_region	9855	980	0.10	0	2
SCAF_807	9792	2355	0.24	0	3
SCAF_807_region	9792	2355	0.24	0	3
SCAF_808	9784	336	0.03	0	1
SCAF_808_region	9784	336	0.03	0	1
SCAF_809	9773	2166	0.22	0	4
SCAF_809_region	9773	2166	0.22	0	4
SCAF_810	9756	19	0.00	0	1
SCAF_810_region	9756	19	0.00	0	1
SCAF_811	9753	3374	0.35	0	5
SCAF_811_region	9753	3374	0.35	0	5
SCAF_812	9719	255	0.03	0	1
SCAF_812_region	9719	255	0.03	0	1
SCAF_813	9715	255	0.03	0	1
SCAF_813_region	9715	255	0.03	0	1
SCAF_814	9708	1877	0.19	0	3
SCAF_814_region	9708	1877	0.19	0	3
SCAF_815	9700	806	0.08	0	2
SCAF_815_region	9700	806	0.08	0	2
SCAF_816	9673	99	0.01	0	1
SCAF_816_region	9673	99	0.01	0	1
SCAF_817	9638	1232	0.13	0	3
SCAF_817_region	9638	1232	0.13	0	3
SCAF_818	9601	1623	0.17	0	3
SCAF_818_region	9601	1623	0.17	0	3
SCAF_819	9601	368	0.04	0	2
SCAF_819_region	9601	368	0.04	0	2
SCAF_820	9550	453919	47.53	0	142
SCAF_820_region	9550	453919	47.53	0	142
SCAF_821	9533	775	0.08	0	1
SCAF_821_region	9533	775	0.08	0	1
SCAF_822	9498	593	0.06	0	2
SCAF_822_region	9498	593	0.06	0	2
SCAF_823	9466	1929000	203.78	0	762
SCAF_823_region	9466	1929000	203.78	0	762
SCAF_824	9457	19	0.00	0	1
SCAF_824_region	9457	19	0.00	0	1
SCAF_825	9446	258	0.03	0	3
SCAF_825_region	9446	258	0.03	0	3
SCAF_826	9385	5102	0.54	0	5
SCAF_826_region	9385	5102	0.54	0	5
SCAF_827	9376	2018	0.22	0	4
SCAF_827_region	9376	2018	0.22	0	4
SCAF_828	9365	147	0.02	0	1
SCAF_828_region	9365	147	0.02	0	1
SCAF_829	9320	824	0.09	0	6
SCAF_829_region	9320	824	0.09	0	6
SCAF_830	9303	529	0.06	0	2
SCAF_830_region	9303	529	0.06	0	2
SCAF_831	9295	150	0.02	0	1
SCAF_831_region	9295	150	0.02	0	1
SCAF_832	9282	479	0.05	0	2
SCAF_832_region	9282	479	0.05	0	2
SCAF_834	9159	175903	19.21	0	932
SCAF_834_region	9159	175903	19.21	0	932
SCAF_835	9159	2081	0.23	0	2
SCAF_835_region	9159	2081	0.23	0	2
SCAF_836	9157	1741	0.19	0	6
SCAF_836_region	9157	1741	0.19	0	6
SCAF_837	9095	125	0.01	0	5
SCAF_837_region	9095	125	0.01	0	5
SCAF_838	9078	1310	0.14	0	3
SCAF_838_region	9078	1310	0.14	0	3
SCAF_839	9057	3373	0.37	0	4
SCAF_839_region	9057	3373	0.37	0	4
SCAF_840	9014	626	0.07	0	1
SCAF_840_region	9014	626	0.07	0	1
SCAF_841	8986	2533	0.28	0	3
SCAF_841_region	8986	2533	0.28	0	3
SCAF_842	8986	163	0.02	0	1
SCAF_842_region	8986	163	0.02	0	1
SCAF_843	8952	120	0.01	0	6
SCAF_843_region	8952	120	0.01	0	6
SCAF_844	8935	11089	1.24	0	285
SCAF_844_region	8935	11089	1.24	0	285
SCAF_845	8927	3400	0.38	0	3
SCAF_845_region	8927	3400	0.38	0	3
SCAF_846	8908	16357	1.84	0	35
SCAF_846_region	8908	16357	1.84	0	35
SCAF_847	8868	984	0.11	0	2
SCAF_847_region	8868	984	0.11	0	2
SCAF_848	8867	19	0.00	0	1
SCAF_848_region	8867	19	0.00	0	1
SCAF_849	8825	939	0.11	0	3
SCAF_849_region	8825	939	0.11	0	3
SCAF_850	8771	284	0.03	0	1
SCAF_850_region	8771	284	0.03	0	1
SCAF_851	8703	1385	0.16	0	6
SCAF_851_region	8703	1385	0.16	0	6
SCAF_856	8617	1653933	191.94	0	550
SCAF_856_region	8617	1653933	191.94	0	550
SCAF_857	8469	1741	0.21	0	4
SCAF_857_region	8469	1741	0.21	0	4
SCAF_860	8390	411	0.05	0	1
SCAF_860_region	8390	411	0.05	0	1
SCAF_862	8342	710677	85.19	0	2963
SCAF_862_region	8342	710677	85.19	0	2963
SCAF_864	8258	879	0.11	0	2
SCAF_864_region	8258	879	0.11	0	2
SCAF_865	8103	700	0.09	0	1
SCAF_865_region	8103	700	0.09	0	1
SCAF_866	8034	170	0.02	0	1
SCAF_866_region	8034	170	0.02	0	1
SCAF_867	8027	1575	0.20	0	3
SCAF_867_region	8027	1575	0.20	0	3
SCAF_868	8017	1125	0.14	0	3
SCAF_868_region	8017	1125	0.14	0	3
SCAF_869	8015	324	0.04	0	2
SCAF_869_region	8015	324	0.04	0	2
SCAF_870	8015	380	0.05	0	1
SCAF_870_region	8015	380	0.05	0	1
SCAF_871	8000	19	0.00	0	1
SCAF_871_region	8000	19	0.00	0	1
SCAF_872	7790	817	0.10	0	3
SCAF_872_region	7790	817	0.10	0	3
SCAF_874	7763	4416	0.57	0	4
SCAF_874_region	7763	4416	0.57	0	4
SCAF_876	7701	3002	0.39	0	3
SCAF_876_region	7701	3002	0.39	0	3
SCAF_877	7680	19	0.00	0	1
SCAF_877_region	7680	19	0.00	0	1
SCAF_878	7622	1105	0.14	0	2
SCAF_878_region	7622	1105	0.14	0	2
SCAF_879	7582	750	0.10	0	3
SCAF_879_region	7582	750	0.10	0	3
SCAF_880	7559	1616	0.21	0	3
SCAF_880_region	7559	1616	0.21	0	3
SCAF_881	7416	2124201	286.43	0	7346
SCAF_881_region	7416	2124201	286.43	0	7346
SCAF_882	7394	3838	0.52	0	3
SCAF_882_region	7394	3838	0.52	0	3
SCAF_883	7363	698	0.09	0	2
SCAF_883_region	7363	698	0.09	0	2
SCAF_884	7338	598	0.08	0	2
SCAF_884_region	7338	598	0.08	0	2
SCAF_885	7324	71	0.01	0	1
SCAF_885_region	7324	71	0.01	0	1
SCAF_886	7276	34	0.00	0	1
SCAF_886_region	7276	34	0.00	0	1
SCAF_887	7242	301	0.04	0	1
SCAF_887_region	7242	301	0.04	0	1
SCAF_888	7231	737	0.10	0	2
SCAF_888_region	7231	737	0.10	0	2
SCAF_890	7142	193	0.03	0	1
SCAF_890_region	7142	193	0.03	0	1
SCAF_891	7028	1085	0.15	0	2
SCAF_891_region	7028	1085	0.15	0	2
SCAF_892	7025	691	0.10	0	2
SCAF_892_region	7025	691	0.10	0	2
SCAF_893	7015	834	0.12	0	2
SCAF_893_region	7015	834	0.12	0	2
SCAF_894	6958	970	0.14	0	3
SCAF_894_region	6958	970	0.14	0	3
SCAF_895	6948	490	0.07	0	1
SCAF_895_region	6948	490	0.07	0	1
SCAF_896	6829	525621	76.97	0	324
SCAF_896_region	6829	525621	76.97	0	324
SCAF_897	6804	288	0.04	0	1
SCAF_897_region	6804	288	0.04	0	1
SCAF_898	6754	31802	4.71	0	346
SCAF_898_region	6754	31802	4.71	0	346
SCAF_899	6732	1023	0.15	0	3
SCAF_899_region	6732	1023	0.15	0	3
SCAF_900	6698	284	0.04	0	1
SCAF_900_region	6698	284	0.04	0	1
SCAF_901	6642	276	0.04	0	1
SCAF_901_region	6642	276	0.04	0	1
SCAF_902	6588	2628	0.40	0	6
SCAF_902_region	6588	2628	0.40	0	6
SCAF_903	6549	4432	0.68	0	6
SCAF_903_region	6549	4432	0.68	0	6
SCAF_904	6496	2804	0.43	0	4
SCAF_904_region	6496	2804	0.43	0	4
SCAF_905	6483	20	0.00	0	1
SCAF_905_region	6483	20	0.00	0	1
SCAF_907	6367	1021	0.16	0	3
SCAF_907_region	6367	1021	0.16	0	3
SCAF_908	6228	3140519	504.26	0	2440
SCAF_908_region	6228	3140519	504.26	0	2440
SCAF_909	6173	300	0.05	0	1
SCAF_909_region	6173	300	0.05	0	1
SCAF_910	6170	53	0.01	0	1
SCAF_910_region	6170	53	0.01	0	1
SCAF_911	6077	188	0.03	0	2
SCAF_911_region	6077	188	0.03	0	2
SCAF_912	6073	418	0.07	0	2
SCAF_912_region	6073	418	0.07	0	2
SCAF_913	6059	445333	73.50	0	337
SCAF_913_region	6059	445333	73.50	0	337
SCAF_914	6001	90	0.01	0	1
SCAF_914_region	6001	90	0.01	0	1
SCAF_915	5869	30327	5.17	0	98
SCAF_915_region	5869	30327	5.17	0	98
SCAF_916	5803	260	0.04	0	1
SCAF_916_region	5803	260	0.04	0	1
SCAF_917	5661	1384	0.24	0	3
SCAF_917_region	5661	1384	0.24	0	3
SCAF_918	5277	230	0.04	0	2
SCAF_918_region	5277	230	0.04	0	2
total	51253296	2544159470	49.64	0	238734
total_region	51253296	2544159470	49.64	0	238734
